text
"['\nIII. 재무에 관한 사항\n1. 요약재무정보\n- 연결 재무제표는 2020년 12월 18일 지주회사의 행위제한 위반 해소를 위해 금융\xa0\xa0 회사인 효성캐피탈(주)를 매각함에 따라 해당 사업 부문(금융부문)을 중단영업손익으\xa0\xa0 로 분류(제65기~제66기)하였습니다.\xa0\xa0 또한, 당사의 2019년 1월 1일자 지주사 전환으로 2019년부터 지분법 평가손익을 매출\xa0\xa0 액으로 인식하였습니다.- 별도 재무제표의 경우, 2020년 1월부터 종속ㆍ관계ㆍ공동기업 투자의 평가방법을 원\xa0\xa0 가법에서 지분법으로 변경하였습니다. 이에 따라, 당사 사업 구조의 비교 가능성을 위\xa0\xa0 해 동 회계정책의 변경을 소급하여 제65기(2019년) 재무제표를 재작성하였으며, 제65\xa0\xa0 기(2019년) 포괄손익계산서는 감사 받지 아니한 자료임을 안내드립니다.\n가. 요약 연결 재무정보\n(단위 : 원)\n구 분\n제67기 1분기(2021년 3월말)\n제66기(2020년 12월말)\n제65기(2019년 12월말)\n[유동자산]\n1,736,310,706,461\xa0\n1,626,794,999,340\xa0\n1,312,039,578,827\xa0\n현금 및 현금성자산\n163,393,789,573\xa0\n222,014,612,609\xa0\n189,328,247,350\xa0\n매출채권 및 기타채권\n513,245,371,027\xa0\n493,059,608,654\xa0\n403,089,403,423\xa0\n재고자산\n543,250,942,187\xa0\n463,205,748,574\xa0\n573,741,879,435\xa0\n기타\n516,420,603,674\xa0\n448,515,029,503\xa0\n145,880,048,619\xa0\n[비유동자산]\n2,907,142,918,846\xa0\n2,802,954,880,250\xa0\n5,215,015,634,250\xa0\n장기매출채권 및 기타채권\n46,552,533,216\xa0\n41,675,836,384\xa0\n48,054,212,654\xa0\n유형자산\n944,743,153,955\xa0\n930,908,871,117\xa0\n918,324,919,008\xa0\n투자부동산\n277,108,387,847\xa0\n278,154,457,640\xa0\n300,262,153,625\xa0\n무형자산\n69,979,588,944\xa0\n73,080,566,436\xa0\n160,510,683,332\xa0\n관계기업투자\n1,347,237,507,701\xa0\n1,257,905,886,006\xa0\n1,280,661,372,590\xa0\n기타\n221,521,747,183\xa0\n221,229,262,667\xa0\n2,507,202,293,041\xa0\n자산 총계\n4,643,453,625,307\xa0\n4,429,749,879,590\xa0\n6,527,055,213,077\xa0\n[유동부채]\n1,491,850,688,188\xa0\n1,090,337,562,697\xa0\n2,238,401,833,668\xa0\n매입채무 및 기타채무\n526,696,344,285\xa0\n404,628,340,763\xa0\n431,205,861,441\xa0\n차입금\n644,213,156,920\xa0\n392,008,461,712\xa0\n1,513,214,927,221\xa0\n기타\n320,941,186,983\xa0\n293,700,760,222\xa0\n293,981,045,006\xa0\n[비유동부채]\n650,655,110,439\xa0\n825,089,032,187\xa0\n1,578,411,582,292\xa0\n장기매입채무 및 기타채무\n22,466,562,010\xa0\n20,750,681,144\xa0\n206,091,450,907\xa0\n장기차입금\n262,780,427,600\xa0\n448,280,675,319\xa0\n988,377,551,848\xa0\n기타\n365,408,120,829\xa0\n356,057,675,724\xa0\n383,942,579,537\xa0\n부채 총계\n2,142,505,798,627\xa0\n1,915,426,594,884\xa0\n3,816,813,415,960\xa0\n[자본금]\n105,355,125,000\xa0\n105,355,125,000\xa0\n105,355,125,000\xa0\n[자본잉여금]\n767,466,005,064\n767,466,005,064\xa0\n767,466,335,347\xa0\n[자본조정]\n(4,677,376,253,663)\n(4,677,376,253,663)\xa0\n(4,649,479,595,333)\xa0\n[기타포괄손익누계액]\n(113,662,971,250)\n(142,707,829,235)\xa0\n(119,565,995,859)\xa0\n[이익잉여금]\n6,152,197,644,452\xa0\n6,180,531,010,357\xa0\n6,336,611,325,606\xa0\n[비지배지분]\n266,968,277,077\xa0\n281,055,227,183\xa0\n269,854,602,356\xa0\n자본 총계\n2,500,947,826,680\xa0\n2,514,323,284,706\xa0\n2,710,241,797,117\xa0\n구 분\n2021년 1~3월\n2020년 1~12월\n2019년 1~12월\n매출액 및 지분법 손익\n686,891,610,438\xa0\n2,782,554,818,809\xa0\n3,175,624,291,414\xa0\n매출총이익\n166,131,732,940\xa0\n415,993,865,962\xa0\n476,225,578,754\xa0\n영업이익\n100,631,458,868\xa0\n138,793,355,652\xa0\n202,085,120,026\xa0\n법인세비용차감전이익\n101,684,139,015\xa0\n109,770,055,526\xa0\n165,787,860,569\xa0\n계속영업이익\n91,683,673,099\xa0\n95,712,850,926\xa0\n122,560,805,846\xa0\n중단영업이익\n-\xa0\n(94,492,598,634)\xa0\n27,448,659,016\xa0\n총당기순이익\n91,683,673,099\xa0\n1,220,252,292\xa0\n150,009,464,862\xa0\n지배기업당기순이익(손실)\n71,652,423,837\xa0\n(52,770,046,181)\xa0\n103,683,081,194\xa0\n비지배지분 당기순이익(손실)\n20,031,249,262\xa0\n53,990,298,473\xa0\n46,326,383,668\xa0\n기본주당순이익(손실)\n3,599\xa0\n(2,632)\xa0\n5,100\xa0\n연결에 포함된 회사수\n30개사\xa0\n31개사\xa0\n32개사\xa0\n※ 연결에 포함된 회사수는 ㈜효성이 포함된 숫자입니다.※ 제65기 ~ 제67기 1분기 요약 연결재무정보는 K-IFRS 연결재무제표 기준으로 작\xa0 \xa0 성하였습니다.※ 상기 기본주당순이익은 연결재무제표상 지배기업 소유주지분 기준 당기순이익을\xa0 \xa0 연결그룹이 매입하여 자기주식으로 보유하고 있는 보통주를 제외한 당기의 가중\xa0 \xa0 평균 유통보통주식수로 나누어 산정하였습니다.\n나. 요약 재무정보 (별도재무제표 기준)\n(단위 : 원)\n구 분\n제67기 1분기(2021년 3월말)\n제66기(2020년 12월말)\n제65기(2019년 12월말)\n[유동자산]\n531,127,356,970\xa0\n410,410,761,719\xa0\n80,719,025,790\xa0\n현금 및 현금성자산\n4,274,160,175\xa0\n4,007,320,943\xa0\n2,963,699,460\xa0\n매출채권 및 기타채권\n113,900,557,944\xa0\n51,006,938,903\xa0\n50,908,117,014\xa0\n재고자산\n6,547,533,201\xa0\n6,382,435,539\xa0\n8,171,978,728\xa0\n기타\n406,405,105,650\xa0\n349,014,066,334\xa0\n18,675,230,588\xa0\n[비유동자산]\n2,272,578,349,003\xa0\n2,246,249,189,163\xa0\n2,804,910,949,166\xa0\n장기매출채권 및 기타채권\n24,144,829,322\xa0\n27,827,461,616\xa0\n51,476,016,902\xa0\n유형자산\n546,074,007,565\xa0\n545,272,389,569\xa0\n536,003,870,128\xa0\n투자부동산\n6,415,761,805\xa0\n6,446,531,161\xa0\n8,694,132,971\xa0\n무형자산\n44,126,828,604\xa0\n44,084,005,096\xa0\n40,418,884,172\xa0\n종속기업 및 관계기업투자\n1,594,314,855,396\xa0\n1,563,902,835,271\xa0\n2,094,483,575,920\xa0\n기타\n57,502,066,311\xa0\n58,715,966,450\xa0\n73,834,469,073\xa0\n자산총계\n2,803,705,705,973\xa0\n2,656,659,950,882\xa0\n2,885,629,974,956\xa0\n[유동부채]\n256,056,195,758\xa0\n111,456,992,755\xa0\n132,813,816,326\xa0\n매입채무 및 기타채무\n178,798,243,042\xa0\n51,586,181,444\xa0\n60,923,369,045\xa0\n차입금\n21,221,715,343\xa0\n21,040,167,900\xa0\n34,507,065,684\xa0\n기타\n56,036,237,373\xa0\n38,830,643,411\xa0\n37,383,381,597\xa0\n[비유동부채]\n280,411,399,250\xa0\n277,263,917,987\xa0\n271,944,722,554\xa0\n장기매입채무 및 기타채무\n12,131,522,134\xa0\n13,097,346,444\xa0\n10,386,117,665\xa0\n장기차입금\n728,910,000\xa0\n762,880,000\xa0\n898,760,000\xa0\n기타\n267,550,967,116\xa0\n263,403,691,543\xa0\n260,659,844,889\xa0\n\xa0 부채총계\n536,467,595,008\xa0\n388,720,910,742\xa0\n404,758,538,880\xa0\n[자본금]\n105,355,125,000\xa0\n105,355,125,000\xa0\n105,355,125,000\xa0\n[자본잉여금]\n701,597,907,977\n701,597,907,977\xa0\n701,597,907,977\xa0\n[자본조정]\n(4,675,165,309,380)\n(4,675,165,309,380)\xa0\n(4,647,268,651,050)\xa0\n[기타포괄손익누계액]\n(95,878,598,105)\n(124,923,937,307)\n(102,703,328,165)\xa0\n[이익잉여금]\n6,231,328,985,473\xa0\n6,261,075,253,850\xa0\n6,423,890,382,314\xa0\n자본총계\n2,267,238,110,965\xa0\n2,267,939,040,140\xa0\n2,480,871,436,076\xa0\n종속·관계·공동기업투자주식의 평가방법\n지분법\n지분법\n지분법\n구 분\n2021년 1~3월\n2020년 1~12월\n2019년 1~12월\n매출액\n180,382,872,346\xa0\n295,491,356,740\xa0\n397,940,472,345\xa0\n매출총이익\n86,446,266,271\xa0\n110,430,288,224\xa0\n164,197,495,377\xa0\n영업이익\n71,332,713,270\xa0\n56,935,212,444\xa0\n109,455,101,787\xa0\n법인세비용차감전이익\n73,459,095,518\xa0\n(56,115,406,717)\xa0\n106,067,343,429\xa0\n계속영업당기순이익\n70,239,521,412\xa0\n(58,985,143,446)\xa0\n100,542,851,905\xa0\n중단영업당기순이익\n-\xa0\n-\xa0\n-\xa0\n당기순이익\n70,239,521,412\xa0\n(58,985,143,446)\xa0\n100,542,851,905\xa0\n총포괄이익(손실)\n98,846,090,825\xa0\n(83,381,617,606)\xa0\n97,343,752,615\xa0\n주당순이익(손실)\n3,528\xa0\n(2,942)\xa0\n4,945\xa0\n※ 제65기 ~ 제67기 1분기 요약 재무정보는 K-IFRS 별도재무제표 기준으로 작성하\xa0 \xa0 였습니다.※ 당사는 2020년 1월부터 종속ㆍ관계ㆍ공동기업 투자의 평가방법을 원가법에서 \xa0 \xa0 지분법으로 변경하였습니다. 이에 따라, 당사 사업 구조의 비교 가능성을 위해\xa0 \xa0 동 회계정책의 변경을 소급하여 제65기(2019년) 재무제표를 재작성하였으며, 제6\xa0 \xa0 5기(2019년) 포괄손익계산서 재무상태표는 감사 받지 아니한 자료임을 안내드립\xa0 \xa0 니다.\n2. 연결재무제표\n연결 재무상태표\n제 67 기 1분기말 2021.03.31 현재\n제 66 기말\xa0 \xa0 \xa0 \xa0 \xa0 2020.12.31 현재\n(단위 : 원)\n\u3000\n제 67 기 1분기말\n제 66 기말\n자산\n\u3000\n\u3000\n\u3000유동자산\n1,736,310,706,461\n1,626,794,999,340\n\u3000\u3000현금및현금성자산\n163,393,789,573\n222,014,612,609\n\u3000\u3000매출채권 및 기타채권\n513,245,371,027\n493,059,608,654\n\u3000\u3000미청구공사\n4,708,252,165\n3,072,541,639\n\u3000\u3000기타금융자산\n378,859,088,379\n338,119,461,296\n\u3000\u3000기타유동자산\n115,405,324,795\n91,113,948,768\n\u3000\u3000재고자산\n543,250,942,187\n463,205,748,574\n\u3000\u3000당기법인세자산\n17,447,938,335\n16,209,077,800\n\u3000비유동자산\n2,907,142,918,846\n2,802,954,880,250\n\u3000\u3000장기매출채권 및 기타채권\n46,552,533,216\n41,675,836,384\n\u3000\u3000유형자산\n944,743,153,955\n930,908,871,117\n\u3000\u3000투자부동산\n277,108,387,847\n278,154,457,640\n\u3000\u3000무형자산\n69,979,588,944\n73,080,566,436\n\u3000\u3000관계기업및공동기업투자\n1,347,237,507,701\n1,257,905,886,006\n\u3000\u3000기타비유동금융자산\n156,332,324,885\n161,608,494,932\n\u3000\u3000기타비유동자산\n31,567,745,393\n30,918,494,511\n\u3000\u3000이연법인세자산\n33,621,676,905\n28,702,273,224\n\u3000자산총계\n4,643,453,625,307\n4,429,749,879,590\n부채\n\u3000\n\u3000\n\u3000유동부채\n1,491,850,688,188\n1,090,337,562,697\n\u3000\u3000매입채무 및 기타채무\n526,696,344,285\n404,628,340,763\n\u3000\u3000초과청구공사\n1,116,571,765\n1,329,483,069\n\u3000\u3000단기차입금및유동성장기차입금\n644,213,156,920\n392,008,461,712\n\u3000\u3000기타금융부채\n21,904,511,689\n19,446,348,674\n\u3000\u3000당기법인세부채\n26,502,128,120\n31,211,909,810\n\u3000\u3000기타유동부채\n271,417,975,409\n241,713,018,669\n\u3000비유동부채\n650,655,110,439\n825,089,032,187\n\u3000\u3000장기매입채무 및 기타채무\n22,466,562,010\n20,750,681,144\n\u3000\u3000장기차입금\n262,780,427,600\n448,280,675,319\n\u3000\u3000순확정급여부채\n9,913,971,739\n6,673,000,289\n\u3000\u3000이연법인세부채\n257,268,818,045\n252,419,570,454\n\u3000\u3000기타비유동금융부채\n88,344,379,598\n86,068,772,187\n\u3000\u3000기타비유동부채\n9,880,951,447\n10,896,332,794\n\u3000부채총계\n2,142,505,798,627\n1,915,426,594,884\n자본\n\u3000\n\u3000\n\u3000지배기업의 소유주지분\n2,233,979,549,603\n2,233,268,057,523\n\u3000\u3000자본금\n105,355,125,000\n105,355,125,000\n\u3000\u3000주식발행초과금\n451,188,179,769\n451,188,179,769\n\u3000\u3000이익잉여금\n6,152,197,644,452\n6,180,531,010,357\n\u3000\u3000기타자본구성요소\n(4,474,761,399,618)\n(4,503,806,257,603)\n\u3000비지배지분\n266,968,277,077\n281,055,227,183\n\u3000자본총계\n2,500,947,826,680\n2,514,323,284,706\n자본과부채총계\n4,643,453,625,307\n4,429,749,879,590\n연결 손익계산서\n제 67 기 1분기 2021.01.01 부터 2021.03.31 까지\n제 66 기 1분기 2020.01.01 부터 2020.03.31 까지\n(단위 : 원)\n\u3000\n제 67 기 1분기\n제 66 기 1분기\n3개월\n누적\n3개월\n누적\n매출액 및 지분법손익\n686,891,610,438\n686,891,610,438\n629,965,315,247\n629,965,315,247\n매출원가\n520,759,877,498\n520,759,877,498\n558,107,008,233\n558,107,008,233\n매출총이익\n166,131,732,940\n166,131,732,940\n71,858,307,014\n71,858,307,014\n판매비와관리비\n60,908,466,584\n60,908,466,584\n61,943,619,404\n61,943,619,404\n연구개발비\n4,591,807,488\n4,591,807,488\n4,584,685,358\n4,584,685,358\n영업이익\n100,631,458,868\n100,631,458,868\n5,330,002,252\n5,330,002,252\n기타수익\n4,806,800,434\n4,806,800,434\n3,656,722,812\n3,656,722,812\n기타비용\n2,290,932,735\n2,290,932,735\n3,794,487,092\n3,794,487,092\n금융수익\n18,814,314,900\n18,814,314,900\n19,617,395,843\n19,617,395,843\n금융비용\n20,277,502,452\n20,277,502,452\n31,656,649,856\n31,656,649,856\n법인세비용차감전 계속영업이익\n101,684,139,015\n101,684,139,015\n(6,847,016,041)\n(6,847,016,041)\n법인세비용\n10,000,465,916\n10,000,465,916\n1,522,831,634\n1,522,831,634\n계속영업이익(손실)\n91,683,673,099\n91,683,673,099\n(8,369,847,675)\n(8,369,847,675)\n중단영업이익(손실)\n0\n0\n5,424,838,570\n5,424,838,570\n분기순이익\n91,683,673,099\n91,683,673,099\n(2,945,009,105)\n(2,945,009,105)\n\u3000지배기업지분순이익(손실)\n71,652,423,837\n71,652,423,837\n(9,307,275,330)\n(9,307,275,330)\n\u3000비지배지분순이익\n20,031,249,262\n20,031,249,262\n6,362,266,225\n6,362,266,225\n주당이익(손실)\n\u3000\n\u3000\n\u3000\n\u3000\n\u3000계속영업기본주당이익(손실) (단위 : 원)\n3,599\n3,599\n(718)\n(718)\n\u3000중단영업기본주당이익(손실) (단위 : 원)\n0\n0\n260\n260\n연결 포괄손익계산서\n제 67 기 1분기 2021.01.01 부터 2021.03.31 까지\n제 66 기 1분기 2020.01.01 부터 2020.03.31 까지\n(단위 : 원)\n\u3000\n제 67 기 1분기\n제 66 기 1분기\n3개월\n누적\n3개월\n누적\n분기순이익(손실)\n91,683,673,099\n91,683,673,099\n(2,945,009,105)\n(2,945,009,105)\n기타포괄손익\n33,040,766,739\n33,040,766,739\n21,660,251,494\n21,660,251,494\n\u3000후속적으로 당기손익으로 재분류되지 않는 항목\n\u3000\n\u3000\n\u3000\n\u3000\n\u3000\u3000기타포괄손익-공정가치측정지분상품 평가손익\n874,751,564\n874,751,564\n(1,386,175,492)\n(1,386,175,492)\n\u3000\u3000순확정급여부채의 재측정요소\n(219,990,352)\n(219,990,352)\n809,523,226\n809,523,226\n\u3000\u3000관계기업의 순확정급여부채의 재측정 지분\n(218,779,390)\n(218,779,390)\n(39,909,288)\n(39,909,288)\n\u3000후속적으로 당기손익으로 재분류되는 항목\n\u3000\n\u3000\n\u3000\n\u3000\n\u3000\u3000지분법 적용대상 관계기업과 공동기업의 기타포괄손익에 대한 지분(세후기타포괄손익)\n24,816,749,873\n24,816,749,873\n13,961,996,718\n13,961,996,718\n\u3000\u3000해외사업장환산외환차이(세후기타포괄손익)\n7,788,035,044\n7,788,035,044\n8,314,816,330\n8,314,816,330\n총포괄이익(손실)\n124,724,439,838\n124,724,439,838\n18,715,242,389\n18,715,242,389\n총포괄이익의 귀속\n\u3000\n\u3000\n\u3000\n\u3000\n\u3000지배기업소유주지분\n100,258,512,080\n100,258,512,080\n8,536,649,984\n8,536,649,984\n\u3000비지배지분\n24,465,927,758\n24,465,927,758\n10,178,592,405\n10,178,592,405\n연결 자본변동표\n제 67 기 1분기 2021.01.01 부터 2021.03.31 까지\n제 66 기 1분기 2020.01.01 부터 2020.03.31 까지\n(단위 : 원)\n\u3000\n자본\n지배기업 소유주지분\n비지배지분\n자본\xa0 합계\n자본금\n주식발행초과금\n이익잉여금\n기타자본구성요소\n지배기업 소유주지분 합계\n2020.01.01 (기초)\n105,355,125,000\n451,188,179,769\n6,336,611,325,606\n(4,452,767,435,614)\n2,440,387,194,761\n269,854,602,356\n2,710,241,797,117\n회계정책변경의 효과\n0\n0\n0\n0\n0\n0\n0\n총포괄손익\n분기순이익\n0\n0\n(9,307,275,330)\n0\n(9,307,275,330)\n6,362,266,225\n(2,945,009,105)\n순확정급여부채의 재측정 요소\n0\n0\n809,523,226\n0\n809,523,226\n0\n809,523,226\n관계기업의 재측정요소에 대한 지분\n0\n0\n(39,909,288)\n0\n(39,909,288)\n0\n(39,909,288)\n기타포괄손익-공정가치측정지분상품 평가손익\n0\n0\n0\n(873,499,127)\n(873,499,127)\n(512,676,365)\n(1,386,175,492)\n관계기업투자평가손익\n0\n0\n0\n10,487,286,309\n10,487,286,309\n3,474,710,409\n13,961,996,718\n해외사업환산손익\n0\n0\n0\n7,460,524,194\n7,460,524,194\n854,292,136\n8,314,816,330\n자본에 직접 인식된 주주와의 거래\n배당\n0\n0\n(101,654,120,000)\n0\n(101,654,120,000)\n(27,921,396,012)\n(129,575,516,012)\n자기주식취득\n0\n0\n0\n(3,552,620,520)\n(3,552,620,520)\n0\n(3,552,620,520)\n기타\n0\n0\n0\n(13,072,102)\n(13,072,102)\n0\n(13,072,102)\n2020.03.31 (기말)\n105,355,125,000\n451,188,179,769\n6,226,419,544,214\n(4,439,258,816,860)\n2,343,704,032,123\n252,111,798,749\n2,595,815,830,872\n2021.01.01 (기초)\n105,355,125,000\n451,188,179,769\n6,180,531,010,357\n(4,503,806,257,603)\n2,233,268,057,523\n281,055,227,183\n2,514,323,284,706\n회계정책변경의 효과\n0\n0\n0\n0\n0\n0\n0\n총포괄손익\n분기순이익\n0\n0\n71,652,423,837\n0\n71,652,423,837\n20,031,249,262\n91,683,673,099\n순확정급여부채의 재측정 요소\n0\n0\n(219,990,352)\n0\n(219,990,352)\n0\n(219,990,352)\n관계기업의 재측정요소에 대한 지분\n0\n0\n(218,779,390)\n0\n(218,779,390)\n0\n(218,779,390)\n기타포괄손익-공정가치측정지분상품 평가손익\n0\n0\n0\n1,023,346,493\n1,023,346,493\n(148,594,929)\n874,751,564\n관계기업투자평가손익\n0\n0\n0\n21,173,994,331\n21,173,994,331\n3,642,755,542\n24,816,749,873\n해외사업환산손익\n0\n0\n0\n6,847,517,161\n6,847,517,161\n940,517,883\n7,788,035,044\n자본에 직접 인식된 주주와의 거래\n배당\n0\n0\n(99,547,020,000)\n0\n(99,547,020,000)\n(38,552,877,864)\n(138,099,897,864)\n자기주식취득\n0\n0\n0\n0\n0\n0\n0\n기타\n0\n0\n0\n0\n0\n0\n0\n2021.03.31 (기말)\n105,355,125,000\n451,188,179,769\n6,152,197,644,452\n(4,474,761,399,618)\n2,233,979,549,603\n266,968,277,077\n2,500,947,826,680\n연결 현금흐름표\n제 67 기 1분기 2021.01.01 부터 2021.03.31 까지\n제 66 기 1분기 2020.01.01 부터 2020.03.31 까지\n(단위 : 원)\n\u3000\n제 67 기 1분기\n제 66 기 1분기\n영업활동현금흐름\n(18,831,273,453)\n105,992,230,205\n\u3000계속영업손익\n91,683,673,099\n(8,369,847,675)\n\u3000중단영업손익\n0\n5,424,838,570\n\u3000비현금항목 조정\n(46,512,889,651)\n46,552,983,831\n\u3000운전자본 조정\n(79,980,176,222)\n19,129,283,111\n\u3000법인세납부\n(13,880,397,803)\n(17,187,262,338)\n\u3000이자지급\n(3,341,893,728)\n(21,599,058,323)\n\u3000이자수취\n1,042,977,462\n45,908,005,074\n\u3000배당금수취\n32,157,433,390\n36,133,287,955\n투자활동현금흐름\n(57,985,123,911)\n(9,767,903,751)\n\u3000투자활동으로 인한 현금유입액\n29,048,361,442\n44,203,732,847\n\u3000\u3000금융리스채권의 회수\n0\n1,172,875,002\n\u3000\u3000단기대여금의 회수\n856,489,423\n149,697,890\n\u3000\u3000단기보증금의 감소\n1,430,372,347\n5,000,000\n\u3000\u3000기타금융자산의 처분\n14,700,000,000\n7,709,709,550\n\u3000\u3000장기대여금의 회수\n0\n5,182,004\n\u3000\u3000장기보증금의 회수\n838,680,731\n147,100,000\n\u3000\u3000기타비유금융자산의 처분\n5,401,628,197\n34,103,095,684\n\u3000\u3000유형자산의 처분\n964,790,744\n911,072,717\n\u3000\u3000무형자산의 처분\n4,856,400,000\n0\n\u3000투자활동으로 인한 현금유출액\n(87,033,485,353)\n(53,971,636,598)\n\u3000\u3000단기대여금의 대여\n(12,422,674)\n(358,061,519)\n\u3000\u3000단기보증금의 증가\n(99,560,277)\n(40,196,554)\n\u3000\u3000기타유동금융자산의 취득\n(54,711,032,391)\n(8,551,285,094)\n\u3000\u3000장기대여금의 대여\n(96,072,030)\n(88,202,066)\n\u3000\u3000장기보증금의 증가\n(5,811,649,715)\n(2,693,200)\n\u3000\u3000기타비유동금융자산의 취득\n0\n(33,495,259,017)\n\u3000\u3000유형자산의 취득\n(22,598,356,142)\n(8,656,897,492)\n\u3000\u3000무형자산의 취득\n(3,704,336,161)\n(2,429,041,656)\n\u3000\u3000관계기업투자의 취득\n0\n(350,000,000)\n\u3000\u3000기타비유동자산의 취득\n(55,963)\n0\n재무활동현금흐름\n18,014,266,197\n4,192,741,510\n\u3000재무활동으로 인한 현금 유입액\n151,758,144,527\n636,948,396,764\n\u3000\u3000단기차입금의 차입\n151,201,312,911\n480,748,564,305\n\u3000\u3000장기차입금 차입 및 사채의 발행\n0\n154,354,924,058\n\u3000\u3000정보보조금의 수령\n556,831,616\n1,844,908,401\n\u3000재무활동으로 인한 현금 유출액\n(133,743,878,330)\n(632,755,655,254)\n\u3000\u3000단기차입금의 상환\n(84,711,804,638)\n(330,556,235,114)\n\u3000\u3000장기차입금 및 사채의 상환\n0\n(160,483,970,000)\n\u3000\u3000배당금지급\n(38,552,877,917)\n(129,187,955,759)\n\u3000\u3000리스부채의 상환\n(9,571,114,088)\n(4,491,159,852)\n\u3000\u3000정부보조금의 상환\n(908,081,687)\n(4,483,714,009)\n\u3000\u3000자기주식의 취득\n0\n(3,552,620,520)\n현금및현금성자산의 환율변동으로 인한 효과\n181,308,131\n2,265,808,727\n현금및현금성자산의순증감\n(58,620,823,036)\n102,682,876,691\n기초현금및현금성자산\n222,014,612,609\n189,328,247,350\n기말현금및현금성자산\n163,393,789,573\n292,011,124,041\n3. 연결재무제표 주석\n제67기 1분기 2021년 1월 1일부터 2021년 3월 31일까지\n제66기 1분기 2020년 1월 1일부터 2020년 3월 31일까지\n주식회사 효성과 그 종속기업\n1. 일반사항\xa0\n주식회사 효성(이하 ""지배기업"")과 그 종속기업(이하 지배기업과 종속기업을 ""연결그룹"")은 화학 섬유류의 제조, 가공 및 판매, 수출입업 및 대행, 전자기계 기구 및 부품의 제작ㆍ판매업 그리고 전기기기 제조 및 판매업과 토목건설업, 금융업 등을 주요영업으로 하여 왔습니다. 지배기업은 2018년 6월 1일을 분할기일로 하여 자회사의 지분관리 및 투자 등을 수행하는 사업부문을 영위할 존속법인인 ㈜효성과 섬유/무역사업부문, 중공업/건설 사업부문, 산업자재 사업부문, 화학 사업부문을\xa0각각\xa0영위할 분할신설법인인 효성티앤씨㈜, 효성중공업㈜, 효성첨단소재㈜, 효성화학㈜으로 인적분할되었습니다.\n\xa0\n당분기말 현재 연결그룹은 안양 등에 공장을 두고 있으며, 상기 공장 외에 미주, 유럽및 아시아 각국에 해외 현지법인을 두고 있습니다.\n당분기말\xa0현재\xa0지배기업의 주요 주주현황은 다음과 같습니다.\n(단위: 주)\n주주명\n주식수\n지분율(%)\n조 석 래\n1,986,333\xa0\n9.43\n조 현 준\n4,623,736\xa0\n21.94\n조 현 상\n4,513,596\xa0\n21.42\n송 광 자\n101,387\xa0\n0.48\n조 양 래 등\n93,755\xa0\n0.45\n기 타\n8,590,597\xa0\n40.77\n자기주식\n1,161,621\xa0\n5.51\n총\xa0\xa0 계\n21,071,025\xa0\n100.00\n가. 종속기업 현황당분기말\xa0현재\xa0종속기업 현황은 다음과 같습니다.\n회사명\n지분율(%)\n설립국가\n결산월\n업종\n효성굿스프링스㈜\n100\n한국\n12월\n액체 펌프 제조업\n태안솔라팜㈜\n100\n한국\n12월\n태양광발전사업\n효성투자개발㈜\n58.75\n한국\n12월\n부동산 임대업\n공덕경우개발㈜\n73.33\n한국\n12월\n부동산 임대업\n효성티앤에스㈜\n54.02\n한국\n12월\nATM기 제조\n㈜에이티엠플러스\n53.11\n한국\n12월\nCD VAN사업\n엔에이치씨엠에스㈜\n100\n한국\n12월\nATM기 현금수송\n㈜엔에이치테크\n100\n한국\n12월\nATM기 유지보수, 인테리어\n효성에프엠에스㈜\n100\n한국\n12월\n전자지불 결제대행\n㈜에프엠케이\n100\n한국\n12월\n자동차 판매 및 정비업\n하나대체투자랜드칩사모부동산투자신탁39호\n100\n한국\n12월\n부동산서비스업\nHyosung Solutions S DE RL DE CV\n100\n멕시코\n12월\n금융자동화기기 제조, 판매\nHYOSUNG SUMIDEN STEEL CORD(NANJING)CO.LTD.\n100\n중국\n12월\n스틸코드 제조 및 판매업\nHyosung Financial System (Huizhou) Co.,LTD\n100\n중국\n12월\n금융자동화기기 제조, 판매\nHYOSUNG FINANCIAL SYSTEM VINA Co.,Ltd\n100\n베트남\n12월\n금융자동화기기 제조, 판매\nHyosung USA Inc.\n100\n미국\n12월\n타이어보강재 생산\nHyosung Brasil Participacoes LTDA\xa0\n100\n브라질\n12월\n타이어보강재 생산 및 판매업\nHICO America Sales & Tech.\n100\n미국\n12월\n종합무역상사업\nPT. HYOSUNG JAKARTA\n99.9\n인도네시아\n12월\n종합무역상사업\nHyosung Holdings USA, Inc.\n100\n미국\n12월\n미국지주회사\nHyosung Mexico S. de R.L. de C.V.\n100\n멕시코\n12월\n임대업\nGST Safety Textiles Mexico S. de R.L. de C.V\n100\n멕시코\n12월\n에어백 쿠션 및 원단 제조, 판매\nNautilus Hyosung America Inc.\n100\n미국\n12월\nATM기 판매 유지보수\nHyosung RUS\n100\n러시아\n12월\nATM판매\nHyosung Resource (Australia) PTY Ltd.\n100\n호주\n12월\n광산개발\nLuck Faith Investment Ltd.(주1)\n-\n홍콩\n12월\n기타\nCentral Trade Investment Ltd.(주1)\n-\n홍콩\n12월\n기타\nHyosung (H.K) LIMITED\n100\n홍콩\n12월\n종합무역상사업\nHyosung SRL\n100\n루마니아\n12월\n타이어보강재 생산 및 판매업\n(주1) 소유지분율이 과반수 미만이나 피투자자 관련활동에 대한 힘, 변동이익 노출,\xa0 \xa0 \xa0 \xa0 \xa0 지배기업의 변동이익에 영향을 미치기 위해 힘을 사용하는 능력을 종합적으로\xa0 \xa0 \xa0 \xa0\xa0 고려하여 지배기업이 지배하고 있다고 판단하였습니다.\n나. 종속기업 관련 재무정보 요약 주요 연결대상 종속기업의\xa0당분기말 및 전기말 현재 요약재무상태표와 당분기와 전분기 중 요약포괄손익계산서는 다음과 같습니다.\n(단위: 백만원)\n구\xa0\xa0 분\n당분기말\n당분기\n자산\n부채\n자본\n매출\n당분기손익\n총포괄손익\n효성티앤에스㈜ (주1)\n746,750\xa0\n453,735\xa0\n293,015\xa0\n155,500\xa0\n3,695\xa0\n5,741\xa0\nHyosung USA Inc.\n286,716\xa0\n165,291\xa0\n121,425\xa0\n159,498\xa0\n3,764\xa0\n8,550\xa0\nHyosung Holdings USA, Inc.\n252,483\xa0\n175,891\xa0\n76,592\xa0\n49,247\xa0\n(1,179)\n(906)\n효성굿스프링스㈜\n205,850\xa0\n149,634\xa0\n56,216\xa0\n32,908\xa0\n(4,907)\n(4,907)\n공덕경우개발㈜\n213,208\xa0\n242,994\xa0\n(29,785)\n4,762\xa0\n537\xa0\n537\xa0\n하나대체투자랜드칩사모부동산투자신탁39호\n168,133\xa0\n160,840\xa0\n7,293\xa0\n1,631\xa0\n490\xa0\n490\xa0\nHICO America Sales & Tech.\n191,307\xa0\n162,310\xa0\n28,998\xa0\n23,874\xa0\n230\xa0\n1,389\xa0\n㈜에프엠케이\n118,144\xa0\n83,952\xa0\n34,192\xa0\n28,899\xa0\n176\xa0\n176\xa0\n(주1) 연결 재무정보 기준입니다.\n(단위: 백만원)\n구\xa0\xa0 분\n전기말\n전분기\n자산\n부채\n자본\n매출\n전분기손익\n총포괄손익\n효성티앤에스㈜ (주1)\n729,944\xa0\n376,290\xa0\n353,654\xa0\n215,996\xa0\n15,554\xa0\n16,968\xa0\nHyosung USA Inc.\n259,889\xa0\n147,013\xa0\n112,876\xa0\n174,849\xa0\n517\xa0\n7,171\xa0\nHyosung Holdings USA, Inc.\n235,519\xa0\n160,850\xa0\n74,669\xa0\n44,430\xa0\n18,414\xa0\n18,747\xa0\n효성굿스프링스㈜\n213,985\xa0\n152,862\xa0\n61,123\xa0\n44,650\xa0\n(3,997)\n(3,997)\n공덕경우개발㈜\n212,716\xa0\n243,067\xa0\n(30,351)\n4,910\xa0\n(799)\n(799)\n하나대체투자랜드칩사모부동산투자신탁39호\n168,845\xa0\n160,865\xa0\n7,980\xa0\n1,899\xa0\n489\xa0\n489\xa0\nHICO America Sales & Tech.\n175,452\xa0\n147,843\xa0\n27,609\xa0\n23,030\xa0\n(2,452)\n(359)\n㈜에프엠케이\n121,035\xa0\n87,261\xa0\n33,774\xa0\n39,380\xa0\n448\xa0\n1,416\xa0\n(주1) 연결 재무정보 기준입니다.\n다. 연결대상범위의 변동\n(1) 당분기 중 연결재무제표의 작성대상에서 제외된 종속기업의 현황은 다음과 같습니다.\n종속기업명\n사유\n효성트랜스월드㈜\n흡수합병\n2. 중요한 회계정책\n2.1 재무제표 작성기준\n\xa0\n연결그룹의 요약분기연결재무제표는 \'주식회사 등의 외부감사에 관한 법률\'에 따라 제정된 한국채택국제회계기준 기업회계기준서 제1034호에 따라 작성되었습니다.중간요약연결재무제표는 연차연결재무제표에 기재할 것으로 요구되는 모든 정보 및 주석사항을 포함하고 있지 아니하므로, 2020년 12월 31일로 종료되는 회계기간에 대한 연차연결재무제표의 정보도 함께 참고하여야 합니다.2.2 제ㆍ개정된 기준서의 적용중간요약연결재무제표를 작성하기 위하여 채택한 중요한 회계정책은 다음의 2021년1월1일부터 적용되는 기준서를 제외하고는 2020년 12월 31일로 종료되는 회계기간에 대한 연차연결재무제표 작성시 채택한 회계정책과 동일합니다. 연결그룹은 공표되었으나 시행되지 않은 기준서, 해석서, 개정사항을 조기적용한 바 없습니다.다음의 개정사항과 해석서가 2021년부터 최초 적용되며, 당사의 요약분기연결재무제표에 미치는 영향은 없습니다.- 기업회계기준서 제1109호, 제1039호, 1107호, 1104호 및 1116호 (개정) - 이자율\xa0 \xa0 지표 개혁 - 2단계개정사항은 은행 간 대출 금리(IBOR)가 대체 무위험 지표(RFR)로 대체될 때 재무보고에 미치는 영향을 다루기 위한 한시적 면제를 제공합니다. 개정사항은 다음의 실무적 간편법을 포함합니다.ㆍ\xa0계약상 변경, 또는 개혁의 직접적인 영향을 받는 현금흐름의 변경은 시장이자율의\xa0 \xa0 변동과 같이 변동이자율로 변경되는 것처럼 처리되도록 함ㆍ\xa0이자율지표 개혁이 요구하는 변동은 위험회피관계의 중단없이 위험회피지정 및\xa0 \xa0 \xa0\xa0 위험회피문서화가 가능하도록 허용함ㆍ\xa0대체 무위험 지표(RFR)를 참조하는 금융상품이 위험회피요소로 지정되는 경우 별\xa0 \xa0 도로 식별가능해야 한다는 요구사항을 충족하는 것으로 보는 한시적 면제\n3. 범주별 금융상품\xa0가. 금융자산당분기말 및 전기말 현재 범주별 금융자산의 내역은 다음과 같습니다.\n<당분기말>\n(단위: 백만원)\n구\xa0\xa0 분\n당기손익-공정가치측정 금융자산\n기타포괄손익-공정가치측정 금융자산\n상각후원가측정금융자산\n합\xa0\xa0 계\n\xa0현금및현금성자산\n-\xa0\n-\xa0\n163,394\xa0\n163,394\xa0\n\xa0매출채권및기타채권\n-\xa0\n-\xa0\n513,245\xa0\n513,245\xa0\n\xa0기타금융자산\n377,132\xa0\n809\xa0\n918\xa0\n378,859\xa0\n\xa0장기매출채권및기타채권\n-\xa0\n-\xa0\n46,553\xa0\n46,553\xa0\n\xa0기타비유동금융자산\n21,069\xa0\n29,272\xa0\n105,991\xa0\n156,332\xa0\n\xa0합\xa0\xa0 계\n398,201\xa0\n30,081\xa0\n830,101\xa0\n1,258,383\xa0\n<전기말>\n(단위: 백만원)\n구\xa0\xa0 분\n당기손익-공정가치측정 금융자산\n기타포괄손익-공정가치측정 금융자산\n상각후원가측정금융자산\n합\xa0\xa0 계\n\xa0현금및현금성자산\n-\xa0\n-\xa0\n222,015\xa0\n222,015\xa0\n\xa0매출채권및기타채권\n-\xa0\n-\xa0\n493,060\xa0\n493,060\xa0\n\xa0기타금융자산\n337,431\xa0\n688\xa0\n-\xa0\n338,119\xa0\n\xa0장기매출채권및기타채권\n-\xa0\n-\xa0\n41,676\xa0\n41,676\xa0\n\xa0기타비유동금융자산\n23,861\xa0\n28,178\xa0\n109,569\xa0\n161,608\xa0\n\xa0합\xa0\xa0 계\n361,292\xa0\n28,866\xa0\n866,320\xa0\n1,256,478\xa0\n나. 금융부채\n당분기말 및 전기말\xa0현재 범주별 금융부채의 내역은 다음과 같습니다.\n<당분기말>\n(단위: 백만원)\n구\xa0\xa0 분\n당기손익-공정가치측정 금융부채\n상각후원가측정 금융부채\n합\xa0\xa0 계\n\xa0매입채무및기타채무\xa0\n-\xa0\n526,696\xa0\n526,696\xa0\n\xa0단기차입금및유동성장기차입금\xa0\n-\xa0\n644,213\xa0\n644,213\xa0\n\xa0기타유동금융부채\xa0\n3,075\xa0\n18,830\xa0\n21,905\xa0\n\xa0장기매입채무및기타채무\xa0\n-\xa0\n22,467\xa0\n22,467\xa0\n\xa0장기차입금및사채\n-\xa0\n262,780\xa0\n262,780\xa0\n\xa0기타비유동금융부채\xa0\n-\xa0\n88,344\xa0\n88,344\xa0\n\xa0합\xa0\xa0 계\n3,075\xa0\n1,563,330\xa0\n1,566,405\xa0\n<전기말>\n(단위: 백만원)\n구\xa0\xa0 분\n당기손익-공정가치측정 금융부채\n상각후원가측정 금융부채\n합\xa0\xa0 계\n\xa0매입채무및기타채무\xa0\n-\xa0\n404,628\xa0\n404,628\xa0\n\xa0단기차입금및유동성장기차입금\xa0\n-\xa0\n392,008\xa0\n392,008\xa0\n\xa0기타유동금융부채\xa0\n3,344\xa0\n16,102\xa0\n19,446\xa0\n\xa0장기매입채무및기타채무\xa0\n-\xa0\n20,751\xa0\n20,751\xa0\n\xa0장기차입금및사채\n-\xa0\n448,281\xa0\n448,281\xa0\n\xa0기타비유동금융부채\xa0\n-\xa0\n86,069\xa0\n86,069\xa0\n\xa0합\xa0\xa0 계\n3,344\xa0\n1,367,839\xa0\n1,371,183\xa0\n다.\xa0공정가치 서열체계당분기말 및 전기말 현재 공정가치로 측정하는 금융상품의 공정가치와 장부금액은 다음과 같습니다.\n(단위: 백만원)\n구\xa0\xa0 분\n당분기말\n전기말\n장부금액\n공정가치\n장부금액\n공정가치\n금융자산\n\xa0당기손익-공정가치측정 금융자산 (지분상품)\n21,069\xa0\n21,069\xa0\n23,861\xa0\n23,861\xa0\n\xa0당기손익-공정가치측정 금융자산 (수익증권)\n376,524\xa0\n376,524\xa0\n337,431\xa0\n337,431\xa0\n\xa0당기손익-공정가치측정 금융자산 (파생상품)\n608\xa0\n608\xa0\n-\xa0\n-\xa0\n\xa0기타포괄손익-공정가치측정 금융자산 (상장지분상품)\xa0\n23,748\xa0\n23,748\xa0\n22,533\xa0\n22,533\xa0\n\xa0기타포괄손익-공정가치측정 금융자산 (비상장지분상품)\xa0\n4,353\xa0\n4,353\xa0\n4,353\xa0\n4,353\xa0\n\xa0기타포괄손익-공정가치측정 금융자산 (채무상품)\xa0\n1,980\xa0\n1,980\xa0\n1,980\xa0\n1,980\xa0\n금융부채\n\xa0당기손익-공정가치측정 금융부채 (파생상품)\n3,075\xa0\n3,075\xa0\n3,344\xa0\n3,344\xa0\n공정가치로 측정되는 금융상품은 공정가치 서열체계에 따라 구분되며 정의된 수준들은 다음과 같습니다.\n- 측정일에 동일한 자산이나 부채에 대해 접근할 수 있는 활성시장의(조정하지 않은)\xa0\xa0 공시가격 (수준 1)\n- 수준 1의 공시가격 외에 자산이나 부채에 대해 직접적으로나 간접적으로 관측할\xa0 \xa0 \xa0\xa0 수 있는 투입변수 (수준 2)\n- 자산이나 부채에 대한 관측할 수 없는 투입변수 (수준 3)\n당분기말 및 전기말 현재 공정가치로 측정되는 금융상품의 공정가치 서열체계 구분은 다음과 같습니다.\n<당분기말>\n(단위: 백만원)\n구\xa0\xa0 분\n수준1\n수준2(주1)\n수준3(주2)\n합\xa0\xa0 계\n금융자산\n\xa0당기손익-공정가치측정 지분상품\n-\xa0\n-\xa0\n21,069\xa0\n21,069\xa0\n\xa0당기손익-공정가치측정 채무상품\n-\xa0\n376,524\xa0\n-\xa0\n376,524\xa0\n\xa0파생상품자산\n-\xa0\n608\xa0\n-\xa0\n608\xa0\n\xa0기타포괄손익-공정가치측정 지분상품\n23,748\xa0\n-\xa0\n4,353\xa0\n28,101\xa0\n\xa0기타포괄손익-공정가치측정 채무상품\n-\xa0\n-\xa0\n1,980\xa0\n1,980\xa0\n합\xa0\xa0 계\n23,748\xa0\n377,132\xa0\n27,402\xa0\n428,282\xa0\n금융부채\n\xa0파생상품부채\n-\xa0\n3,075\xa0\n-\xa0\n3,075\xa0\n(주1) 연결그룹은 공정가치 서열체계에서 수준 2로 분류되는 파생상품자산 및 파생\xa0 \xa0 \xa0 \xa0 \xa0\xa0 상품부채에 대하여 시장접근법을 평가기법으로 사용하고 있으며, 투입변수는\xa0 \xa0 \xa0 \xa0 \xa0 환율 등을 사용하고 있습니다.(주2) 연결그룹은 수준 3으로 분류되는 공정가치측정금융자산에 대하여 현금흐름할\xa0 \xa0 \xa0 \xa0\xa0 인법, 유사기업비교법, 위험조정 할인율모형 등을 사용하고 있으며, 주요 투입\xa0 \xa0 \xa0 \xa0\xa0 변수는 할인율과 성장률 등이 해당됩니다.\n<전기말>\n(단위: 백만원)\n구\xa0\xa0 분\n수준1\n수준2(주1)\n수준3(주2)\n합\xa0\xa0 계\n금융자산\n\xa0당기손익-공정가치측정 지분상품\n-\xa0\n-\xa0\n23,861\xa0\n23,861\xa0\n\xa0당기손익-공정가치측정 채무상품\n-\xa0\n337,431\xa0\n-\xa0\n337,431\xa0\n\xa0파생상품자산\n-\xa0\n-\xa0\n-\xa0\n-\xa0\n\xa0기타포괄손익-공정가치측정 지분상품\n22,533\xa0\n-\xa0\n4,353\xa0\n26,886\xa0\n\xa0기타포괄손익-공정가치측정 채무상품\n-\xa0\n-\xa0\n1,980\xa0\n1,980\xa0\n합\xa0\xa0 계\n22,533\xa0\n337,431\xa0\n30,194\xa0\n390,158\xa0\n금융부채\n\xa0파생상품부채\n-\xa0\n3,344\xa0\n-\xa0\n3,344\xa0\n(주1) 연결그룹은 공정가치 서열체계에서 수준 2로 분류되는 파생상품자산 및 파생\xa0 \xa0 \xa0 \xa0 \xa0\xa0 상품부채에 대하여 시장접근법을 평가기법으로 사용하고 있으며, 투입변수는\xa0 \xa0 \xa0 \xa0 \xa0 환율 등을 사용하고 있습니다.(주2) 연결그룹은 수준 3으로 분류되는 공정가치측정금융자산에 대하여 현금흐름할\xa0 \xa0 \xa0 \xa0\xa0 인법, 유사기업비교법, 위험조정 할인율모형 등을 사용하고 있으며, 주요 투입\xa0 \xa0 \xa0 \xa0\xa0 변수는 할인율과 성장률 등이 해당됩니다.\n당분기 중 공정가치 서열체계의 수준 간 이동 내역은 없습니다.\n라. 사용이 제한된 금융상품당분기말 및 전기말 현재 사용이 제한된 금융상품은 다음과 같습니다.\n(단위: 백만원)\n구\xa0\xa0 분\n사용제한내역\n당분기말\n전기말\n현금및현금성자산\n기타\n18\xa0\n18\xa0\n기타유동금융자산\n기타\n700\xa0\n700\xa0\n기타비유동금융자산\n당좌개설보증금 및 임대보증금\n2,225\xa0\n2,232\xa0\n계약이행 관련 담보제공\n1,948\xa0\n1,939\xa0\n합\xa0\xa0 계\n4,891\xa0\n4,889\xa0\n4. 부문별 보고영업부문별 정보전략적 의사결정을 수립하는 경영진이 연결그룹의 영업부문을 결정하고 있습니다. 경영진은 부문에 배분될 자원에 대한 의사결정을 하고 부문의 성과를 평가하기 위하여 부문의 영업이익을 기준으로 검토하고 있습니다.당분기와 전분기\xa0중 영업부문별 정보는 다음과 같습니다.\n<당분기>\n(단위: 백만원)\n구\xa0\xa0 분\n정보통신\n펌프제조\n수입차딜러\n기타\n연결조정\n합\xa0\xa0 계\n매출액\n160,911\xa0\n32,908\xa0\n28,899\xa0\n472,099\xa0\n(7,925)\n686,892\xa0\n영업이익(손실)\n4,947\xa0\n(6,329)\n(1,207)\n103,594\xa0\n(374)\n100,631\xa0\n법인세비용차감전계속영업이익(손실)\n5,470\xa0\n(6,290)\n283\xa0\n102,776\xa0\n(555)\n101,684\xa0\n계속영업분기순이익(손실)\n3,837\xa0\n(4,907)\n176\xa0\n93,028\xa0\n(450)\n91,684\xa0\n자산총계\n764,909\xa0\n205,850\xa0\n118,144\xa0\n3,448,495\xa0\n106,056\xa0\n4,643,454\xa0\n부채총계\n476,127\xa0\n149,634\xa0\n83,952\xa0\n1,444,748\xa0\n(11,955)\n2,142,506\xa0\n<전분기>\n(단위: 백만원)\n구\xa0\xa0 분\n정보통신\n펌프제조\n수입차딜러\n기타\n연결조정\n합\xa0\xa0 계\n매출액\n198,031\xa0\n44,650\xa0\n39,380\xa0\n413,273\xa0\n(65,369)\n629,965\xa0\n영업이익(손실)\n16,878\xa0\n(4,089)\n1,095\xa0\n48,955\xa0\n(57,509)\n5,330\xa0\n법인세비용차감전계속영업이익(손실)\n8,140\xa0\n(4,823)\n801\xa0\n96,729\xa0\n(107,694)\n(6,847)\n계속영업분기순이익(손실)\n5,375\xa0\n(3,997)\n448\xa0\n97,316\xa0\n(107,512)\n(8,370)\n자산총계(주1)\n669,000\xa0\n237,207\xa0\n154,283\xa0\n5,453,512\xa0\n132,342\xa0\n6,646,344\xa0\n부채총계(주1)\n389,581\xa0\n170,155\xa0\n122,096\xa0\n3,410,485\xa0\n(41,789)\n4,050,528\xa0\n(주1) 전기 중 매각되어 중단영업으로 분류된 금융부문(효성캐피탈㈜)이 포함되어 있\xa0 \xa0 \xa0 \xa0 습니다.\n5. 현금및현금성자산당분기말 및 전기말 현재 현금및현금성자산의 구성내역은 다음과 같습니다.\n(단위: 백만원)\n구\xa0\xa0 분\n당분기말\n전기말\n보유현금\n9,500\xa0\n10,822\xa0\n은행예금 등\n153,894\xa0\n211,193\xa0\n합\xa0\xa0 계\n163,394\xa0\n222,015\xa0\n6. 매출채권및기타채권\n가. 당분기말 및 전기말 현재 매출채권및기타채권의 내역은 다음과 같습니다.\n(단위: 백만원)\n구\xa0\xa0 분\n당분기말\n전기말\n채권액\n대손충당금\n장부금액\n채권액\n대손충당금\n장부금액\n매출채권\n473,837\xa0\n(6,261)\n467,576\xa0\n458,759\xa0\n(6,090)\n452,669\xa0\n기타채권\n55,542\xa0\n(9,873)\n45,669\xa0\n50,264\xa0\n(9,873)\n40,391\xa0\n소\xa0\xa0 계\n529,379\xa0\n(16,134)\n513,245\xa0\n509,023\xa0\n(15,963)\n493,060\xa0\n장기기타채권\n48,877\xa0\n(2,324)\n46,553\xa0\n44,000\xa0\n(2,324)\n41,676\xa0\n합\xa0\xa0 계\n578,256\xa0\n(18,458)\n559,798\xa0\n553,023\xa0\n(18,287)\n534,736\xa0\n당분기말 현재 연결그룹이\xa0금융기관에\xa0매출채권을 양도하고 현금을 수령하였으나, 미결제된 금액은\xa0120,588백만원(전기말:\xa057,399백만원)입니다.\xa0미결제금액에 대해서는 대출약정 상 매출거래처의 부도가 발생하는 경우, 연결그룹이 금융기관에 해당금액을\xa0지급할 의무가 있으므로 동 거래는\xa0담보부차입으로 회계처리 되었습니다.\n나. 당분기말 및 전기말 현재 기타채권의 내역은 다음과 같습니다.\n(단위: 백만원)\n구\xa0\xa0 분\n당분기말\n전기말\n기타채권\n\xa0 미수금\n42,013\xa0\n34,139\xa0\n\xa0 단기대여금\n948\xa0\n1,131\xa0\n\xa0 미수수익\n1,043\xa0\n2,066\xa0\n\xa0 보증금\n1,665\xa0\n2,979\xa0\n\xa0 금융리스채권\n-\xa0\n76\xa0\n소\xa0\xa0 계\n45,669\xa0\n40,391\xa0\n\xa0 장기기타채권\n\xa0 장기대여금\n758\xa0\n662\xa0\n\xa0 장기보증금\n45,795\xa0\n40,838\xa0\n\xa0 장기금융리스채권\n-\xa0\n176\xa0\n소\xa0\xa0 계\n46,553\xa0\n41,676\xa0\n합\xa0\xa0 계\n92,222\xa0\n82,067\xa0\n다. 계약자산 및 계약부채당분기말 및 전기말 현재 계약자산 및 계약부채의 내역은 다음과 같습니다.\n(단위: 백만원)\n구\xa0\xa0 분\n당분기말\n전기말\n계약자산\n19,360\xa0\n18,675\xa0\n계약부채\n59,512\xa0\n46,887\xa0\n7. 기타금융자산 및 기타금융부채\xa0\n가. 당분기말 및 전기말 현재 기타금융자산 및 기타금융부채의 상세내역은 다음과 같습니다.\n(단위: 백만원)\n구\xa0\xa0 분\n당분기말\n전기말\n유동\n비유동\n합\xa0\xa0 계\n유동\n비유동\n합\xa0\xa0 계\n기타금융자산\n\xa0상각후원가측정 기타금융자산\n918\xa0\n105,991\xa0\n106,909\xa0\n-\xa0\n109,569\xa0\n109,569\xa0\n\xa0기타포괄손익-공정가치측정금융자산\n809\xa0\n29,272\xa0\n30,081\xa0\n688\xa0\n28,178\xa0\n28,866\xa0\n\xa0당기손익-공정가치측정금융자산\n377,132\xa0\n21,069\xa0\n398,201\xa0\n337,431\xa0\n23,861\xa0\n361,292\xa0\n합\xa0\xa0 계\n378,859\xa0\n156,332\xa0\n535,191\xa0\n338,119\xa0\n161,608\xa0\n499,727\xa0\n기타금융부채\n\xa0리스부채\n18,830\xa0\n88,344\xa0\n107,174\xa0\n16,102\xa0\n86,069\xa0\n102,171\xa0\n\xa0파생상품부채\n3,075\xa0\n-\xa0\n3,075\xa0\n3,344\xa0\n-\xa0\n3,344\xa0\n합\xa0\xa0 계\n21,905\xa0\n88,344\xa0\n110,249\xa0\n19,446\xa0\n86,069\xa0\n105,515\xa0\n나. 당분기말 및 전기말 현재 기타금융자산의 범주별 장부금액은 다음과 같습니다.\n(단위: 백만원)\n구\xa0 \xa0\xa0 분\n당분기말\n전기말\n상각후원가 측정 금융자산:\n\xa0 채무증권\n106,909\xa0\n109,569\xa0\n당기손익-공정가치 측정 금융자산:\n\xa0 활성시장에서 거래되지 않는 지분증권\n3,885\xa0\n3,885\xa0\n\xa0 수익증권\n376,524\xa0\n\xa0337,431\xa0\n\xa0 출자금 등\n17,184\xa0\n19,976\xa0\n\xa0 파생상품자산\n608\xa0\n-\xa0\n소\xa0 \xa0 \xa0 계\n398,201\xa0\n361,292\xa0\n기타포괄손익-공정가치 측정 금융자산:\xa0\n\xa0 활성시장에서 거래되는 지분증권\n23,748\xa0\n22,533\xa0\n\xa0 활성시장에서 거래되지 않는 지분증권\n4,353\xa0\n4,353\xa0\n\xa0 출자금 등\n1,980\xa0\n1,980\xa0\n소\xa0 \xa0 \xa0 계\n30,081\xa0\n28,866\xa0\n합\xa0 \xa0 \xa0 계\n535,191\xa0\n499,727\xa0\n다. 당분기와 전분기 중 파생상품을 제외한 당기손익-공정가치측정자산 및 기타포괄손익-공정가치측정금융자산의 변동 내역은 다음과 같습니다.\n(단위: 백만원)\n구\xa0\xa0 분\n당분기\n전분기\n기초\n390,158\xa0\n395,818\xa0\n취득\n374,006\xa0\n33,495\xa0\n처분\n(337,713)\n(25,252)\n평가손익(기타포괄손익)\n1,215\xa0\n(1,806)\n평가손익(당기손익)\n8\xa0\n(1,782)\n기말\n427,674\xa0\n400,473\xa0\n8. 재고자산\n당분기말 및 전기말 현재 재고자산의 내역은 다음과 같습니다.\n(단위: 백만원)\n구\xa0\xa0 분\n당분기말\n전기말\n평가전금액\n평가충당금\n장부가액\n평가전금액\n평가충당금\n장부가액\n상품\n281,577\xa0\n(2,085)\n279,492\xa0\n255,081\xa0\n(2,040)\n253,041\xa0\n제품\n144,637\xa0\n(9,171)\n135,466\xa0\n98,452\xa0\n(4,964)\n93,488\xa0\n반제품\n21,634\xa0\n(339)\n21,295\xa0\n16,009\xa0\n(269)\n15,740\xa0\n재공품\n22,917\xa0\n-\xa0\n22,917\xa0\n30,493\xa0\n-\xa0\n30,493\xa0\n원재료\n45,061\xa0\n(1,651)\n43,410\xa0\n34,939\xa0\n(1,200)\n33,739\xa0\n부재료\n4,420\xa0\n(32)\n4,388\xa0\n4,331\xa0\n(24)\n4,307\xa0\n저장품\n6,226\xa0\n-\xa0\n6,226\xa0\n6,021\xa0\n-\xa0\n6,021\xa0\n포장재\n86\xa0\n-\xa0\n86\xa0\n96\xa0\n-\xa0\n96\xa0\n미착품\n29,971\xa0\n-\xa0\n29,971\xa0\n26,281\xa0\n-\xa0\n26,281\xa0\n합\xa0\xa0 계\n556,529\xa0\n(13,278)\n543,251\xa0\n471,703\xa0\n(8,497)\n463,206\xa0\n9. 유형자산당분기와 전분기 중 유형자산의 변동내역은 다음과 같습니다.\n<당분기>\n(단위: 백만원)\n구\xa0\xa0 분\n당기초\n취득\n처분\n감가상각\n본계정대체(주1)\n재분류(주2)\n기타(주3)\n당분기말\n토지\n491,510\xa0\n334\xa0\n-\xa0\n-\xa0\n-\xa0\n(1)\n287\xa0\n492,130\xa0\n건물\n112,963\xa0\n734\xa0\n-\xa0\n(940)\n37\xa0\n(1,050)\n962\xa0\n112,706\xa0\n구축물\n14,048\xa0\n338\xa0\n-\xa0\n(386)\n2,808\xa0\n-\xa0\n67\xa0\n16,875\xa0\n기계장치\n68,223\xa0\n665\xa0\n(2)\n(4,472)\n3,231\xa0\n-\xa0\n1,301\xa0\n68,946\xa0\n(정부보조금)\n(1,382)\n-\xa0\n-\xa0\n132\xa0\n-\xa0\n-\xa0\n-\xa0\n(1,250)\n차량운반구\n1,229\xa0\n461\xa0\n(32)\n(116)\n7\xa0\n-\xa0\n13\xa0\n1,562\xa0\n공구와비품\n89,790\xa0\n4,808\xa0\n(12)\n(8,293)\n6,860\xa0\n-\xa0\n485\xa0\n93,638\xa0\n(정부보조금)\n(153)\n-\xa0\n-\xa0\n21\xa0\n-\xa0\n-\xa0\n-\xa0\n(132)\n기타의유형자산\n-\xa0\n-\xa0\n-\xa0\n-\xa0\n-\xa0\n-\xa0\n-\xa0\n-\xa0\n건설중인자산\n32,983\xa0\n14,618\xa0\n(211)\n-\xa0\n(13,220)\n-\xa0\n(236)\n33,934\xa0\n미착기계\n129\xa0\n173\xa0\n-\xa0\n-\xa0\n(224)\n-\xa0\n-\xa0\n78\xa0\n사용권자산\n121,569\xa0\n9,872\xa0\n(143)\n(6,687)\n-\xa0\n-\xa0\n1,645\xa0\n126,256\xa0\n합\xa0\xa0 계\n930,909\xa0\n32,003\xa0\n(400)\n(20,741)\n(501)\n(1,051)\n4,524\xa0\n944,743\xa0\n(주1) 건설중인자산 중 501백만원은 무형자산으로 대체되었습니다.(주2) 투자부동산으로 대체되었습니다.(주3) 환율변동효과 등이 포함된 금액입니다.\n<전분기>\n(단위: 백만원)\n구\xa0\xa0 분\n전기초\n취득\n처분\n감가상각\n본계정대체(주1)\n기타(주2)\n전분기말\n토지\n491,202\xa0\n-\xa0\n-\xa0\n-\xa0\n-\xa0\n(618)\n490,584\xa0\n건물\n107,209\xa0\n-\xa0\n-\xa0\n(1,025)\n15\xa0\n(650)\n105,549\xa0\n구축물\n14,589\xa0\n73\xa0\n-\xa0\n(312)\n384\xa0\n92\xa0\n14,826\xa0\n기계장치\n75,179\xa0\n1,053\xa0\n-\xa0\n(4,492)\n3,312\xa0\n1,978\xa0\n77,030\xa0\n(정부보조금)\n(1,607)\n-\xa0\n-\xa0\n142\xa0\n-\xa0\n-\xa0\n(1,465)\n차량운반구\n1,589\xa0\n111\xa0\n(57)\n(196)\n12\xa0\n(6)\n1,453\xa0\n공구와비품\n86,917\xa0\n3,524\xa0\n-\xa0\n(7,306)\n1,203\xa0\n631\xa0\n84,969\xa0\n(정부보조금)\n(277)\n-\xa0\n-\xa0\n46\xa0\n-\xa0\n-\xa0\n(231)\n기타의유형자산\n189\xa0\n8\xa0\n(5)\n(49)\n-\xa0\n-\xa0\n143\xa0\n건설중인자산\n19,663\xa0\n3,218\xa0\n(168)\n-\xa0\n(4,969)\n527\xa0\n18,271\xa0\n미착기계\n87\xa0\n-\xa0\n-\xa0\n-\xa0\n-\xa0\n-\xa0\n87\xa0\n사용권자산\n123,585\xa0\n9,656\xa0\n(3,591)\n(7,845)\n-\xa0\n(363)\n121,442\xa0\n합\xa0\xa0 계\n918,325\xa0\n17,643\xa0\n(3,821)\n(21,037)\n(43)\n1,591\xa0\n912,658\xa0\n(주1) 건설중인자산 중 43백만원은 무형자산으로 대체되었습니다.(주2) 환율변동효과 등이 포함된 금액입니다.\n10. 투자부동산당분기와 전분기 중 투자부동산의 변동내역은 다음과 같습니다.\n<당분기>\n(단위: 백만원)\n구\xa0\xa0 분\n당기초\n감가상각비\n재분류(주1)\n당분기말\n토지\n64,067\xa0\n(2)\n1\xa0\n64,066\xa0\n건물\n214,087\xa0\n(2,095)\n1,050\xa0\n213,042\xa0\n합\xa0\xa0 계\n278,154\xa0\n(2,097)\n1,051\xa0\n277,108\xa0\n(주1) 유형자산에서 대체되었습니다.\n<전분기>\n(단위: 백만원)\n구\xa0\xa0 분\n전기초\n감가상각비\n기타\n전분기말\n토지\n64,857\xa0\n(2)\n1,257\xa0\n66,112\xa0\n건물\n235,405\xa0\n(2,205)\n1,676\xa0\n234,876\xa0\n합\xa0\xa0 계\n300,262\xa0\n(2,207)\n2,933\xa0\n300,988\xa0\n11. 무형자산\xa0가. 당분기와 전분기 중 무형자산의 변동내역은 다음과 같습니다.\n<당분기>\n(단위: 백만원)\n구\xa0\xa0 분\n당기초\n취득\n처분\n상각\n대체(주1)\n기타(주2)\n당분기말\n영업권\n2,216\xa0\n-\xa0\n-\xa0\n-\xa0\n-\xa0\n-\xa0\n2,216\xa0\n산업재산권\n1,207\xa0\n43\xa0\n-\xa0\n(99)\n44\xa0\n-\xa0\n1,195\xa0\n기타의무형자산\n30,145\xa0\n1,534\xa0\n-\xa0\n(2,442)\n457\xa0\n117\xa0\n29,811\xa0\n회원권\n39,513\xa0\n2,128\xa0\n(4,883)\n-\xa0\n-\xa0\n-\xa0\n36,758\xa0\n합\xa0\xa0 계\n73,081\xa0\n3,705\xa0\n(4,883)\n(2,541)\n501\xa0\n117\xa0\n69,980\xa0\n(주1) 유형자산에서 대체되었습니다.(주2) 환율변동효과 등이 포함된 금액입니다.\n<전분기>\n(단위: 백만원)\n구\xa0\xa0 분\n전기초\n취득\n상각\n대체(주1)\n기타(주2)\n전분기말\n영업권\n78,942\xa0\n-\xa0\n-\xa0\n-\xa0\n-\xa0\n78,942\xa0\n산업재산권\n1,229\xa0\n2\xa0\n(98)\n21\xa0\n-\xa0\n1,154\xa0\n기타의무형자산\n29,303\xa0\n2,423\xa0\n(2,542)\n22\xa0\n240\xa0\n29,446\xa0\n회원권\n51,035\xa0\n4\xa0\n-\xa0\n-\xa0\n-\xa0\n51,039\xa0\n합\xa0\xa0 계\n160,509\xa0\n2,429\xa0\n(2,640)\n43\xa0\n240\xa0\n160,581\xa0\n(주1) 유형자산에서 대체되었습니다.(주2) 환율변동효과 등이 포함된 금액입니다.\n12. 리스가. 당분기와 전분기 중 사용권자산의 변동내역은 다음과 같습니다.\n<당분기>\n(단위: 백만원)\n구\xa0\xa0 분\n당기초\n증가\n상각\n감소\n기타(주1)\n당분기말\n건물\n58,252\xa0\n8,837\xa0\n(4,086)\n-\xa0\n1,002\xa0\n64,005\xa0\n기계장치\n168\xa0\n-\xa0\n(85)\n-\xa0\n5\xa0\n88\xa0\n차량운반구\n10,060\xa0\n523\xa0\n(1,531)\n(143)\n256\xa0\n9,165\xa0\n기타\n53,089\xa0\n512\xa0\n(985)\n-\xa0\n382\xa0\n52,998\xa0\n합\xa0\xa0 계\n121,569\xa0\n9,872\xa0\n(6,687)\n(143)\n1,645\xa0\n126,256\xa0\n(주1) 환율변동효과 등이 포함된 금액입니다.\n<전분기>\n(단위: 백만원)\n구\xa0\xa0 분\n전기초\n증가\n상각\n감소\n기타\n전분기말\n건물\n57,429\xa0\n6,817\xa0\n(4,240)\n(157)\n(131)\n59,718\xa0\n기계장치\n542\xa0\n-\xa0\n(88)\n-\xa0\n22\xa0\n476\xa0\n차량운반구\n18,597\xa0\n2,079\xa0\n(1,815)\n(3,434)\n(256)\n15,171\xa0\n기타\n47,017\xa0\n760\xa0\n(1,702)\n-\xa0\n2\xa0\n46,077\xa0\n합\xa0\xa0 계\n123,585\xa0\n9,656\xa0\n(7,845)\n(3,591)\n(363)\n121,442\xa0\n나. 당분기와 전분기 중 리스부채의 변동내역은 다음과 같습니다.\n<당분기>\n(단위: 백만원)\n구\xa0\xa0 분\n당기초\n증가\n이자비용\n감소\n해지\n기타(주1)\n당분기말\n리스부채\n102,172\xa0\n9,815\xa0\n946\xa0\n(10,517)\n(142)\n4,900\xa0\n107,174\xa0\n(주1) 환율변동효과 등이 포함된 금액입니다.\n<전분기>\n(단위: 백만원)\n구\xa0\xa0 분\n전기초\n증가\n이자비용\n감소\n기타\n전분기말\n리스부채\n112,728\xa0\n12,323\xa0\n1,302\xa0\n(8,525)\n(6,761)\n111,067\xa0\n13. 관계기업투자 및 공동기업투자가. 당분기말 및 전기말 현재 관계기업 및 공동기업의 현황과 장부금액은 다음과 같습니다.\n(단위: 백만원)\n기업명\n지분율(%)\n소재지\n취득원가\n당분기말\n전기말\n효성티앤씨㈜\n20.32\n한국\n176,483\xa0\n233,313\xa0\n208,024\xa0\n효성중공업㈜\n32.47\n한국\n161,041\xa0\n399,186\xa0\n400,510\xa0\n효성첨단소재㈜\n21.20\n한국\n116,476\xa0\n108,709\xa0\n97,783\xa0\n효성화학㈜\n20.17\n한국\n97,688\xa0\n113,783\xa0\n102,814\xa0\n태백풍력발전㈜\n35\n한국\n5,334\xa0\n9,252\xa0\n8,964\xa0\n평창풍력발전㈜ (주1)\n42\n한국\n6,510\xa0\n8,656\xa0\n8,445\xa0\n효성인포메이션시스템㈜(주2)\n50\n한국\n24,860\xa0\n45,905\xa0\n48,930\xa0\n효성토요타㈜\n40\n한국\n800\xa0\n3,054\xa0\n3,040\xa0\n효성아이티엑스㈜\n35.26\n한국\n7,676\xa0\n25,986\xa0\n17,670\xa0\n순천에코그린㈜ (주3, 4)\n29.50\n한국\n-\xa0\n-\xa0\n-\xa0\n㈜광주일보사\n49\n한국\n3,920\xa0\n2,161\xa0\n2,225\xa0\nPT. Papua Agro Lestari(주5)\n15\n인도네시아\n10,458\xa0\n8,631\xa0\n8,480\xa0\nPT. GELORA MANDIRI MEMBANGUN(주5)\n15\n인도네시아\n4,687\xa0\n3,974\xa0\n4,134\xa0\nHyosung Vietnam Co., Ltd.\n28.57\n베트남\n20,849\xa0\n166,462\xa0\n171,145\xa0\nHyosung Istanbul TEKSTIL LTD.STI(주6)\n56.58\n터키\n12,731\xa0\n218,166\xa0\n175,742\xa0\n합\xa0\xa0 계\n649,513\xa0\n1,347,238\xa0\n1,257,906\xa0\n(주1) 연결그룹은 평창풍력발전㈜의 차입금과 관련하여 연결그룹이 보유하고 있는\xa0 \xa0 \xa0 \xa0 \xa0\xa0 평창풍력발전㈜ 지분을 담보로 제공하고 있습니다(주석 30 참조).(주2) 연결그룹과 Hitachi Vantara Corporation이 피투자자에 대한 공동지배력을 보\xa0 \xa0 \xa0 \xa0\xa0 유하고 있어 공동기업으로 분류하고 있습니다.(주3) 연결그룹은 순천에코그린㈜의 차입금과 관련하여 연결그룹이 보유하고 있는\xa0 \xa0 \xa0 \xa0 \xa0\xa0 순천에코그린㈜ 지분을 담보로 제공하고 있습니다(주석 30 참조).(주4) 지분법손실 누적으로 관계기업투자의 장부가액이 영(""0"") 이하가 되어 지분법\xa0 \xa0 \xa0 \xa0 \xa0\xa0 적용을 중단하였습니다.(주5) 연결그룹이 보유한 지분율이 20% 미만이나, 피투자자의 의사결정기구 참여 및\xa0 \xa0 \xa0 \xa0 경영진의 상호교류 등 유의적인 영향력을 보유함에 따라 관계기업투자로 분류\xa0 \xa0 \xa0 \xa0\xa0 하였습니다.(주6) 연결그룹은 주주간계약을 통해 Hyosung Istanbul TEKSTIL LTD.STI 에 대한\xa0 \xa0 \xa0 \xa0\xa0 의결권을 ㈜효성티앤씨에게 위임하였습니다. 이에 따라 지분율이 50%를 초과\xa0 \xa0 \xa0 \xa0\xa0 함에도 관계기업으로 분류하였습니다.\n나. 당분기와 전분기의 관계기업에 대한 지분법 평가 내역은 다음과 같습니다.\n<당분기>\n(단위: 백만원)\n기업명\n당기초\n지분법손익\n기타포괄손익\n기타\n당분기말\n효성티앤씨㈜\n208,024\xa0\n27,249\xa0\n2,427\xa0\n(4,387)\n233,313\xa0\n효성중공업㈜\n400,510\xa0\n(1,422)\n221\xa0\n(123)\n399,186\xa0\n효성첨단소재㈜\n97,783\xa0\n7,631\xa0\n3,322\xa0\n(27)\n108,709\xa0\n효성화학㈜\n102,814\xa0\n8,239\xa0\n2,763\xa0\n(33)\n113,783\xa0\n태백풍력발전㈜\n8,964\xa0\n288\xa0\n-\xa0\n-\xa0\n9,252\xa0\n평창풍력발전㈜\n8,445\xa0\n211\xa0\n-\xa0\n-\xa0\n8,656\xa0\n효성인포메이션시스템㈜\n48,930\xa0\n453\xa0\n-\xa0\n(3,478)\n45,905\xa0\n효성토요타㈜\n3,040\xa0\n20\xa0\n-\xa0\n(6)\n3,054\xa0\n효성아이티엑스㈜\n17,670\xa0\n1,182\xa0\n8,453\xa0\n(1,319)\n25,986\xa0\n㈜광주일보사\n2,225\xa0\n(43)\n-\xa0\n(21)\n2,161\xa0\nPT. Papua Agro Lestari\n8,480\xa0\n90\xa0\n61\xa0\n-\xa0\n8,631\xa0\nPT. GELORA MANDIRI MEMBANGUN\n4,134\xa0\n(169)\n9\xa0\n-\xa0\n3,974\xa0\nHyosung Vietnam Co., Ltd.\n171,145\xa0\n9,458\xa0\n2,525\xa0\n(16,666)\n166,462\xa0\nHyosung Istanbul TEKSTIL LTD.STI\n175,742\xa0\n41,960\xa0\n6,264\xa0\n(5,800)\n218,166\xa0\n합\xa0\xa0 계\n1,257,906\xa0\n95,147\xa0\n26,045\xa0\n(31,860)\n1,347,238\xa0\n<전분기>\n(단위: 백만원)\n기업명\n전기초\n취득(처분)\n지분법손익\n기타포괄손익\n기타\n전분기말\n효성티앤씨㈜\n189,194\xa0\n-\xa0\n3,255\xa0\n941\xa0\n(1,773)\n191,617\xa0\n효성중공업㈜\n426,231\xa0\n\u3000-\xa0\n(21,360)\n1,037\xa0\n(63)\n405,845\xa0\n효성첨단소재㈜\n99,850\xa0\n\u3000-\xa0\n1,032\xa0\n3,712\xa0\n(11)\n104,583\xa0\n효성화학㈜\n114,367\xa0\n\u3000-\xa0\n(16)\n2,522\xa0\n(3,228)\n113,645\xa0\n태백풍력발전㈜\n10,099\xa0\n\u3000-\xa0\n(404)\n-\xa0\n(245)\n9,450\xa0\n평창풍력발전㈜\n9,873\xa0\n\u3000-\xa0\n26\xa0\n-\xa0\n(1,365)\n8,534\xa0\n효성인포메이션시스템㈜\n47,195\xa0\n\u3000-\xa0\n70\xa0\n-\xa0\n(2,499)\n44,766\xa0\n효성토요타㈜\n3,116\xa0\n\u3000-\xa0\n(135)\n-\xa0\n12\xa0\n2,993\xa0\n효성아이티엑스㈜\n17,962\xa0\n\u3000-\xa0\n901\xa0\n(1,661)\n(2,179)\n15,023\xa0\n㈜광주일보사\n3,596\xa0\n\u3000-\xa0\n(1,105)\n-\xa0\n(17)\n2,474\xa0\nPT. Papua Agro Lestari\n9,713\xa0\n\u3000-\xa0\n(158)\n(634)\n-\xa0\n8,921\xa0\nPT. GELORA MANDIRI MEMBANGUN\n4,174\xa0\n\u3000-\xa0\n(440)\n(28)\n-\xa0\n3,706\xa0\nHyosung Vietnam Co., Ltd.\n185,309\xa0\n\u3000-\xa0\n1,996\xa0\n3,572\xa0\n(17,647)\n173,230\xa0\nHyosung Istanbul TEKSTIL LTD.STI\n157,606\xa0\n\u3000-\xa0\n7,614\xa0\n6,180\xa0\n(8,559)\n162,841\xa0\n패스파인더청년창업투자조합\n2,376\xa0\n350\xa0\n(23)\n\u3000-\xa0\n-\xa0\n2,703\xa0\n합\xa0\xa0 계\n1,280,661\xa0\n350\xa0\n(8,747)\n15,641\xa0\n(37,574)\n1,250,331\xa0\n다. 당분기말 현재 지분법적용 중지로 인하여 인식하지 못한 지분변동액 중 중요한 내역은 다음과 같습니다.\n(단위: 백만원)\n구\xa0\xa0 분\n전기말\n증감\n당분기말\n순천에코그린㈜\xa0\n(5,694)\n(435)\n(6,129)\n라. 주요 관계기업의 요약 재무정보, 관계기업투자의 장부금액으로의 조정 내역 및 관계기업으로부터 수령한 배당금은 아래와 같습니다.\n(단위: 백만원)\n기업명\n유동자산\n비유동자산\n유동부채\n비유동부채\n수익\n분기순이익\n기타포괄 손익\n총포괄손익\n관계기업에서 수령한 배당금\n효성티앤씨㈜\n1,634,828\xa0\n1,554,854\xa0\n1,886,746\xa0\n415,962\xa0\n1,618,201\xa0\n180,114\xa0\n18,880\xa0\n198,994\xa0\n4,396\xa0\n효성중공업㈜\n1,192,165\xa0\n2,431,884\xa0\n1,649,581\xa0\n996,415\xa0\n583,173\xa0\n8,757\xa0\n1,057\xa0\n9,814\xa0\n-\xa0\n효성첨단소재㈜\n987,933\xa0\n1,555,407\xa0\n1,604,628\xa0\n501,521\xa0\n769,465\xa0\n54,196\xa0\n18,550\xa0\n72,746\xa0\n-\xa0\n효성화학㈜\n558,524\xa0\n2,129,809\xa0\n692,758\xa0\n1,537,796\xa0\n591,176\xa0\n41,886\xa0\n13,539\xa0\n55,425\xa0\n-\xa0\n태백풍력발전㈜\n2,374\xa0\n26,844\xa0\n280\xa0\n2,504\xa0\n1,967\xa0\n823\xa0\n-\xa0\n823\xa0\n-\xa0\n평창풍력발전㈜\n8,870\xa0\n63,122\xa0\n3,995\xa0\n47,388\xa0\n2,516\xa0\n502\xa0\n-\xa0\n502\xa0\n-\xa0\n효성인포메이션시스템㈜\n121,669\xa0\n18,607\xa0\n41,875\xa0\n6,591\xa0\n33,355\xa0\n907\xa0\n-\xa0\n907\xa0\n3,460\xa0\n효성토요타㈜\n8,708\xa0\n14,175\xa0\n6,518\xa0\n8,732\xa0\n11,772\xa0\n50\xa0\n-\xa0\n50\xa0\n-\xa0\n효성아이티엑스㈜\n112,554\xa0\n65,610\xa0\n81,996\xa0\n23,059\xa0\n111,611\xa0\n3,353\xa0\n23,972\xa0\n27,325\xa0\n1,319\xa0\n순천에코그린㈜\n814\xa0\n25,720\xa0\n5,120\xa0\n44,165\xa0\n-\xa0\n(1,475)\n-\xa0\n(1,475)\n-\xa0\n㈜광주일보사\n4,065\xa0\n16,674\xa0\n14,060\xa0\n2,268\xa0\n1,423\xa0\n(88)\n-\xa0\n(88)\n-\xa0\nPT. Papua Agro Lestari\n19,059\xa0\n40,320\xa0\n1,776\xa0\n21,335\xa0\n2,903\xa0\n598\xa0\n407\xa0\n1,005\xa0\n-\xa0\nPT. GELORA MANDIRI MEMBANGUN\n5,048\xa0\n82,560\xa0\n57,571\xa0\n26,344\xa0\n-\xa0\n(1,126)\n61\xa0\n(1,065)\n-\xa0\nHyosung Vietnam Co., Ltd.\n415,609\xa0\n339,595\xa0\n572,250\xa0\n600\xa0\n384,888\xa0\n41,769\xa0\n8,836\xa0\n50,605\xa0\n16,666\xa0\nHyosung Istanbul TEKSTIL LTD.STI\n572,327\xa0\n790,876\xa0\n739,454\xa0\n236,077\xa0\n410,787\xa0\n99,677\xa0\n15,748\xa0\n115,425\xa0\n5,800\xa0\n마. 당분기말 현재 시장성 있는 관계기업투자의 공정가치는 다음과 같습니다.\n(단위: 백만원)\n기업명\n당분기말\n효성티앤씨㈜\n\xa0 \xa0\xa0 503,833\xa0\n효성중공업㈜\n\xa0 \xa0\xa0 237,380\xa0\n효성첨단소재㈜\n\xa0 \xa0\xa0 361,414\xa0\n효성화학㈜\n\xa0 \xa0\xa0 198,836\xa0\n효성아이티엑스㈜\n\xa0 \xa0 \xa0 88,521\xa0\n14. 기타자산가. 당분기말 및 전기말 현재 기타자산의 내역은 다음과 같습니다.\n(단위: 백만원)\n구\xa0\xa0 분\n당분기말\n전기말\n기타유동자산\n\xa0선급금\n74,243\xa0\n60,449\xa0\n\xa0선급비용\n41,162\xa0\n30,665\xa0\n소\xa0\xa0 계\n115,405\xa0\n91,114\xa0\n기타비유동자산\n\xa0장기선급금\n5,621\xa0\n1,175\xa0\n\xa0장기선급비용\n826\xa0\n4,944\xa0\n\xa0기타의투자자산\n25,121\xa0\n24,799\xa0\n소\xa0\xa0 계\n31,568\xa0\n30,918\xa0\n합\xa0\xa0 계\n146,973\xa0\n122,032\xa0\n나. 당분기말 및 전기말 현재 기타의투자자산 내역은 다음과 같습니다.\n(단위: 백만원)\n구\xa0\xa0 분\n당분기말\n전기말\n광업권\n1,141\xa0\n819\xa0\n미술품\n23,980\xa0\n23,980\xa0\n합\xa0\xa0 계\n25,121\xa0\n24,799\xa0\n15. 특수관계자\n가. 당분기말 연결그룹의 특수관계자 현황은 다음과 같습니다.\n(1) 관계기업 및 공동기업\n지 역\n회사명\n국내\n효성중공업㈜, 효성티앤씨㈜, 효성첨단소재㈜, 효성화학㈜, 순천에코그린㈜, ㈜광주일보사,태백풍력발전㈜, 평창풍력발전㈜, 효성토요타㈜, 효성인포메이션시스템㈜, 효성아이티엑스㈜,\n아시아지역\nHyosung Vietnam Co., Ltd., PT Papua Agro Lestari, PT. GELORA MANDIRI MEMBANGUN\n유럽지역\nHyosung Istanbul TEKSTIL LTD.STI\n(2) 기타특수관계자(주1)\n지 역\n회사명\n국내\n갤럭시아마이크로페이먼트㈜,갤럭시아일렉트로닉스㈜, 공덕개발, 더클래스효성㈜, 더프리미엄효성㈜, 동륭실업㈜, ㈜신동진, ㈜아승오토모티브그룹, 트리니티에셋메니지먼트㈜, 행복두드리미㈜, 효성프리미어모터스㈜, ㈜에이에스씨,㈜갤럭시아에스엠, 갤럭시아머니트리㈜, 신성자동차㈜, ㈜에브리쇼 등\n중국지역\nTianjin Galaxia Device Electronics., Co.Ltd., Huizhou Galaxia Device Electronics., Co. Ltd.,Qingdao Galaxia Device Electronics., Co.Ltd., Weihai Galaxia Device Electronics., Co.Ltd.,Galaxia Electronics (China Huizhou) Co., Ltd., DNS Technology Co., Ltd., 등\n아시아지역\nGalaxia Japan, Hyosung Singapore PTE Ltd. 등\n유럽지역\nHyosung Europe SRL 등\n(주1) 제1024호 특수관계자 범위에 포함되지 않으나 독점규제 및 공정거래법에 따른\xa0 \xa0 \xa0 \xa0 동일한 대규모기업집단 소속회사가 포함되어 있습니다.\n나. 연결그룹과 특수관계자와의 주요 거래 내역당분기와 전분기 중 연결그룹과 특수관계자와의 중요한 영업상의 거래 내역은 다음과 같습니다.\n<당분기>\n(단위: 백만원)\n구\xa0\xa0 분\n기업명\n매출 등(주1)\n배당수익\n매입 등(주1)\n유ㆍ무형자산등 취득(처분)\n관계기업\n효성중공업㈜\n17,657\xa0\n-\xa0\n45,030\xa0\n(4,800)\n효성티앤씨㈜\n19,127\xa0\n4,396\xa0\n23,398\xa0\n-\xa0\n효성화학㈜\n19,353\xa0\n-\xa0\n1,465\xa0\n-\xa0\n효성첨단소재㈜\n9,944\xa0\n-\xa0\n30,876\xa0\n-\xa0\nHyosung Vietnam Co., Ltd.\n73\xa0\n-\xa0\n-\xa0\n-\xa0\n효성아이티엑스㈜\n500\xa0\n1,319\xa0\n1,819\xa0\n163\xa0\n효성인포메이션시스템㈜\n119\xa0\n3,460\xa0\n745\xa0\n1,337\xa0\nHyosung Istanbul TEKSTIL LTD.STI\n1,438\xa0\n-\xa0\n-\xa0\n-\xa0\n기타\n-\xa0\n-\xa0\n43\xa0\n-\xa0\n소계\n68,211\xa0\n9,175\xa0\n103,376\xa0\n(3,300)\n기타\nGlobal Safety Textiles LLC\n13,301\xa0\n-\xa0\n191\xa0\n-\xa0\nHyosung Japan Co., Ltd.\n1,167\xa0\n-\xa0\n-\xa0\n-\xa0\nGST Safety Textiles RO S.R.L.\n401\xa0\n-\xa0\n43\xa0\n-\xa0\nHyosung DongNai Co,LTD\n293\xa0\n-\xa0\n-\xa0\n-\xa0\nHyosung Steel Cord (Qingdao) Co., Ltd\n542\xa0\n-\xa0\n-\xa0\n-\xa0\nHyosung Mexico CITY S.A. de C.V.\n171\xa0\n-\xa0\n126\xa0\n-\xa0\n갤럭시아에스엠\n86\xa0\n-\xa0\n347\xa0\n-\xa0\n기타\n817\xa0\n-\xa0\n524\xa0\n-\xa0\n소계\n16,778\xa0\n-\xa0\n1,231\xa0\n-\xa0\n합\xa0\xa0 계\n84,989\xa0\n9,175\xa0\n104,607\xa0\n(3,300)\n(주1) 매출 등에는 매출, 임대료수익, 이자수익 등이, 매입 등에는 원재료 매입, 수출\xa0 \xa0 \xa0 \xa0 \xa0 비,지급수수료, 이자비용 등이 포함되어 있습니다.\n<전분기>\n(단위: 백만원)\n구\xa0\xa0 분\n기업명\n매출 등(주1)\n배당수익\n매입 등(주1)\n유ㆍ무형자산등 취득\n관계기업\n효성중공업㈜\n17,453\xa0\n-\xa0\n26,745\xa0\n-\xa0\n효성티앤씨㈜\n17,959\xa0\n1,759\xa0\n13,067\xa0\n-\xa0\n효성화학㈜\n18,444\xa0\n3,217\xa0\n1,058\xa0\n-\xa0\n효성첨단소재㈜\n13,691\xa0\n-\xa0\n46,251\xa0\n-\xa0\nHyosung Vietnam Co., Ltd.\n257\xa0\n17,646\xa0\n84,206\xa0\n-\xa0\n효성아이티엑스㈜\n379\xa0\n2,179\xa0\n1,051\xa0\n431\xa0\n효성인포메이션시스템㈜\n104\xa0\n2,595\xa0\n51\xa0\n-\xa0\nHyosung Istanbul TEKSTIL LTD.STI\n22\xa0\n8,561\xa0\n-\xa0\n-\xa0\n기타\n112\xa0\n1,610\xa0\n42\xa0\n-\xa0\n소\xa0\xa0 계\n68,421\xa0\n37,567\xa0\n172,471\xa0\n431\xa0\n기타\nGlobal Safety Textiles LLC\n14,169\xa0\n-\xa0\n589\xa0\n-\xa0\nHyosung Japan Co., Ltd.\n1,726\xa0\n-\xa0\n49\xa0\n-\xa0\nHyosung DongNai Co,LTD\n527\xa0\n-\xa0\n23,359\xa0\n-\xa0\nHyosung Europe SRL\n469\xa0\n-\xa0\n147\xa0\n-\xa0\nHYOSUNG INDIA Pvt Ltd\n464\xa0\n-\xa0\n-\xa0\n-\xa0\nHuizhou Galaxia Device  Electronics., Co.Ltd\n309\xa0\n-\xa0\n37,013\xa0\n-\xa0\n더클래스효성㈜\n71\xa0\n-\xa0\n-\xa0\n675\xa0\n갤럭시아머니트리㈜(구: 갤럭시아커뮤니케이션즈)\n714\xa0\n-\xa0\n-\xa0\n-\xa0\n㈜갤럭시아에스엠\n-\xa0\n-\xa0\n443\xa0\n-\xa0\n기타\n2,156\xa0\n-\xa0\n10,495\xa0\n-\xa0\n소\xa0\xa0 계\n20,605\xa0\n-\xa0\n72,095\xa0\n675\xa0\n합\xa0\xa0 계\n89,026\xa0\n37,567\xa0\n244,566\xa0\n1,106\xa0\n(주1) 매출 등에는 매출, 임대료수익, 이자수익 등이, 매입 등에는 원재료 매입, 수출\xa0 \xa0 \xa0 \xa0 \xa0 비,지급수수료, 이자비용 등이 포함되어 있습니다.\n다.\xa0당분기말 및 전기말 현재 특수관계자에 대한 채권ㆍ채무잔액은 다음과 같습니다.\n<당분기말>\n(단위: 백만원)\n구\xa0\xa0 분\n기업명\n매출채권\n기타채권(주1)\n매입채무\n기타채무(주1)\n관계기업\n효성중공업㈜ (주2)\n10,589\xa0\n21,518\xa0\n31,883\xa0\n15,177\xa0\n효성화학㈜\n14,901\xa0\n10\xa0\n1,403\xa0\n52\xa0\n효성티앤씨㈜\n17,266\xa0\n4,479\xa0\n19,080\xa0\n781\xa0\n효성첨단소재㈜\n7,299\xa0\n67\xa0\n465\xa0\n5,220\xa0\nHyosung Vietnam Co., Ltd.\n51\xa0\n228\xa0\n-\xa0\n-\xa0\n㈜광주일보사\n-\xa0\n8,262\xa0\n-\xa0\n323\xa0\n기타\n1,637\xa0\n7\xa0\n143\xa0\n2,865\xa0\n소계\n51,743\xa0\n34,571\xa0\n52,974\xa0\n24,418\xa0\n기타\nGlobal Safety Textiles LLC\n15,607\xa0\n-\xa0\n1,816\xa0\n-\xa0\nHyosung Mexico CITY S.A. de C.V.\n-\xa0\n171\xa0\n-\xa0\n-\xa0\nHuizhou Galaxia Device Electronics., Co.Ltd\n-\xa0\n-\xa0\n-\xa0\n-\xa0\nHyosung Europe SRL\n-\xa0\n-\xa0\n-\xa0\n-\xa0\nHyosung Japan Co., Ltd.\n149\xa0\n-\xa0\n8\xa0\n149\xa0\nHyosung DongNai Co,LTD\n29\xa0\n119\xa0\n-\xa0\n-\xa0\nHyosung Spandex (Jiaxing) Co., Ltd.\n2\xa0\n-\xa0\n-\xa0\n-\xa0\n공덕개발\n-\xa0\n516\xa0\n-\xa0\n1,948\xa0\n갤럭시아에스엠\n34\xa0\n-\xa0\n127\xa0\n-\xa0\n갤럭시아머니트리㈜\n-\xa0\n1,752\xa0\n-\xa0\n677\xa0\n기타\n2,127\xa0\n971\xa0\n848\xa0\n3,428\xa0\n소계\n17,948\xa0\n3,529\xa0\n2,799\xa0\n6,202\xa0\n합\xa0\xa0 계\n69,691\xa0\n38,100\xa0\n55,773\xa0\n30,620\xa0\n(주1)\xa0기타채권에는 미수금, 대여금, 임차보증금,\xa0선급금\xa0등이 포함되어 있으며, 기타\xa0 \xa0 \xa0\xa0 채무에는 미지급금, 임대보증금 등이 포함되어 있습니다.(주2) 연결그룹은 효성중공업㈜에 대한 회원권\xa025,200백만원을 무형자산으로 인식하\xa0 \xa0 \xa0 \xa0 고 있습니다.\n<전기말>\n(단위: 백만원)\n구\xa0\xa0 분\n기업명\n매출채권\n기타채권(주1)\n매입채무\n기타채무(주1)\n관계기업\n효성중공업㈜ (주2)\n12,319\xa0\n19,763\xa0\n26,208\xa0\n8,833\xa0\n효성화학㈜\n11,770\xa0\n23\xa0\n-\xa0\n2,987\xa0\n효성티앤씨㈜\n11,779\xa0\n61\xa0\n14,653\xa0\n3,082\xa0\n효성첨단소재㈜\n7,742\xa0\n41\xa0\n4,810\xa0\n5,606\xa0\nHyosung Vietnam Co., Ltd.\n511\xa0\n210\xa0\n42,680\xa0\n-\xa0\n㈜광주일보사\n-\xa0\n8,262\xa0\n-\xa0\n112\xa0\n기타\n346\xa0\n7\xa0\n723\xa0\n727\xa0\n소\xa0\xa0 계\n44,467\xa0\n28,367\xa0\n89,074\xa0\n21,347\xa0\n기타\nGlobal Safety Textiles LLC\n9,664\xa0\n-\xa0\n2,966\xa0\n-\xa0\nHyosung Mexico CITY S.A. de C.V.\n1,704\xa0\n-\xa0\n-\xa0\n-\xa0\nHuizhou Galaxia Device Electronics., Co.Ltd\n1,618\xa0\n54\xa0\n24,861\xa0\n70\xa0\nHyosung Europe SRL\n1,340\xa0\n17\xa0\n-\xa0\n30\xa0\nHyosung Japan Co., Ltd.\n176\xa0\n-\xa0\n-\xa0\n290\xa0\nHyosung DongNai Co,LTD\n199\xa0\n116\xa0\n13,603\xa0\n-\xa0\nHyosung Spandex (Jiaxing) Co., Ltd.\n21\xa0\n-\xa0\n3,043\xa0\n-\xa0\n공덕개발\n-\xa0\n833\xa0\n-\xa0\n2,905\xa0\n갤럭시아에스엠\n34\xa0\n-\xa0\n126\xa0\n2\xa0\n갤럭시아머니트리㈜(구: 갤럭시아커뮤니케이션즈)\n-\xa0\n1,944\xa0\n-\xa0\n830\xa0\nHyosung Luxembourg S.A\n-\xa0\n-\xa0\n2,127\xa0\n-\xa0\n기타\n26,004\xa0\n1,693\xa0\n2,731\xa0\n4,336\xa0\n소\xa0\xa0 계\n40,760\xa0\n4,657\xa0\n49,457\xa0\n8,463\xa0\n합\xa0\xa0 계\n85,227\xa0\n33,024\xa0\n138,531\xa0\n29,810\xa0\n(주1)\xa0기타채권에는 미수금, 대여금, 임차보증금,\xa0선급금\xa0등이 포함되어 있으며, 기타\xa0 \xa0 \xa0 \xa0 채무에는 미지급금, 임대보증금 등이 포함되어 있습니다.(주2) 연결그룹은 효성중공업㈜에 대한 회원권\xa030,000백만원을 무형자산으로 인식하\xa0 \xa0 \xa0 \xa0 고 있습니다.\n라.\xa0연결그룹은 당분기 중 특수관계자와의 자금거래내역이 없으며, 당분기말 현재\xa0㈜광주일보사 대여금 및 미수수익 8,262백만원에 대해 전액 손실충당금을 인식하고 있습니다.전분기 특수관계자와의 자금거래내역은 다음과 같습니다.\n<전분기>\n(단위: 백만원)\n구\xa0\xa0 분\n기업명\n자금대여 거래\n기초\n대여\xa0\n회수\n외화평가\n분기말\n관계기업\nPT. Gelora Mandiri Membangun\n2,560\xa0\n-\xa0\n-\xa0\n143\xa0\n2,703\xa0\n㈜광주일보사\n7,853\xa0\n-\xa0\n-\xa0\n-\xa0\n7,853\xa0\n기타\n특수관계자\nHyosung Mexico CITY S.A. de C.V.\n712\xa0\n-\xa0\n-\xa0\n40\xa0\n752\xa0\n기타\n-\xa0\n70,500\xa0\n(70,500)\n-\xa0\n-\xa0\n마.\xa0당분기와\xa0전분기\xa0중 지배기업이 주요 경영진(등기임원) 보상을 위해 비용으로 계상한 금액은 다음과 같습니다.\n(단위: 백만원)\n구\xa0\xa0 분\n당분기\n전분기\n단기급여\n1,445\xa0\n1,445\xa0\n퇴직급여\n220\xa0\n229\xa0\n\xa0합\xa0\xa0 계\n1,665\xa0\n1,674\xa0\n바. 특수관계자에 제공한 지급보증내역은 주석 30에 기술되어 있습니다.\n사.\xa0연결그룹은 관계기업인 순천에코그린㈜의 민간투자사업을 위해 수표 2매를 견질로 제공하고 있습니다.\n16. 매입채무및기타채무\n가.\xa0당분기말\xa0및 전기말 현재 매입채무및기타채무의 내역은 다음과 같습니다.\n(단위: 백만원)\n구\xa0\xa0 분\n당분기말\n전기말\n매입채무\n280,822\xa0\n233,503\xa0\n기타채무\n245,874\xa0\n171,125\xa0\n소\xa0\xa0 계\n526,696\xa0\n404,628\xa0\n장기기타채무\n22,467\xa0\n20,751\xa0\n합\xa0\xa0 계\n549,163\xa0\n425,379\xa0\n나. 당분기말 및 전기말 현재 기타채무의 장부금액은 다음과 같습니다.\n(단위: 백만원)\n구\xa0\xa0 분\n당분기말\n전기말\n기타채무\n\xa0미지급금\n163,605\xa0\n82,510\xa0\n\xa0미지급비용\n19,772\xa0\n29,346\xa0\n\xa0예수금\n60,425\xa0\n55,889\xa0\n\xa0예수보증금\n2,072\xa0\n3,380\xa0\n소 계\n245,874\xa0\n171,125\xa0\n장기기타채무\n\xa0미지급금\n5,150\xa0\n5,008\xa0\n\xa0미지급비용\n1,005\xa0\n958\xa0\n\xa0예수보증금\n16,312\xa0\n14,785\xa0\n소 계\n22,467\xa0\n20,751\xa0\n합 계\n268,341\xa0\n191,876\xa0\n17.\xa0차입금\xa0및 사채\n가. 당분기말 및 전기말 현재 차입금의 내역은 다음과 같습니다.\n(단위: 백만원)\n구\xa0\xa0 분\n당분기말\n전기말\n유동부채\n\xa0단기차입금\xa0\n454,077\xa0\n391,872\xa0\n\xa0유동성장기차입금\xa0\n190,136\xa0\n136\xa0\n\xa0소\xa0\xa0 계\xa0\n644,213\xa0\n392,008\xa0\n비유동부채\xa0\n\xa0장기차입금\xa0\n251,516\xa0\n437,482\xa0\n\xa0사채\n11,264\xa0\n10,799\xa0\n\xa0소\xa0\xa0 계\xa0\n262,780\xa0\n448,281\xa0\n\xa0합\xa0\xa0 계\xa0\n906,993\xa0\n840,289\xa0\n나. 당분기말 및 전기말 단기차입금의 상세 현황은 다음과 같습니다.\n(단위: 백만원)\n구\xa0\xa0 분\n차입처\n이자율(%)\n당분기말\n전기말\n일반대출\n㈜우리은행 외\n1.72 ~ 2.89\n182,617\xa0\n192,032\xa0\n매출채권 매각차입(주1)\n㈜우리은행 외\n1.12 ~ 1.43\n120,588\xa0\n57,399\xa0\n기타\n㈜우리은행 외\n0.46 ~ 3.95\n150,872\xa0\n142,441\xa0\n합\xa0\xa0 계\n454,077\xa0\n391,872\xa0\n(주1) 연결그룹은\xa0외화매출채권을 금융기관 등에 매각하였으며, 이 중 매출거래처의\xa0 \xa0 \xa0 \xa0\xa0 부도가 발생하는 경우 연결그룹이 은행에 해당 금액을 지급할 의무를 가지는\xa0 \xa0 \xa0 \xa0 \xa0\xa0 소구권이 있는 거래에 대해서는 담보부차입으로 회계처리하였습니다(주석 6\xa0 \xa0 \xa0 \xa0 \xa0 \xa0 참조).\n다. 당분기말 및 전기말 장기차입금의 상세 현황은 다음과 같습니다.\n(단위: 백만원)\n구\xa0\xa0 분\n차입처\n이자율(%)\n\xa0당분기말\n전기말\n<㈜효성>\n원화장기차입금\n한국에너지공단\n0.75\n865\xa0\n899\xa0\n<종속기업>\n원화장기차입금\n한화생명보험 외\n2.85 ~\xa03.70\n340,000\xa0\n340,000\xa0\n외화장기차입금\n수출입은행 외\n1.47 ~ 3.29\n100,882\xa0\n96,832\xa0\n합\xa0\xa0 계\n441,747\xa0\n437,731\xa0\n차감: 유동성장기차입금\n(190,136)\n(136)\n현재가치할인차금\n(95)\n(113)\n합\xa0\xa0 계\n251,516\xa0\n437,482\xa0\n상기 장기차입금은 원금분할상환되거나 만기에 일시상환되며, 이와 관련하여 연결그룹의\xa0기타금융자산 및 유형자산 등이 담보로 제공하고 있습니다(주석\xa030 참조).\n라. 당분기말 및 전기말 사채의 상세 현황은 다음과 같습니다.\n(단위: 백만원)\n종\xa0 류\n만기일\n이자율(%)\n당분기말\n전기말\n<㈜효성굿스프링스>\n사모사채\n2022-05-23\n1.15\n11,335\xa0\n10,880\xa0\n합\xa0\xa0 계\n11,335\xa0\n10,880\xa0\n차감 : 유동성사채\n-\xa0\n-\xa0\n사채할인발행차금\n(71)\n(81)\n차 감 계\n11,264\xa0\n10,799\xa0\n18. 기타부채\n가. 당분기말 및 전기말 현재 기타부채의 내역은 다음과 같습니다.\n(단위: 백만원)\n구\xa0\xa0 분\n당분기말\n전기말\n기타유동부채\n\xa0선수금\n243,787\xa0\n218,004\xa0\n\xa0선수수익\n10,761\xa0\n8,950\xa0\n\xa0충당부채\n16,870\xa0\n14,759\xa0\n소\xa0\xa0 계\n271,418\xa0\n241,713\xa0\n기타비유동부채\n\xa0장기선수금\n4,987\xa0\n4,987\xa0\n\xa0장기선수수익\n2,316\xa0\n2,367\xa0\n\xa0충당부채\n2,578\xa0\n3,542\xa0\n소\xa0\xa0 계\n9,881\xa0\n10,896\xa0\n합\xa0\xa0 계\n281,299\xa0\n252,609\xa0\n나. 당분기와 전분기 중 연결그룹의 충당부채 변동내역은 아래와 같습니다.\n<당분기>\n(단위: 백만원)\n구\xa0\xa0 분\n당기초\n순전입\n사용\n기타\n당분기말\n하자보수충당부채\n1,563\xa0\n(54)\xa0\n(68)\xa0\n-\xa0\n1,441\xa0\n판매보증충당부채\n6,342\xa0\n140\xa0\n-\xa0\n-\xa0\n6,482\xa0\n소송손실충당부채\n7,616\xa0\n-\xa0\n-\xa0\n-\xa0\n7,616\xa0\n기타충당부채\n2,780\xa0\n1,138\xa0\n-\xa0\n(9)\xa0\n3,909\xa0\n합\xa0\xa0 계\n18,301\xa0\n1,224\xa0\n(68)\xa0\n(9)\xa0\n19,448\xa0\n<전분기>\n(단위: 백만원)\n구\xa0\xa0 분\n전기초\n순전입\n사용\n기타\n전분기말\n하자보수충당부채\n1,802\xa0\n205\xa0\n(205)\n-\xa0\n1,802\xa0\n판매보증충당부채\n8,052\xa0\n-\xa0\n(1,428)\n-\xa0\n6,624\xa0\n소송손실충당부채\n12,833\xa0\n-\xa0\n-\xa0\n129\xa0\n12,962\xa0\n기타충당부채\n3,207\xa0\n1,245\xa0\n(512)\n(1,043)\n2,897\xa0\n합\xa0\xa0 계\n25,894\xa0\n1,450\xa0\n(2,145)\n(914)\n24,285\xa0\n19. 자본금\xa0가. 당분기말 지배기업이 발행할 주식의 총수는 200,000천주이고, 발행한 주식수는 보통주식 21,071,025주이며, 액면금액은 5,000원입니다.나. 당분기말 및 전기말 현재 이익잉여금의 내역은 다음과 같습니다.\n(단위: 백만원)\n구\xa0\xa0 분\n내 용\n당분기말\n전기말\n법정적립금\n이익준비금(주1)\n80,682\xa0\n80,471\xa0\n임의적립금\n시설적립금\n5,597,000\xa0\n5,597,000\xa0\n미처분이익잉여금\n474,516\xa0\n503,060\xa0\n합\xa0\xa0 계\n6,152,198\xa0\n6,180,531\xa0\n(주1) 연결그룹은 대한민국에서 제정되어 시행중인 상법의 규정에 따라, 자본금의 50\xa0 \xa0 \xa0 \xa0 %에 달할 때까지 매 결산기마다 현금에 의한 이익배당금의 10%이상을 이익준\xa0 \xa0 \xa0 \xa0 비금으로 적립하고 있습니다. 동 이익준비금은 현금으로 배당할 수 없으나 자\xa0 \xa0 \xa0 \xa0 \xa0 본전입 또는 결손보전이 가능하며, 자본준비금과 이익준비금의 총액이 자본금\xa0 \xa0 \xa0 \xa0\xa0 의 1.5배를 초과하는 경우(주주총회의 결의에 따라) 초과한 금액 범위에서 자\xa0 \xa0 \xa0 \xa0 \xa0\xa0 본준비금과 이익준비금을 감액할 수 있습니다.\n다. 당분기말 및\xa0전기말 현재\xa0기타자본구성요소의\xa0내역은 다음과\xa0같습니다.\n(단위: 백만원)\n구\xa0\xa0 분\n당분기말\n전기말\n기타자본잉여금\n316,278\xa0\n316,278\xa0\n자기주식\n(42,119)\n(42,119)\n기타포괄손익-공정가치측정 금융자산\n(118,970)\n(119,993)\n파생상품평가손익\n613\xa0\n613\xa0\n지분법자본변동\n13,983\xa0\n(7,191)\n해외사업환산손익\n(9,275)\n(16,123)\n감자차손(주1)\n(4,816,959)\n(4,816,959)\n자기주식처분이익\n183,913\xa0\n183,913\xa0\n기타의자본조정\n(2,225)\n(2,225)\n합\xa0\xa0 계\n(4,474,761)\n(4,503,806)\n(주1) 인적분할에 따라 주주에게 분배하여야 할 비현금자산의 장부금액과 공정가치\xa0 \xa0 \xa0 \xa0 \xa0 와의 차이를 중단영업처분이익으로 인식하면서 기타불입자본이 감소한 금액이\xa0 \xa0 \xa0 \xa0 포함되어 있습니다.\n20. 매출액당분기와 전분기 중 발생한 매출액의 내역은 다음과 같습니다.\n(단위: 백만원)\n구\xa0\xa0 분\n당분기\n전분기\n상품매출\n271,338\xa0\n306,827\xa0\n제품매출\n153,209\xa0\n209,468\xa0\n용역매출\n92,543\xa0\n93,081\xa0\n지분법이익(손실)\n95,147\xa0\n(8,724)\n기타\n74,655\xa0\n29,313\xa0\n합\xa0\xa0 계\n686,892\xa0\n629,965\xa0\n21. 고객과의 계약에서 생기는 수익가. 연결그룹의 고객과의 계약에서 생기는 수익은 다음과 같이 구분됩니다.\n<당분기>\n(단위: 백만원)\n구\xa0\xa0 분\n정보통신\n펌프제조\n수입차딜러\n기타\n연결조정\n합\xa0\xa0 계\n1.\xa0재화 또는 용역의 유형:\n상품매출\n34,720\xa0\n-\xa0\n27,990\xa0\n208,739\xa0\n(111)\n271,338\xa0\n제품매출\n51,327\xa0\n31,536\xa0\n-\xa0\n70,390\xa0\n(44)\n153,209\xa0\n용역매출\n78,668\xa0\n-\xa0\n-\xa0\n16,665\xa0\n(2,790)\n92,543\xa0\n기타매출\n(3,804)\n1,372\xa0\n909\xa0\n71,530\xa0\n(3,304)\n66,703\xa0\n소\xa0\xa0 계\n160,911\xa0\n32,908\xa0\n28,899\xa0\n367,324\xa0\n(6,249)\n583,793\xa0\n2. 지리적 시장:\n국내\n140,642\xa0\n32,908\xa0\n28,899\xa0\n128,585\xa0\n(5,945)\n325,089\xa0\n북중미\n-\xa0\n-\xa0\n-\xa0\n232,852\xa0\n(73)\n232,779\xa0\n아시아\n-\xa0\n-\xa0\n-\xa0\n5,876\xa0\n(231)\n5,645\xa0\n유럽\n20,269\xa0\n-\xa0\n-\xa0\n-\xa0\n-\xa0\n20,269\xa0\n기타\n-\xa0\n-\xa0\n-\xa0\n11\xa0\n-\xa0\n11\xa0\n소\xa0\xa0 계\n160,911\xa0\n32,908\xa0\n28,899\xa0\n367,324\xa0\n(6,249)\n583,793\xa0\n3. 수익 인식시기:\n한시점에 인식\n77,460\xa0\n31,322\xa0\n25,363\xa0\n280,052\xa0\n(387)\n413,810\xa0\n\xa0 \xa0 기간에 걸쳐 인식\n83,451\xa0\n1,586\xa0\n3,536\xa0\n87,272\xa0\n(5,862)\n169,983\xa0\n합\xa0\xa0 계\n160,911\xa0\n32,908\xa0\n28,899\xa0\n367,324\xa0\n(6,249)\n583,793\xa0\n(주1) 매출액 중 기업회계기준서 제1115호 적용범위에 포함되지 않는 지분법이익 \xa0 \xa0 \xa0 \xa0 95,147백만원 및 운용리스수익 7,952백만원은 제외하였습니다.\n<전분기>\n(단위: 백만원)\n구\xa0\xa0 분\n정보통신\n펌프제조\n수입차딜러\n기타\n연결조정\n합\xa0\xa0 계\n1.\xa0재화 또는 용역의 유형:\n상품매출\n25,577\xa0\n-\xa0\n37,063\xa0\n246,340\xa0\n(2,153)\n306,827\xa0\n제품매출\n98,870\xa0\n39,925\xa0\n-\xa0\n70,689\xa0\n(16)\n209,468\xa0\n용역매출\n78,830\xa0\n-\xa0\n-\xa0\n17,110\xa0\n(2,859)\n93,081\xa0\n기타매출\n(5,246)\n4,725\xa0\n2,317\xa0\n21,337\xa0\n(1,664)\n21,469\xa0\n합\xa0\xa0 계\n198,031\xa0\n44,650\xa0\n39,380\xa0\n355,476\xa0\n(6,692)\n630,845\xa0\n2. 지리적 시장:\n국내\n178,060\xa0\n44,650\xa0\n39,380\xa0\n104,005\xa0\n(6,260)\n359,835\xa0\n북중미\n-\xa0\n-\xa0\n-\xa0\n244,717\xa0\n(73)\n244,644\xa0\n아시아\n-\xa0\n-\xa0\n-\xa0\n6,754\xa0\n(359)\n6,395\xa0\n유럽\n19,971\xa0\n-\xa0\n-\xa0\n-\xa0\n-\xa0\n19,971\xa0\n합\xa0\xa0 계\n198,031\xa0\n44,650\xa0\n39,380\xa0\n355,476\xa0\n(6,692)\n630,845\xa0\n3. 수익 인식시기:\n한시점에 인식\n112,585\xa0\n39,726\xa0\n35,583\xa0\n318,583\xa0\n(2,566)\n503,911\xa0\n\xa0 \xa0 기간에 걸쳐 인식\n85,446\xa0\n4,924\xa0\n3,797\xa0\n36,893\xa0\n(4,126)\n126,934\xa0\n합\xa0\xa0 계\n198,031\xa0\n44,650\xa0\n39,380\xa0\n355,476\xa0\n(6,692)\n630,845\xa0\n(주1) 매출액 중 기업회계기준서 제1115호 적용범위에 포함되지 않는 지분법손실 \xa0 \xa0 \xa0 \xa0 8,724백만원 및 운용리스수익 7,844백만원은 제외하였습니다.\n나. 주요 고객에 대한 정보당분기와 전분기에 연결그룹 매출액의\xa010% 이상을 차지하는 외부고객은 없습니다.\n22. 건설계약가. 당분기와 전분기의 공사수익 및 공사원가는 다음과 같습니다.\n(단위: 백만원)\n구\xa0\xa0 분\n당분기\n전분기\n공사수익\n5,678\xa0\n9,835\xa0\n공사원가\n4,919\xa0\n9,807\xa0\n나. 당분기말 현재 진행중인 계약의 추정총계약원가 변동에 따른 당기와 미래기간의 손익, 미청구공사에 영향을 미치는 금액은 다음과 같습니다.\n(단위: 백만원)\n구\xa0\xa0 분\n계약수익\n변동\n추정총계약원가\n변동\n당기손익에 미치는 영향\n미래손익에 미치는 영향\n플랜트\n781\xa0\n-\xa0\n35\xa0\n746\xa0\n23. 판매비와관리비당분기와 전분기의 판매비와관리비 내역은 다음과 같습니다.\n(단위: 백만원)\n구\xa0\xa0 분\n당분기\n전분기\n급여\n26,361\xa0\n26,379\xa0\n퇴직급여\n3,247\xa0\n1,543\xa0\n복리후생비\n3,504\xa0\n3,132\xa0\n교육훈련비\n116\xa0\n156\xa0\n여비교통비\n680\xa0\n2,142\xa0\n통신비\n485\xa0\n505\xa0\n세금과공과\n1,675\xa0\n1,557\xa0\n임차료\n2,839\xa0\n1,422\xa0\n감가상각비\n6,079\xa0\n6,298\xa0\n무형자산상각비\n693\xa0\n675\xa0\n대손상각비(대손충당금환입)\n171\xa0\n(227)\n접대비\n1,382\xa0\n1,418\xa0\n광고선전비\n1,233\xa0\n2,226\xa0\n용역비\n1,860\xa0\n2,390\xa0\n지급수수료\n3,074\xa0\n4,411\xa0\n수출비\n1,536\xa0\n1,069\xa0\n보험료\n1,444\xa0\n1,192\xa0\n소모품비\n1,285\xa0\n1,153\xa0\n판매촉진비\n719\xa0\n1,163\xa0\n수도광열비\n515\xa0\n545\xa0\n차량비\n375\xa0\n409\xa0\n기타\n1,635\xa0\n2,386\xa0\n합\xa0\xa0 계\n60,908\xa0\n61,944\xa0\n24. 비용의 성격별 분류당분기와 전분기 중 발생한 매출원가, 판매비와관리비 및 연구개발비의 성격별 분류는 다음과 같습니다.\n<당분기>\n(단위: 백만원)\n구\xa0\xa0 분\n당분기\n전분기\n제품 및 재공품 등의 변동\n(54,176)\n\xa0 \xa0 \xa0 \xa0 \xa0 \xa0 \xa0 (24,134)\n상품의 변동\n201,714\xa0\n\xa0 \xa0 \xa0 \xa0 \xa0 \xa0\xa0 269,116\xa0\n원재료 및 소모품 등의 사용\n165,645\xa0\n\xa0 \xa0 \xa0 \xa0 \xa0 \xa0\xa0 142,997\xa0\n종업원급여\n74,443\xa0\n\xa0 \xa0 \xa0 \xa0 \xa0 \xa0 \xa0\xa0 81,591\xa0\n퇴직급여\n6,064\xa0\n\xa0 \xa0 \xa0 \xa0 \xa0 \xa0 \xa0 \xa0 4,660\xa0\n복리후생비\n10,647\xa0\n\xa0 \xa0 \xa0 \xa0 \xa0 \xa0 \xa0 \xa0 9,736\xa0\n감가상각 및 무형자산상각\n25,379\xa0\n\xa0 \xa0 \xa0 \xa0 \xa0 \xa0 \xa0\xa0 28,921\xa0\n전력비(수도광열비)\n5,467\xa0\n\xa0 \xa0 \xa0 \xa0 \xa0 \xa0 \xa0 \xa0 4,343\xa0\n용역비\n6,145\xa0\n\xa0 \xa0 \xa0 \xa0 \xa0 \xa0 \xa0 \xa0 6,944\xa0\n외주가공비\n37,007\xa0\n\xa0 \xa0 \xa0 \xa0 \xa0 \xa0 \xa0\xa0 40,750\xa0\n지급수수료\n19,841\xa0\n\xa0 \xa0 \xa0 \xa0 \xa0 \xa0 \xa0\xa0 17,444\xa0\n광고선전비\n6,348\xa0\n\xa0 \xa0 \xa0 \xa0 \xa0 \xa0 \xa0 \xa0 8,228\xa0\n운송비\n50,927\xa0\n2,991\xa0\n기타비용\n30,809\xa0\n\xa0 \xa0 \xa0 \xa0 \xa0 \xa0 \xa0\xa0 70,894\xa0\n합\xa0\xa0 계(주1)\n586,260\xa0\n\xa0 \xa0 \xa0 \xa0 \xa0 \xa0\xa0 664,481\xa0\n(주1) 손익계산서상의 매출원가, 판매비와관리비, 연구개발비를 합한 금액입니다.\n25. 기타수익 및 기타비용 당분기와 전분기 중 발생한 기타손익의 상세내역은 다음과 같습니다.\n(단위: 백만원)\n구\xa0\xa0 분\n당분기\n전분기\n기타수익\n\xa0유형자산처분이익\n1,793\xa0\n828\xa0\n\xa0배당금수익\n512\xa0\n159\xa0\n\xa0잡이익 등\n2,502\xa0\n2,670\xa0\n소\xa0\xa0 계\n4,807\xa0\n3,657\xa0\n기타비용\n\xa0유형자산처분손실\n1,150\xa0\n126\xa0\n\xa0기부금\n88\xa0\n362\xa0\n\xa0무형자산처분손실\n26\xa0\n-\xa0\n\xa0잡손실 등\n1,027\xa0\n3,306\xa0\n소\xa0\xa0 계\n2,291\xa0\n3,794\xa0\n순기타수익\n2,516\xa0\n(137)\n26. 금융수익 및 금융비용당분기와 전분기\xa0중 발생한 금융수익 및 금융비용의 상세내역은 다음과 같습니다.\n(단위: 백만원)\n구\xa0\xa0 분\n당분기\n전분기\n금융수익\n\xa0이자수익\n1,422\xa0\n734\xa0\n\xa0외환차익\n5,822\xa0\n6,645\xa0\n\xa0외화환산이익\n8,559\xa0\n9,094\xa0\n\xa0파생상품거래이익\n661\xa0\n934\xa0\n\xa0파생상품평가이익\n2,342\xa0\n2,210\xa0\n\xa0금융자산평가이익\n8\xa0\n-\xa0\n소\xa0\xa0 계\n18,814\xa0\n19,617\xa0\n금융비용\n\xa0이자비용\n5,492\xa0\n8,059\xa0\n\xa0외환차손\n5,103\xa0\n6,058\xa0\n\xa0외화환산손실\n7,234\xa0\n16,836\xa0\n\xa0파생상품거래손실\n318\xa0\n12\xa0\n\xa0파생상품평가손실\n2,068\xa0\n606\xa0\n\xa0Nego수수료\n63\xa0\n36\xa0\n\xa0매출채권처분손실\n-\xa0\n50\xa0\n소\xa0\xa0 계\n20,278\xa0\n31,657\xa0\n순금융비용\n(1,464)\n(12,040)\n27. 법인세비용중간기간의 법인세비용은 기대총연간이익에 적용될 수 있는 법인세율을 중간기간의 세전이익에 예상되는 세무조정사항을 추정하여 산출하였습니다. 이에 따라 추정된 당분기 법인세비용은\xa0다음과 같습니다.\n(단위: 백만원)\n구\xa0\xa0 분\n당분기\n전분기\n계속영업이익에 대한 법인세비용\n10,000\xa0\n1,523\xa0\n중단영업손익에 대한 법인세비용\n-\xa0\n1,632\xa0\n28. 배당금2020년 12월 31일로 종료하는 회계기간에 대한 지배기업의 배당금 99,547백만원은 2021년 4월에 지급되었습니다(전기 지급액: 101,654백만원).\n29. 영업으로부터 창출된 현금가.\xa0당분기와 전분기\xa0중\xa0비현금항목 조정의 주요 내용은 다음과 같습니다.\n(단위: 백만원)\n구\xa0\xa0 분\n당분기\n전분기\n법인세비용\n10,000\xa0\n3,154\xa0\n이자수익\n(1,422)\n(36,352)\n이자비용\n5,492\xa0\n22,803\xa0\n외화환산이익\n(8,559)\n(9,094)\n외화환산손실\n7,234\xa0\n16,836\xa0\n파생상품평가이익\n(2,342)\n(2,259)\n파생상품평가손실\n2,068\xa0\n606\xa0\n유형자산상각비\n20,741\xa0\n21,037\xa0\n투자부동산상각비\n2,097\xa0\n2,207\xa0\n무형자산상각비\n2,541\xa0\n2,640\xa0\n운용리스자산상각비\n-\xa0\n3,037\xa0\n유ㆍ무형자산 및 투자부동산 처분이익\n(1,793)\n(831)\n유ㆍ무형자산 및 투자부동산 처분손실\n1,176\xa0\n126\xa0\n대손상각비 및 기타의대손상각비\n171\xa0\n7,690\xa0\n금융자산처분이익\n-\xa0\n(954)\n금융자산처분손실\n-\xa0\n1,958\xa0\n배당금수익\n(512)\n(1,969)\n퇴직급여\n4,341\xa0\n4,609\xa0\n충당부채전입액\n(1,404)\n205\xa0\n매출채권처분손실\n-\xa0\n50\xa0\n지분법손실(이익)\n(95,147)\n8,747\xa0\n재고자산평가손실(환입)\n4,781\xa0\n(1,354)\n기타\n4,024\xa0\n3,661\xa0\n합\xa0\xa0 계\n(46,513)\n46,553\xa0\n나. 당분기와 전분기 중 운전자본 조정의 주요 내용은 다음과 같습니다.\n(단위: 백만원)\n구\xa0\xa0 분\n당분기\n전분기\n\xa0매출채권\n(3,125)\n(17,469)\n\xa0재고자산\n(73,716)\n(69,791)\n\xa0기타채권\n(1,746)\n11,968\xa0\n\xa0미청구공사\n(1,594)\n643\xa0\n\xa0기타금융자산\n-\xa0\n214\xa0\n\xa0기타자산\n(24,031)\n3,270\xa0\n\xa0기타금융업자산\n-\xa0\n55,490\xa0\n\xa0매입채무\n26,535\xa0\n41,367\xa0\n\xa0기타채무\n(1,218)\n(7,277)\n\xa0기타금융부채\n(603)\n(168)\n\xa0하자보수비의 지급\n(68)\n(205)\n\xa0퇴직금의 지급\n(1,683)\n1,034\xa0\n\xa0사외적립자산의 납입\n1,269\xa0\n51\xa0\n\xa0합\xa0\xa0 계\n(79,980)\n19,127\xa0\n다. 당분기와 전분기 중 연결그룹의 현금 유입과 유출이 없는 주요 거래내용은 다음과 같습니다.\n(단위: 백만원)\n구\xa0\xa0 분\n당분기\n전분기\n건설중인자산 및 미착기계 본계정대체\n13,444\xa0\n4,969\xa0\n리스부채 증가에 따른 사용권자산 증가\n9,872\xa0\n12,323\xa0\n차입금의 유동성대체\n190,034\xa0\n-\xa0\n미지급 배당금\n99,547\xa0\n-\xa0\n30. 우발부채와 약정사항\n가.\xa0견질로 제공된 어음 등 당분기말 현재 연결그룹은 차입금 및 거래약정과 관련하여 어음 3매와 수표 6매를 발주처 등에 견질로 제공하고 있습니다.\n나. 차입약정 등\xa0당분기말 현재 연결그룹은 금융기관과 당좌대출 및 무역어음할인과 수입신용장지급보증 등의 약정(한도: 1,051,152백만원)을 체결하고 있으며, 경의선 공덕역 복합시설개발사업을 수행하는데 필요한 자금을 조달하기 위하여 2020년 2월 28일 뉴스타 공덕제일차주식회사와 PF대출약정을 체결하였습니다(당분기말 현재 약정금액: 190,000백만원, 실행액: 190,000백만원). 또한 매출채권 할인약정(한도: 316,737백만원)을 체결하고 있습니다.\n다.\xa0타인을 위한 지급보증 등\xa0연결그룹은 연결그룹의 관계기업인 Hyosung Istanbul TEKSTIL LTD.STI과 Hyosung Istanbul TEKSTIL LTD.STI의 자회사인 Hyosung DongNai Co., Ltd.를 위해 각각USD 25,000천, USD 429,500천의 지급보증을 제공하고 있습니다.연결그룹은 연결그룹의 매출처인 CMS infosys를 위해 USD 5,100천의 지급보증을제공하고 있습니다.또한 지배기업은 종속기업인 하나대체투자랜드칩사모부동산투자신탁39호의 당기말차입금 150,000백만원(전기말: 150,000백만원)과 관련하여 대출원리금 상환자금이 부족할 경우 서울시 강남구 소재 특정부동산을 공정가액으로 매입하는 약정을 한화생명보험 주식회사 외 2개 금융기관과 체결하고 있습니다.한편,\xa0연결그룹은 당분기말 현재 상법 제530조의9 제1항의 규정에 의하여 분할신설법인인 효성티앤씨㈜, 효성중공업㈜, 효성첨단소재㈜, 효성화학㈜의 분할기일의 채무 중 잔여채무에 대하여 연대하여 변제할 책임이 있습니다. 또한 분할기일 이전에 발생한 지급보증이나 자금보충약정 및 조건부 채무인수약정, 책임준공 등에 대해서 분할신설회사와 연대하여 책임이 있습니다.\n라. 타인으로부터 제공받은 지급보증\xa0당분기말\xa0현재 연결그룹이 타인으로부터 제공받은 지급보증의 내역은 다음과 같습니다.\n(단위: 백만원)\n지급보증제공자\n보증내역\n보증금액\n한국수출입은행, 우리은행 외\n계약이행보증 등\n\xa0 \xa0 \xa0 \xa0 \xa0 \xa0 \xa0 \xa0 \xa0 \xa0\xa0 84,033\xa0\n자본재공제조합\n납품계약에 따른 하자보증금 등\n\xa0 \xa0 \xa0 \xa0 \xa0 \xa0 \xa0 \xa0 \xa0 \xa0 \xa0\xa0 57,129\xa0\n서울보증보험\n납품계약에 따른 하자보증금 등\n\xa0 \xa0 \xa0 \xa0 \xa0 \xa0 \xa0 \xa0 \xa0 \xa0 \xa0\xa0 34,586\xa0\n소프트웨어공제조합\n계약이행보증 등\n\xa0 \xa0 \xa0 \xa0 \xa0 \xa0 \xa0 \xa0 \xa0 \xa0 \xa0\xa0 67,587\xa0\n건설공제조합\n계약이행보증 등\n\xa0 \xa0 \xa0 \xa0 \xa0 \xa0 \xa0 \xa0 \xa0 \xa0 \xa0\xa0 4,568\xa0\n마. 담보제공자산(1) 당분기말 현재 연결그룹 소유의 자산이 담보로 제공된 내역은 다음과 같습니다.\n(단위: 백만원, 천USD)\n담보제공자산\n통화\n장부가액\n관련차입금\n채권최고액\n담보권자\n재고자산\nUSD\n75,383\xa0\n46,000\xa0\n75,383\xa0\nWells Fargo\n매출채권\nKRW\n120,588\xa0\n120,588\xa0\n120,588\xa0\n우리은행 등\n기타금융자산\nKRW\n2,349\xa0\n121,000\xa0\n2,349\xa0\n자본재공제조합\n유형자산 등\nKRW\n23,630\xa0\n35,400\xa0\n40,000\xa0\n산업은행\n또한 연결그룹의 유형자산 중 일부는 분할 전 연결그룹의 차입금과 관련하여 담보로 제공(담보설정액: 439,639백만원)되어 있으며 해당 차입금은 분할신설회사로 이관되었습니다.(2)\xa0당분기말 현재 연결그룹은 연결그룹이 보유하고 있는 평창풍력발전㈜ 주식 1,302,000주를 평창풍력발전㈜의 차입금 46,983백만원과 관련하여 담보로 제공하고 있으며, 연결그룹이 보유하고\xa0 있는 순천에코그린㈜ 주식\xa0449,521주를 순천에코그린㈜의 차입금 32,468백만원과 관련하여 담보로 제공하였습니다.\n바.\xa0계류중인 소송사건\n당분기말 현재 연결그룹을 대상으로 제기된 소송 및 연결그룹이 제소한 소송의 내역은 다음과 같습니다.\n(단위: 백만원)\n종류\n건수\n소송금액\n내역\n원고사건\n12\n39,841\xa0\n법인세부과 처분취소 행정소송 등\n피고사건\n8\n46,868\xa0\n손해배상청구소송 등\n당분기말 현재 상기 계류중인 소송사건의 결과는 예측할 수 없으며, 이에 따라 연결그룹의 연결재무제표는 이러한 불확실성으로 인하여 발생가능한 조정사항을 반영하고 있지 않습니다.\n또한, 상기 소송 중 당분기말 현재 분할신설회사의 사업과 관련하여 지배기업에 제기된 소송은\xa03건(소송가액: 48,670백만원)입니다.사. 사업추진협약\xa0\n연결그룹은 한국철도시설공단과 2012년 2월에 체결한 경의선 공덕역 개발사업에 따라 복합시설을 건설하고 관리운영하는 주체로서 사업추진방식은 복합시설의 준공 시점부터 사업시행자에게 30년 동안 해당 시설의 소유권이 인정되고, 30년 후 국가에 기부채납하는 방식(BOT:Build-Operate-Transfer)입니다. 또한 연결그룹은 점용허가 기간 동안 점용료를 매년 한국철도시설공단에 지급하고 있습니다.\n31. 중단영업지배기업은 2020년 12월 18일자로 지배기업의 종속기업인 효성캐피탈㈜ 매각을 완료하였습니다.가. 전분기의 연결포괄손익계산서에 포함된 중단영업손익 및 중단영업손익에 대한 주당손익은 다음과 같습니다.\n\xa0 \xa0 \xa0 \xa0 \xa0 \xa0 \xa0 \xa0 \xa0 \xa0 \xa0 \xa0 \xa0 \xa0 \xa0 \xa0 \xa0 \xa0 \xa0 \xa0 \xa0 \xa0 \xa0 \xa0 \xa0 \xa0 \xa0 \xa0 \xa0 \xa0 \xa0 \xa0\xa0 (단위: 백만원)\n구\xa0\xa0 분\n전분기\n매출액\n46,974\xa0\n매출원가\n31,540\xa0\n매출총이익\n15,434\xa0\n판매비와관리비\n8,308\xa0\n영업이익\n7,126\xa0\n기타수익\n45\xa0\n금융비용\n114\xa0\n법인세비용차감전순손익\n7,057\xa0\n법인세비용\n1,632\xa0\n중단영업이익(손실)\n5,425\xa0\n\xa0지배기업의 소유주지분\n\xa0 \xa0 \xa0 \xa0 \xa0 \xa0 \xa0 \xa0\xa0 5,289\xa0\n\xa0비지배지분\n\xa0 \xa0 \xa0 \xa0 \xa0 \xa0 \xa0 \xa0 \xa0 \xa0 136\xa0\n중단영업손익에 대한 주당이익(손실)\n260\xa0\n나. 전분기 중 중단영업에서 발생한 순현금흐름은 다음과 같습니다.\n\xa0 \xa0 \xa0 \xa0 \xa0 \xa0 \xa0 \xa0 \xa0 \xa0 \xa0 \xa0 \xa0 \xa0 \xa0 \xa0 \xa0 \xa0 \xa0 \xa0 \xa0 \xa0 \xa0 \xa0 \xa0 \xa0 \xa0 \xa0 \xa0 \xa0 \xa0 (단위: 백만원)\n구\xa0\xa0 분\n전분기\n영업활동으로 인한 현금흐름\n64,141\xa0\n투자활동으로 인한 현금흐름\n(390)\n재무활동으로 인한 현금흐름\n3,899\xa0\n32. 보고기간후 사건보고기간종료일 후 사건으로서 지배기업의 종속기업인 Hyosung Holdings USA, Inc.는 2021년 4월 30일 종속기업인 HICO America Sales & Tech.의 지분을 효성중공업㈜의 종속기업인 Hyosung HICO, Ltd.에 USD 24,754천에\xa0매각하였습니다.\n33. COVID-19\nCOVID-19의 확산을 차단하기 위하여 전세계적으로 이동 제한을 포함한 다양한 예방 및 통제가 시행되고 있으며, 그 결과 전세계 경제가 광범위한 영향을 받고 있습니다. 또한, COVID-19에 대처하기 위한 다양한 형태의 정부 지원 정책이 발표되고 있습니다.연결그룹이 COVID-19로 인하여 회계처리에 중요한 영향을 받는 항목은 없으며,\xa0\xa0 COVID-19가 연결그룹에 미치는 영향을 보고기간말 현재 합리적으로 추정하여 분기연결재무제표를 작성하였습니다. 그러나, COVID-19 상황에서 COVID-19의 종식시점 및 COVID-19가 연결그룹에 미치는 영향의 추정에 중요한 불확실성이 존재합니다.\n4. 재무제표\n재무상태표\n제 67 기 1분기말 2021.03.31 현재\n제 66 기말\xa0 \xa0 \xa0 \xa0 \xa0 2020.12.31 현재\n(단위 : 원)\n\u3000\n제 67 기 1분기말\n제 66 기말\n자산\n\u3000\n\u3000\n\u3000유동자산\n531,127,356,970\n410,410,761,719\n\u3000\u3000현금및현금성자산\n4,274,160,175\n4,007,320,943\n\u3000\u3000매출채권 및 기타채권\n113,900,557,944\n51,006,938,903\n\u3000\u3000미청구공사\n281,077,049\n104,276,688\n\u3000\u3000기타금융자산\n374,814,915,669\n335,387,581,191\n\u3000\u3000기타유동자산\n31,309,112,932\n13,522,208,455\n\u3000\u3000재고자산\n6,547,533,201\n6,382,435,539\n\u3000비유동자산\n2,272,578,349,003\n2,246,249,189,163\n\u3000\u3000장기매출채권 및 기타채권\n24,144,829,322\n27,827,461,616\n\u3000\u3000유형자산\n546,074,007,565\n545,272,389,569\n\u3000\u3000투자부동산\n6,415,761,805\n6,446,531,161\n\u3000\u3000무형자산\n44,126,828,604\n44,084,005,096\n\u3000\u3000관계기업및공동기업투자\n1,594,314,855,396\n1,563,902,835,271\n\u3000\u3000기타비유동금융자산\n33,455,193,896\n34,696,353,267\n\u3000\u3000기타비유동자산\n24,012,229,379\n24,019,613,183\n\u3000\u3000이연법인세자산\n34,643,036\n0\n\u3000자산총계\n2,803,705,705,973\n2,656,659,950,882\n부채\n\u3000\n\u3000\n\u3000유동부채\n256,056,195,758\n111,456,992,755\n\u3000\u3000매입채무 및 기타채무\n178,798,243,042\n51,586,181,444\n\u3000\u3000초과청구공사\n47,212,657\n47,212,657\n\u3000\u3000단기차입금및유동성장기차입금\n21,221,715,343\n21,040,167,900\n\u3000\u3000기타금융부채\n11,239,425,689\n10,756,997,250\n\u3000\u3000당기법인세부채\n11,028,723,224\n14,605,693,597\n\u3000\u3000기타유동부채\n33,720,875,803\n13,420,739,907\n\u3000비유동부채\n280,411,399,250\n277,263,917,987\n\u3000\u3000장기매입채무 및 기타채무\n12,131,522,134\n13,097,346,444\n\u3000\u3000장기차입금\n728,910,000\n762,880,000\n\u3000\u3000순확정급여부채\n7,190,625,368\n5,740,931,669\n\u3000\u3000이연법인세부채\n230,568,779,706\n226,963,762,361\n\u3000\u3000기타비유동금융부채\n29,482,558,310\n30,330,514,336\n\u3000\u3000기타비유동부채\n309,003,732\n368,483,177\n\u3000부채총계\n536,467,595,008\n388,720,910,742\n자본\n\u3000\n\u3000\n\u3000자본금\n105,355,125,000\n105,355,125,000\n\u3000주식발행초과금\n451,188,179,769\n451,188,179,769\n\u3000이익잉여금\n6,231,328,985,473\n6,261,075,253,850\n\u3000기타자본구성요소\n(4,520,634,179,277)\n(4,549,679,518,479)\n\u3000자본총계\n2,267,238,110,965\n2,267,939,040,140\n자본과부채총계\n2,803,705,705,973\n2,656,659,950,882\n손익계산서\n제 67 기 1분기 2021.01.01 부터 2021.03.31 까지\n제 66 기 1분기 2020.01.01 부터 2020.03.31 까지\n(단위 : 원)\n\u3000\n제 67 기 1분기\n제 66 기 1분기\n3개월\n누적\n3개월\n누적\n매출액 및 지분법손익\n180,382,872,346\n180,382,872,346\n39,841,609,143\n39,841,609,143\n매출원가\n93,936,606,075\n93,936,606,075\n43,993,672,361\n43,993,672,361\n매출총이익\n86,446,266,271\n86,446,266,271\n(4,152,063,218)\n(4,152,063,218)\n판매비와관리비\n15,113,553,001\n15,113,553,001\n12,392,410,905\n12,392,410,905\n영업이익\n71,332,713,270\n71,332,713,270\n(16,544,474,123)\n(16,544,474,123)\n기타수익\n1,466,424,322\n1,466,424,322\n5,486,264,792\n5,486,264,792\n기타비용\n302,824,561\n302,824,561\n374,527,875\n374,527,875\n금융수익\n2,252,527,123\n2,252,527,123\n1,118,192,197\n1,118,192,197\n금융비용\n1,289,744,636\n1,289,744,636\n903,530,111\n903,530,111\n법인세비용차감전 계속영업이익\n73,459,095,518\n73,459,095,518\n(11,218,075,120)\n(11,218,075,120)\n법인세비용\n3,219,574,106\n3,219,574,106\n(1,486,356,897)\n(1,486,356,897)\n계속영업이익(손실)\n70,239,521,412\n70,239,521,412\n(9,731,718,223)\n(9,731,718,223)\n중단영업이익(손실)\n0\n0\n0\n0\n분기순이익(손실)\n70,239,521,412\n70,239,521,412\n(9,731,718,223)\n(9,731,718,223)\n주당이익(손실)\n\u3000\n\u3000\n\u3000\n\u3000\n\u3000계속영업기본주당이익(손실) (단위 : 원)\n3,528\n3,528\n(479)\n(479)\n\u3000중단영업기본주당이익(손실) (단위 : 원)\n0\n0\n0\n0\n포괄손익계산서\n제 67 기 1분기 2021.01.01 부터 2021.03.31 까지\n제 66 기 1분기 2020.01.01 부터 2020.03.31 까지\n(단위 : 원)\n\u3000\n제 67 기 1분기\n제 66 기 1분기\n3개월\n누적\n3개월\n누적\n분기순이익(손실)\n70,239,521,412\n70,239,521,412\n(9,731,718,223)\n(9,731,718,223)\n기타포괄손익\n28,606,569,413\n28,606,569,413\n19,467,762,704\n19,467,762,704\n\u3000후속적으로 당기손익으로 재분류되지 않는 항목\n\u3000\n\u3000\n\u3000\n\u3000\n\u3000\u3000기타포괄손익-공정가치측정지분상품 평가손익\n1,229,860,122\n1,229,860,122\n(210,793,579)\n(210,793,579)\n\u3000\u3000순확정급여부채의 재측정요소\n(212,892,664)\n(212,892,664)\n(158,657,901)\n(158,657,901)\n\u3000\u3000종속기업 및 관계기업투자의 순확정급여부채의 재측정 지분\n(225,877,125)\n(225,877,125)\n418,502,948\n418,502,948\n\u3000후속적으로 당기손익으로 재분류되는 항목\n\u3000\n\u3000\n\u3000\n\u3000\n\u3000\u3000종속기업 및 관계기업투자평가손익\n27,815,479,080\n27,815,479,080\n19,418,711,236\n19,418,711,236\n\u3000\u3000해외사업환산손익\n0\n0\n0\n0\n총포괄이익(손실)\n98,846,090,825\n98,846,090,825\n9,736,044,481\n9,736,044,481\n자본변동표\n제 67 기 1분기 2021.01.01 부터 2021.03.31 까지\n제 66 기 1분기 2020.01.01 부터 2020.03.31 까지\n(단위 : 원)\n\u3000\n자본\n자본금\n주식발행초과금\n이익잉여금\n기타자본구성요소\n자본\xa0 합계\n2020.01.01 (기초)\n105,355,125,000\n451,188,179,769\n6,423,890,382,314\n(4,499,562,251,007)\n2,480,871,436,076\n회계정책변경의 효과\n지분법\n0\n0\n0\n0\n0\n리스\n0\n0\n0\n0\n0\n수정후 금액\n105,355,125,000\n451,188,179,769\n6,423,890,382,314\n4,499,562,251,007\n2,480,871,436,076\n총포괄손익\n분기순이익(손실)\n0\n0\n(9,731,718,223)\n0\n(9,731,718,223)\n기타포괄손익-공정가치측정지분상품 평가손익\n0\n0\n0\n(210,793,579)\n(210,793,579)\n순확정급여부채의 재측정요소\n0\n0\n(158,657,901)\n0\n(158,657,901)\n종속기업 및 관계기업의 재측정요소에 대한 지분\n0\n0\n418,502,948\n0\n418,502,948\n종속기업 및 관계기업투자평가손익\n0\n0\n0\n19,418,711,236\n19,418,711,236\n소유주와의 거래\n배당\n0\n0\n(101,654,120,000)\n0\n(101,654,120,000)\n자기주식의 취득\n0\n0\n0\n(3,552,620,519)\n(3,552,620,519)\n기타\n0\n0\n0\n0\n0\n2020.03.31 (기말)\n105,355,125,000\n451,188,179,769\n6,312,764,389,138\n(4,483,906,953,869)\n2,385,400,740,038\n2021.01.01 (기초)\n105,355,125,000\n451,188,179,769\n6,261,075,253,850\n(4,549,679,518,479)\n2,267,939,040,140\n회계정책변경의 효과\n지분법\n0\n0\n0\n0\n0\n리스\n0\n0\n0\n0\n0\n수정후 금액\n105,355,125,000\n451,188,179,769\n6,261,075,253,850\n(4,549,679,518,479)\n2,267,939,040,140\n총포괄손익\n분기순이익(손실)\n0\n0\n70,239,521,412\n0\n70,239,521,412\n기타포괄손익-공정가치측정지분상품 평가손익\n0\n0\n0\n1,229,860,122\n1,229,860,122\n순확정급여부채의 재측정요소\n0\n0\n(212,892,664)\n0\n(212,892,664)\n종속기업 및 관계기업의 재측정요소에 대한 지분\n0\n0\n(225,877,125)\n0\n(225,877,125)\n종속기업 및 관계기업투자평가손익\n0\n0\n0\n27,815,479,080\n27,815,479,080\n소유주와의 거래\n배당\n0\n0\n(99,547,020,000)\n0\n(99,547,020,000)\n자기주식의 취득\n0\n0\n0\n0\n0\n기타\n0\n0\n0\n0\n0\n2021.03.31 (기말)\n105,355,125,000\n451,188,179,769\n6,231,328,985,473\n(4,520,634,179,277)\n2,267,238,110,965\n현금흐름표\n제 67 기 1분기 2021.01.01 부터 2021.03.31 까지\n제 66 기 1분기 2020.01.01 부터 2020.03.31 까지\n(단위 : 원)\n\u3000\n제 67 기 1분기\n제 66 기 1분기\n영업활동현금흐름\n42,189,058,943\n48,988,438,427\n\u3000계속영업손익\n70,239,521,412\n(9,731,718,223)\n\u3000비현금항목 조정\n(64,544,347,648)\n15,447,352,494\n\u3000운전자본 조정\n(11,038,723,826)\n(10,331,319,622)\n\u3000법인세납부\n(6,233,838,229)\n(5,903,445,513)\n\u3000이자지급\n(318,311,414)\n(444,759,220)\n\u3000이자수취\n897,820,750\n9,422,822,433\n\u3000배당금수취\n53,186,937,898\n50,529,506,078\n투자활동현금흐름\n(39,081,313,149)\n25,864,852,322\n\u3000투자활동으로 인한 현금유입액\n6,290,798,369\n28,638,715,990\n\u3000\u3000당기손익-공정가치측정 금융자산의 처분\n2,800,000,000\n0\n\u3000\u3000장기대여금의 회수\n0\n18,000,000,000\n\u3000\u3000장기보증금의 회수\n0\n1,170,446,470\n\u3000\u3000무형자산의 처분\n2,430,000,000\n0\n\u3000\u3000종속기업 및 관계기업투자의 처분\n1,042,874,754\n9,468,269,520\n\u3000\u3000합병으로 인한 현금유입\n17,923,615\n0\n\u3000투자활동으로 인한 현금유출액\n(45,372,111,518)\n(2,773,863,668)\n\u3000\u3000당기손익-공정가치측정 금융자산의 취득\n(39,306,339,478)\n0\n\u3000\u3000장기보증금의 증가\n(167,910,397)\n0\n\u3000\u3000유형자산의 취득\n(2,656,235,450)\n(1,076,977,778)\n\u3000\u3000무형자산의 취득\n(3,241,626,193)\n(1,696,885,890)\n재무활동현금흐름\n(2,840,906,562)\n(43,481,954,491)\n\u3000재무활동으로 인한 현금유입액\n2,126,986,999\n149,363,627,834\n\u3000\u3000단기차입금의 차입\n1,570,155,383\n147,518,719,433\n\u3000\u3000정부보조금의 수령\n556,831,616\n1,844,908,401\n\u3000재무활동으로 인한 현금유출액\n(4,967,893,561)\n(192,845,582,325)\n\u3000\u3000단기차입금의 상환\n(1,400,000,000)\n(79,534,836,462)\n\u3000\u3000유동성장기차입금의 상환\n(33,970,000)\n(33,970,000)\n\u3000\u3000리스부채의 상환\n(2,625,841,874)\n(3,586,321,333)\n\u3000\u3000배당금의 지급\n0\n(101,654,120,000)\n\u3000\u3000정부보조금의 상환\n(908,081,687)\n(4,483,714,010)\n\u3000\u3000자기주식의 취득\n0\n(3,552,620,520)\n현금및현금성자산의순증감\n266,839,232\n31,371,336,258\n기초현금및현금성자산\n4,007,320,943\n2,963,699,460\n기말현금및현금성자산\n4,274,160,175\n34,335,035,718\n5. 재무제표 주석\n제67(당)기 1분기 2021년 1월 1일부터 2021년 3월 31일까지\n제66(전)기 1분기 2020년 1월 1일부터 2020년 3월 31일까지\n주식회사 효성\n1. 일반사항\xa0주식회사 효성(이하 ""당사"")은 1966년 11월 3일에 설립되어 화학 섬유류의 제조, 가공 및 판매, 수출입업 및 대행, 전자기계 기구 및 부품의 제작ㆍ판매업 그리고 전기기기 제조 및 판매업과 토목건설업 등을 주요영업으로 하여 왔습니다. 당사는 2018년 6월 1일을 분할기일로 하여 자회사의 지분관리 및 투자 등을 수행하는 사업부문을 영위할 존속법인인 ㈜효성과 섬유/무역 사업부문, 중공업/건설 사업부문, 산업자재 사업부문, 화학 사업부문을 영위할 분할신설법인인 효성티앤씨㈜, 효성중공업㈜, 효성첨단소재㈜, 효성화학㈜으로 인적분할되었습니다.\n당분기말\xa0현재 당사의 주요 주주현황은 다음과 같습니다.\n(단위: 주)\n주주명\n주식수\n지분율(%)\n조 석 래\n1,986,333\xa0\n9.43\n조 현 준\n4,623,736\xa0\n21.94\n조 현 상\n4,513,596\xa0\n21.42\n송 광 자\n101,387\xa0\n0.48\n조 양 래 등\n93,755\xa0\n0.45\n기 타\n8,590,597\xa0\n40.77\n자기주식\n1,161,621\xa0\n5.51\n합\xa0\xa0 계\n21,071,025\xa0\n100.00\n2.\xa0중요한 회계정책2.1. 재무제표 작성기준당사의 요약분기재무제표는 \'주식회사 등의 외부감사에 관한 법률\'에 따라 제정된 한국채택국제회계기준 기업회계기준서 제1034호에 따라 작성되었습니다.중간요약재무제표는 연차재무제표에 기재할 것으로 요구되는 모든 정보 및 주석사항을 포함하고 있지 아니하므로, 2020년 12월 31일로 종료되는 회계기간에 대한 연차재무제표의 정보도 함께 참고하여야 합니다.\n2.2 제ㆍ개정된 기준서의 적용중간요약재무제표를 작성하기 위하여 채택한 중요한 회계정책은 다음의 2021년 1월1일부터 적용되는 기준서를 제외하고는 2020년 12월 31일로 종료되는 회계기간에 대한 연차재무제표 작성시 채택한 회계정책과 동일합니다. 당사는 공표되었으나 시행되지 않은 기준서, 해석서, 개정사항을 조기적용한 바 없습니다.다음의 개정사항과 해석서가 2021년부터 최초 적용되며, 당사의 요약분기재무제표에 미치는 영향은 없습니다.\n- 기업회계기준서 제1109호, 제1039호, 1107호, 1104호 및 1116호 (개정) - 이자율\xa0 \xa0 지표 개혁 - 2단계개정사항은 은행 간 대출 금리(IBOR)가 대체 무위험 지표(RFR)로 대체될 때 재무보고에 미치는 영향을 다루기 위한 한시적 면제를 제공합니다. 개정사항은 다음의 실무적 간편법을 포함합니다.ㆍ\xa0계약상 변경, 또는 개혁의 직접적인 영향을 받는 현금흐름의 변경은 시장이자율의\xa0 \xa0 변동과 같이 변동이자율로 변경되는 것처럼 처리되도록 함ㆍ\xa0이자율지표 개혁이 요구하는 변동은 위험회피관계의 중단없이 위험회피지정 및\xa0 \xa0 \xa0\xa0 위험회피문서화가 가능하도록 허용함ㆍ\xa0대체 무위험 지표(RFR)를 참조하는 금융상품이 위험회피요소로 지정되는 경우 별\xa0 \xa0 도로 식별가능해야 한다는 요구사항을 충족하는 것으로 보는 한시적 면제\n3. 범주별 금융상품\n가. 금융자산당분기말 및 전기말 현재 범주별 금융자산의 내역은 다음과 같습니다.\n<당분기말>\n(단위: 백만원)\n구\xa0\xa0 분\n당기손익-공정가치측정 금융자산\n기타포괄손익-공정가치측정 금융자산\n상각후원가측정금융자산\n합\xa0\xa0 계\n\xa0현금및현금성자산\n-\xa0\n-\xa0\n4,274\xa0\n4,274\xa0\n\xa0매출채권및기타채권\n-\xa0\n-\xa0\n113,901\xa0\n113,901\xa0\n\xa0기타금융자산\n374,006\xa0\n809\xa0\n-\xa0\n374,815\xa0\n\xa0장기매출채권및기타채권\n-\xa0\n-\xa0\n24,145\xa0\n24,145\xa0\n\xa0기타비유동금융자산\n19,122\xa0\n12,438\xa0\n1,895\xa0\n33,455\xa0\n합\xa0\xa0 계\n393,128\xa0\n13,247\xa0\n144,215\xa0\n550,590\xa0\n<전기말>\n(단위: 백만원)\n구\xa0\xa0 분\n당기손익-공정가치측정 금융자산\n기타포괄손익-공정가치측정 금융자산\n상각후원가측정금융자산\n합\xa0\xa0 계\n\xa0현금및현금성자산\n-\xa0\n-\xa0\n4,007\xa0\n4,007\xa0\n\xa0매출채권및기타채권\n-\xa0\n-\xa0\n51,007\xa0\n51,007\xa0\n\xa0기타금융자산\n334,700\xa0\n688\xa0\n-\xa0\n335,388\xa0\n\xa0장기매출채권및기타채권\n-\xa0\n-\xa0\n27,827\xa0\n27,827\xa0\n\xa0기타비유동금융자산\n21,922\xa0\n10,881\xa0\n1,893\xa0\n34,696\xa0\n합\xa0\xa0 계\n356,622\xa0\n11,569\xa0\n84,734\xa0\n452,925\xa0\n나. 금융부채당분기말 및 전기말 현재 범주별 금융부채의 내역은 다음과 같습니다.\n(단위: 백만원)\n구\xa0\xa0 분\n상각후원가측정 금융부채\n당분기말\n전기말\n\xa0매입채무및기타채무\n178,798\xa0\n51,586\xa0\n\xa0차입금\n21,222\xa0\n21,040\xa0\n\xa0기타유동금융부채\n11,239\xa0\n10,757\xa0\n\xa0장기매입채무및기타채무\n12,132\xa0\n13,097\xa0\n\xa0장기차입금\n729\xa0\n763\xa0\n\xa0기타비유동금융부채\n29,483\xa0\n30,331\xa0\n합\xa0\xa0 계\n253,603\xa0\n127,574\xa0\n다.\xa0공정가치 서열체계당분기말 및 전기말 현재 공정가치로 측정하는 금융상품의 공정가치와 장부금액은 다음과 같습니다.\n(단위: 백만원)\n구\xa0\xa0 분\n당분기말\n전기말\n장부금액\n공정가치\n장부금액\n공정가치\n\xa0당기손익-공정가치측정 금융자산 (지분상품)\n19,122\xa0\n19,122\xa0\n21,922\xa0\n21,922\xa0\n\xa0당기손익-공정가치측정 금융자산 (수익증권)\n374,006\xa0\n374,006\xa0\n334,700\xa0\n334,700\xa0\n\xa0기타포괄손익-공정가치측정 금융자산 (상장지분상품)\xa0\n9,968\xa0\n9,968\xa0\n8,290\xa0\n8,290\xa0\n\xa0기타포괄손익-공정가치측정 금융자산 (비상장지분상품)\xa0\n2,120\xa0\n2,120\xa0\n2,120\xa0\n2,120\xa0\n\xa0기타포괄손익-공정가치측정 금융자산 (채무상품)\xa0\n1,159\xa0\n1,159\xa0\n1,159\xa0\n1,159\xa0\n공정가치로 측정되는 금융상품은 공정가치 서열체계에 따라 구분되며 정의된 수준들은 다음과 같습니다.\n- 측정일에 동일한 자산이나 부채에 대해 접근할 수 있는 활성시장의(조정하지 않은)\xa0\xa0 공시가격 (수준 1)\n- 수준 1의 공시가격 외에 자산이나 부채에 대해 직접적으로나 간접적으로 관측할\xa0 \xa0 \xa0\xa0 수 있는 투입변수 (수준 2)\n- 자산이나 부채에 대한 관측할 수 없는 투입변수 (수준 3)\n당분기말 및 전기말 현재 공정가치로 측정되는 금융상품의 공정가치 서열체계 구분은 다음과 같습니다.\n<당분기말>\n(단위: 백만원)\n구\xa0\xa0 분\n수준1\n수준2\n수준3(주1)\n합\xa0\xa0 계\n\xa0당기손익-공정가치측정 지분상품\n-\xa0\n-\xa0\n19,122\xa0\n19,122\xa0\n\xa0당기손익-공정가치측정 채무상품\n-\xa0\n-\xa0\n374,006\xa0\n374,006\xa0\n\xa0기타포괄손익-공정가치측정 지분상품\n9,968\xa0\n-\xa0\n2,120\xa0\n12,088\xa0\n\xa0기타포괄손익-공정가치측정 채무상품\n-\xa0\n-\xa0\n1,159\xa0\n1,159\xa0\n합\xa0\xa0 계\n9,968\xa0\n-\xa0\n396,407\xa0\n406,375\xa0\n(주1) 당사는 수준 3으로 분류되는 공정가치측정금융자산에 대하여 현금흐름할인법,\xa0 \xa0 \xa0 \xa0 유사기업비교법, 위험조정 할인율모형 등을 사용하고 있으며, 주요 투입변수는\xa0 \xa0 \xa0 \xa0 할인율과 성장률 등이 해당됩니다.\n<전기말>\n(단위: 백만원)\n구\xa0\xa0 분\n수준1\n수준2\n수준3(주1)\n합\xa0\xa0 계\n\xa0당기손익-공정가치측정 지분상품\n-\xa0\n-\xa0\n21,922\xa0\n21,922\xa0\n\xa0당기손익-공정가치측정 채무상품\n-\xa0\n-\xa0\n334,700\xa0\n334,700\xa0\n\xa0기타포괄손익-공정가치측정 지분상품\n8,290\xa0\n-\xa0\n2,120\xa0\n10,410\xa0\n\xa0기타포괄손익-공정가치측정 채무상품\n-\xa0\n-\xa0\n1,159\xa0\n1,159\xa0\n합\xa0\xa0 계\n8,290\xa0\n-\xa0\n359,901\xa0\n368,191\xa0\n(주1) 당사는 수준 3으로 분류되는 공정가치측정금융자산에 대하여 현금흐름할인법,\xa0 \xa0 \xa0 \xa0 유사기업비교법, 위험조정 할인율모형 등을 사용하고 있으며, 주요 투입변수는\xa0 \xa0 \xa0 \xa0 할인율과 성장률 등이 해당됩니다.당분기 중 공정가치 서열체계의 수준 간 이동 내역은 없습니다.\n라. 사용이 제한된 금융상품당분기말 및 전기말 현재 사용이 제한된 금융상품은 다음과 같습니다.\n(단위: 백만원)\n구\xa0\xa0 분\n사용제한내역\n당분기말\n전기말\n기타비유동금융자산\n당좌개설보증금 및 임대보증금\n1,895\xa0\n1,893\xa0\n4. 부문별 보고\xa0당사는 기업회계기준서 제1108호 \'영업부문\'에 따라 영업부문과 관련된 공시사항을 연결재무제표에 공시하고 있으며, 동 별도재무제표에는 별도로 공시하지 않았습니 다.\n5. 현금및현금성자산당분기말 및 전기말 현재 현금및현금성자산의 구성내역은 다음과 같습니다.\n(단위: 백만원)\n구\xa0\xa0 분\n당분기말\n전기말\n보유현금\n30\xa0\n30\xa0\n은행예금 등\n4,244\xa0\n3,977\xa0\n합\xa0\xa0 계\n4,274\xa0\n4,007\xa0\n6. 매출채권및기타채권\n가.\xa0당분기말\xa0및 전기말 현재 매출채권및기타채권의 내역은 다음과 같습니다.\n(단위: 백만원)\n구\xa0\xa0 분\n당분기말\n전기말\n채권액\n대손충당금\n장부금액\n채권액\n대손충당금\n장부금액\n매출채권\n92,927\xa0\n(368)\n92,559\xa0\n37,310\xa0\n-\xa0\n37,310\xa0\n기타채권\n31,205\xa0\n(9,863)\n21,342\xa0\n23,560\xa0\n(9,863)\n13,697\xa0\n소\xa0\xa0 계\n124,132\n(10,231)\n113,901\xa0\n60,870\xa0\n(9,863)\n51,007\xa0\n장기기타채권\n24,145\xa0\n-\xa0\n24,145\xa0\n27,827\xa0\n-\xa0\n27,827\xa0\n합\xa0\xa0 계\n148,277\xa0\n(10,231)\n138,046\xa0\n\xa088,697\xa0\n(9,863)\n78,834\xa0\n당분기말 현재 당사가\xa0금융기관에\xa0매출채권을 양도하고 현금을 수령하였으나 미결제된 금액은\xa01,086백만원(전기말:\xa0904백만원)입니다.\xa0대출약정상 매출거래처의 부도가발생하는 경우, 당사가 은행에 해당금액을 지급할 의무를\xa0가지고 있으므로 동 거래는담보부차입으로 회계처리하였습니다.\n나. 당분기말 및 전기말 현재 기타채권의 내역은 다음과 같습니다.\n(단위: 백만원)\n구\xa0\xa0 분\n당분기말\n전기말\n기타채권\n\xa0 미수금\n7,583\xa0\n1,527\xa0\n\xa0 미수수익\n688\xa0\n440\xa0\n\xa0 금융리스채권\n13,071\xa0\n11,730\xa0\n소\xa0\xa0 계\n21,342\xa0\n13,697\xa0\n장기기타채권\n\xa0 장기보증금\n12,716\xa0\n12,364\xa0\n\xa0 장기금융리스채권\n11,429\xa0\n15,463\xa0\n소\xa0\xa0 계\n24,145\xa0\n27,827\xa0\n합\xa0\xa0 계\n45,487\xa0\n41,524\xa0\n다. 당분기말 및 전기말 현재 계약자산 및 계약부채의 내역은 다음과 같습니다.\n(단위: 백만원)\n구\xa0\xa0 분\n당분기말\n전기말\n계약자산\n\xa0\xa0 연구용역 매출 계약에 대한 계약자산(주1)\n281\xa0\n104\xa0\n계약부채\n\xa0복합운송주선 매출 계약에 대한 계약부채(주2)\n10,818\xa0\n-\xa0\n\xa0연구용역 매출 계약에 대한 계약부채(주1)\n47\xa0\n47\xa0\n합\xa0\xa0 계\n10,865\xa0\n47\xa0\n(주1) 재무상태표상 미청구공사 및 초과청구공사에 계상되어 있습니다.(주2) 재무상태표상 선수수익(기타유동부채)에 계상되어 있습니다.\n라. 당분기와 전분기 중 대손충당금의 변동내역은 다음과 같습니다.\n(단위: 백만원)\n구\xa0\xa0 분\n당분기\n전분기\n매출채권\n기타채권\n매출채권\n기타채권\n기초\n-\xa0\n9,863\xa0\n-\xa0\n1,602\xa0\n합병으로 인한 증가\n216\xa0\n-\xa0\n-\xa0\n-\xa0\n설정\n152\xa0\n-\xa0\n-\xa0\n-\xa0\n기말\n368\xa0\n9,863\xa0\n-\xa0\n1,602\xa0\n7. 기타금융자산 및 기타금융부채\n가. 당분기말 및 전기말 현재 기타금융자산 및 기타금융부채의 상세내역은 다음과 같습니다.\n(단위: 백만원)\n구\xa0\xa0 분\n당분기말\n전기말\n유동\n비유동\n합\xa0\xa0 계\n유동\n비유동\n합\xa0\xa0 계\n기타금융자산\n\xa0상각후원가측정 금융자산\n-\xa0\n1,895\xa0\n1,895\xa0\n-\xa0\n1,893\xa0\n1,893\xa0\n\xa0기타포괄손익-공정가치측정금융자산\n809\xa0\n12,438\xa0\n13,247\xa0\n688\xa0\n10,881\xa0\n11,569\xa0\n\xa0당기손익-공정가치측정금융자산\n374,006\xa0\n19,122\xa0\n393,128\xa0\n334,700\xa0\n21,922\xa0\n356,622\xa0\n합\xa0\xa0 계\n374,815\xa0\n33,455\xa0\n408,270\xa0\n335,388\xa0\n34,696\xa0\n370,084\xa0\n기타금융부채\n\xa0리스부채\n11,239\xa0\n29,483\xa0\n40,722\xa0\n10,757\xa0\n30,331\xa0\n41,088\xa0\n나. 당분기말 및 전기말 현재 기타금융자산의 범주별 장부금액은 다음과 같습니다.\n(단위: 백만원)\n구\xa0\xa0 분\n당분기말\n전기말\n상각후원가측정 금융자산:\n\xa0 채무증권\n1,895\xa0\n1,893\xa0\n당기손익-공정가치측정 금융자산:\n\xa0 활성시장에서 거래되지 않는 지분증권\n3,886\xa0\n3,886\xa0\n\xa0 수익증권\n374,006\xa0\n334,700\xa0\n\xa0 출자금 등\n15,236\xa0\n18,036\xa0\n소\xa0\xa0 계\n393,128\xa0\n356,622\xa0\n기타포괄손익-공정가치측정 금융자산:\xa0\n\xa0 활성시장에서 거래되는 지분증권\n9,968\xa0\n8,290\xa0\n\xa0 활성시장에서 거래되지 않는 지분증권\n2,120\xa0\n2,120\xa0\n\xa0 출자금 등\n1,159\xa0\n1,159\xa0\n소\xa0\xa0 계\n13,247\xa0\n11,569\xa0\n합\xa0\xa0 계\n408,270\xa0\n370,084\xa0\n다. 당분기와 전분기 중 당기손익-공정가치측정금융자산 및 기타포괄손익-공정가치측정금융자산의 변동 내역은 다음과 같습니다.\n(단위: 백만원)\n구\xa0\xa0 분\n당분기\n전분기\n기초\n368,191\xa0\n47,942\xa0\n취득\n374,006\xa0\n-\xa0\n처분\n(337,500)\n-\xa0\n평가손익(기타포괄손익)\n1,678\xa0\n(278)\n기말\n406,375\xa0\n47,664\xa0\n8. 재고자산\n당분기말\xa0및 전기말 현재 재고자산의 내역은 다음과 같습니다.\n(단위: 백만원)\n구\xa0\xa0 분\n당분기말\n전기말\n평가전금액\n평가충당금\n장부가액\n평가전금액\n평가충당금\n장부가액\n제품\n1,495\xa0\n(39)\n1,456\xa0\n1,726\xa0\n(41)\n1,685\xa0\n반제품\n3,455\xa0\n(80)\n3,375\xa0\n3,291\xa0\n(80)\n3,211\xa0\n원재료\n390\xa0\n(8)\n382\xa0\n357\xa0\n-\xa0\n357\xa0\n부재료\n1,230\xa0\n(32)\n1,198\xa0\n1,021\xa0\n(24)\n997\xa0\n기타\n137\xa0\n-\xa0\n137\xa0\n132\xa0\n-\xa0\n132\xa0\n합\xa0\xa0 계\n6,707\xa0\n(159)\n6,548\xa0\n6,527\xa0\n(145)\n6,382\xa0\n9. 유형자산 및 투자부동산\n가. 당분기와 전분기 중 유형자산의 변동내역은 다음과 같습니다.\n<당분기>\n(단위: 백만원)\n구\xa0\xa0 분\n당기초\n취득\n감가상각\n본계정대체\n기타\n합병으로인한 증가\n당분기말\n토지\n443,105\xa0\n-\xa0\n-\xa0\n-\xa0\n-\xa0\n-\xa0\n443,105\xa0\n건물\n31,599\xa0\n-\xa0\n(386)\n21\xa0\n-\xa0\n-\xa0\n31,234\xa0\n구축물\n10,977\xa0\n-\xa0\n(133)\n10\xa0\n-\xa0\n-\xa0\n10,854\xa0\n기계장치\n21,890\xa0\n210\xa0\n(1,417)\n3,078\xa0\n-\xa0\n-\xa0\n23,761\xa0\n\xa0(정부보조금)\n(1,382)\n-\xa0\n132\xa0\n-\xa0\n-\xa0\n-\xa0\n(1,250)\n차량운반구\n108\xa0\n-\xa0\n(12)\n7\xa0\n-\xa0\n-\xa0\n103\xa0\n공구와비품\n8,898\xa0\n484\xa0\n(942)\n1,490\xa0\n-\xa0\n77\xa0\n10,007\xa0\n\xa0(정부보조금)\n(152)\n-\xa0\n21\xa0\n-\xa0\n-\xa0\n-\xa0\n(131)\n건설중인자산\n9,301\xa0\n1,592\xa0\n-\xa0\n(4,381)\n-\xa0\n-\xa0\n6,512\xa0\n미착기계\n130\xa0\n173\xa0\n-\xa0\n(225)\n-\xa0\n-\xa0\n78\xa0\n사용권자산\n20,798\xa0\n998\xa0\n(1,335)\n-\xa0\n629\xa0\n711\xa0\n21,801\xa0\n합\xa0\xa0 계\n545,272\xa0\n3,457\xa0\n(4,072)\n-\xa0\n629\xa0\n788\xa0\n546,074\xa0\n<전분기>\n(단위: 백만원)\n구\xa0\xa0 분\n전기초\n취득\n처분\n감가상각\n본계정대체\n전분기말\n토지\n443,336\xa0\n-\xa0\n-\xa0\n-\xa0\n-\xa0\n443,336\xa0\n건물\n33,773\xa0\n-\xa0\n-\xa0\n(390)\n15\xa0\n33,398\xa0\n구축물\n11,126\xa0\n-\xa0\n-\xa0\n(133)\n384\xa0\n11,377\xa0\n기계장치\n24,325\xa0\n103\xa0\n-\xa0\n(1,451)\n1,999\xa0\n24,976\xa0\n\xa0(정부보조금)\n(1,607)\n-\xa0\n-\xa0\n142\xa0\n-\xa0\n(1,465)\n차량운반구\n142\xa0\n-\xa0\n-\xa0\n(13)\n12\xa0\n141\xa0\n공구와비품\n9,710\xa0\n323\xa0\n-\xa0\n(1,044)\n785\xa0\n9,774\xa0\n\xa0(정부보조금)\n(277)\n-\xa0\n-\xa0\n46\xa0\n-\xa0\n(231)\n건설중인자산\n8,469\xa0\n651\xa0\n-\xa0\n-\xa0\n(3,195)\n5,925\xa0\n미착기계\n87\xa0\n-\xa0\n-\xa0\n-\xa0\n-\xa0\n87\xa0\n사용권자산\n6,919\xa0\n941\xa0\n(180)\n(1,226)\n-\xa0\n6,454\xa0\n합\xa0\xa0 계\n536,003\xa0\n2,018\xa0\n(180)\n(4,069)\n-\xa0\n533,772\xa0\n나. 당분기와 전분기 중 투자부동산의 변동내역은 다음과 같습니다.\n<당분기>\n(단위: 백만원)\n구\xa0\xa0 분\n당기초\n감가상각비\n당분기말\n토지\n5,487\xa0\n-\xa0\n5,487\xa0\n건물\n636\xa0\n(7)\n629\xa0\n사용권자산\n324\xa0\n(24)\n300\xa0\n합\xa0\xa0 계\n6,447\xa0\n(31)\n6,416\xa0\n<전분기>\n(단위: 백만원)\n구\xa0\xa0 분\n전기초\n취득\n감가상각비\n대체 등\n전분기말\n토지\n5,487\xa0\n-\xa0\n-\xa0\n-\xa0\n5,487\xa0\n건물\n663\xa0\n-\xa0\n(7)\n-\xa0\n656\xa0\n사용권자산\n2,544\xa0\n6,114\xa0\n(143)\n(7,512)\n1,003\xa0\n합\xa0\xa0 계\n8,694\xa0\n6,114\xa0\n(150)\n(7,512)\n7,146\xa0\n10. 무형자산가. 당분기와 전분기 중 무형자산의 변동내역은 다음과 같습니다.\n<당분기>\n(단위: 백만원)\n구\xa0\xa0 분\n당기초\n취득\n처분\n상각\n합병으로인한 증가\n당분기말\n산업재산권\n139\xa0\n43\xa0\n-\xa0\n(17)\n-\xa0\n165\xa0\n기타의무형자산\n16,084\xa0\n1,299\xa0\n-\xa0\n(893)\n141\xa0\n16,631\xa0\n회원권\n27,861\xa0\n1,900\xa0\n(2,430)\n-\xa0\n-\xa0\n27,331\xa0\n합\xa0\xa0 계\n44,084\xa0\n3,242\xa0\n(2,430)\n(910)\n141\xa0\n44,127\xa0\n<전분기>\n(단위: 백만원)\n구\xa0\xa0 분\n전기초\n취득\n상각\n전분기말\n산업재산권\n113\xa0\n2\xa0\n(17)\n98\xa0\n기타의무형자산\n12,444\xa0\n1,695\xa0\n(586)\n13,553\xa0\n회원권\n27,862\xa0\n-\xa0\n-\xa0\n27,862\xa0\n합\xa0\xa0 계\n40,419\xa0\n1,697\xa0\n(603)\n41,513\xa0\n11. 리스가. 당분기와 전분기 중 사용권자산의 변동내역은 다음과 같습니다.\n<당분기>\n(단위: 백만원)\n구\xa0\xa0 분\n당기초\n증가\n상각\n계약변경\n합병으로\n인한 증가\n당분기말\n\xa0건물\n18,437\xa0\n297\xa0\n(605)\n651\xa0\n682\xa0\n19,462\xa0\n\xa0차량운반구\n761\xa0\n189\xa0\n(158)\n-\xa0\n29\xa0\n821\xa0\n\xa0기타\n1,600\xa0\n512\xa0\n(572)\n(22)\n-\xa0\n1,518\xa0\n\xa0투자부동산\n324\xa0\n-\xa0\n(24)\n-\xa0\n-\xa0\n300\xa0\n합\xa0\xa0 계\n21,122\xa0\n998\xa0\n(1,359)\n629\xa0\n711\xa0\n22,101\xa0\n<전분기>\n(단위: 백만원)\n구\xa0\xa0 분\n전기초\n증가\n상각\n대체\n감소\n전분기말\n\xa0건물\n2,243\xa0\n799\xa0\n(500)\n-\xa0\n(155)\n2,387\xa0\n\xa0차량운반구\n897\xa0\n142\xa0\n(163)\n-\xa0\n(24)\n852\xa0\n\xa0기타\n3,779\xa0\n-\xa0\n(564)\n-\xa0\n-\xa0\n3,215\xa0\n\xa0투자부동산\n2,544\xa0\n6,114\xa0\n(143)\n(7,512)\n-\xa0\n1,003\xa0\n합\xa0\xa0 계\n9,463\xa0\n7,055\xa0\n(1,370)\n(7,512)\n(179)\n7,457\xa0\n나. 당분기와 전분기 중 리스부채의 변동내역은 다음과 같습니다.\n<당분기>\n(단위: 백만원)\n구\xa0\xa0 분\n당기초\n증가\n이자비용\n원금상환\n변경\n합병으로인한 증가\n당분기말\n리스부채\n41,088\xa0\n941\xa0\n220\xa0\n(2,846)\n623\xa0\n696\xa0\n40,722\xa0\n<전분기>\n(단위: 백만원)\n구\xa0\xa0 분\n전기초\n증가\n이자비용\n감소\n기타\n전분기말\n리스부채\n21,668\xa0\n7,055\xa0\n183\xa0\n(3,769)\n(183)\n24,954\xa0\n다. 당분기말 및 전기말 현재 금융리스채권의 내역은 다음과 같습니다.\n(단위: 백만원)\n구\xa0\xa0 분\n당분기말\n전기말\n1년이내\n13,227\xa0\n11,866\xa0\n1년초과 2년이내\n12,197\xa0\n16,394\xa0\n리스료 합계\n25,424\xa0\n28,260\xa0\n리스총투자 합계\n25,424\xa0\n28,260\xa0\n차감: 미실현 금융수익\n(924)\n(1,067)\n최소리스료의 현재가치\n24,500\xa0\n27,193\xa0\n리스 순투자 합계\n24,500\xa0\n27,193\xa0\n12. 종속기업투자가.\xa0당분기말 및 전기말 현재 종속기업의 현황과 장부금액은 다음과 같습니다.\n(단위: 백만원)\n기업명\n소재지\n지분율(%)\n취득원가\n당분기말\n전기말\n효성티앤에스㈜\n한국\n\xa054.02\n75,178\xa0\n146,246\xa0\n180,134\xa0\n효성굿스프링스㈜\n한국\n100\n74,361\xa0\n56,216\xa0\n61,123\xa0\n효성투자개발㈜\n한국\n58.75\n34,798\xa0\n242,430\xa0\n220,600\xa0\n효성트랜스월드㈜(주1)\n한국\n-\n-\xa0\n-\xa0\n12,445\xa0\n태안솔라팜㈜\n한국\n100\n1,880\xa0\n2,436\xa0\n2,910\xa0\n공덕경우개발㈜(주2)\n한국\n73.33\n4,400\xa0\n-\xa0\n-\xa0\n하나대체투자랜드칩사모부동산투자신탁39호(주2,3)\n한국\n100\n16,000\xa0\n-\xa0\n-\xa0\nHyosung Holdings USA, Inc.\n미국\n100\n89,589\xa0\n139,174\xa0\n130,650\xa0\nHyosung (H.K) LIMITED\n홍콩\n100\n829\xa0\n1,992\xa0\n1,918\xa0\nHyosung Brasil Participacoes LTDA\xa0\n브라질\n100\n8,607\xa0\n99\xa0\n103\xa0\nHYOSUNG SUMIDEN STEEL CORD(NANJING)CO.LTD.\n중국\n100\n-\xa0\n-\xa0\n1,067\xa0\nHyosung Resource (Australia) PTY Ltd.\n호주\n100\n14,777\xa0\n1,151\xa0\n846\xa0\nHyosung RUS\n러시아\n100\n1,692\xa0\n4,979\xa0\n4,319\xa0\nPT. HYOSUNG JAKARTA\n인도네시아\n99.9\n1,268\xa0\n2,647\xa0\n2,614\xa0\n㈜에프엠케이\n한국\n100\n20,001\xa0\n34,192\xa0\n34,016\xa0\n기타\n-\n-\n-\xa0\n143\xa0\n138\xa0\n합\xa0\xa0 계\n343,380\xa0\n631,705\xa0\n652,883\xa0\n(주1)\xa0 당분기 중 당사에 흡수합병되었습니다(주석 30 참조).(주2) 지분법 손실 누적으로 종속기업투자의 장부가액이 영(""0"") 이하가 되어 지분법\xa0 \xa0 \xa0 \xa0 \xa0 적용을 중단하였습니다.(주3) 주주간계약에 따라 보유한 의결권을 고려한 지분율이며, 유효지분율은 77.01%\xa0 \xa0 \xa0 \xa0 입니다.\n나. 당분기와 전분기의 종속기업에 대한 지분법 평가 내역은 다음과 같습니다.\xa0\n<당분기>\n(단위: 백만원)\n기업명\n당기초\n취득(처분)\n지분법손익\n기타포괄손익\n합병\n기타\n당분기말\n효성티앤에스㈜\n180,134\xa0\n-\xa0\n1,231\xa0\n1,105\xa0\n-\xa0\n(36,224)\n146,246\xa0\n효성굿스프링스㈜\n61,123\xa0\n-\xa0\n(4,907)\n-\xa0\n-\xa0\n-\xa0\n56,216\xa0\n효성투자개발㈜\n220,600\xa0\n-\xa0\n28,158\xa0\n4,952\xa0\n-\xa0\n(11,280)\n242,430\xa0\n효성트랜스월드㈜\n12,445\xa0\n-\xa0\n983\xa0\n-\xa0\n(13,421)\n(7)\n-\xa0\n태안솔라팜㈜\n2,910\xa0\n-\xa0\n96\xa0\n-\xa0\n-\xa0\n(570)\n2,436\xa0\n공덕경우개발㈜\n-\xa0\n-\xa0\n-\xa0\n-\xa0\n-\xa0\n-\xa0\n-\xa0\n하나대체투자랜드칩사모부동산투자신탁39호\n-\xa0\n-\xa0\n-\xa0\n-\xa0\n-\xa0\n-\xa0\n-\xa0\nHyosung Holdings USA, Inc.\n130,650\xa0\n-\xa0\n3,097\xa0\n5,427\xa0\n-\xa0\n-\xa0\n139,174\xa0\nHyosung (H.K) LIMITED\n1,918\xa0\n-\xa0\n-\xa0\n74\xa0\n-\xa0\n-\xa0\n1,992\xa0\nHyosung Brasil Participacoes LTDA\xa0\n103\xa0\n-\xa0\n3\xa0\n(7)\n-\xa0\n-\xa0\n99\xa0\nHYOSUNG SUMIDEN STEEL CORD(NANJING)CO.LTD.(주1)\n1,067\xa0\n(1,043)\n(62)\n38\xa0\n-\xa0\n-\xa0\n-\xa0\nHyosung Resource (Australia) PTY Ltd.\n846\xa0\n-\xa0\n(18)\n323\xa0\n-\xa0\n-\xa0\n1,151\xa0\nHyosung RUS\n4,319\xa0\n-\xa0\n566\xa0\n94\xa0\n-\xa0\n-\xa0\n4,979\xa0\nPT. HYOSUNG JAKARTA\n2,614\xa0\n-\xa0\n3\xa0\n30\xa0\n-\xa0\n-\xa0\n2,647\xa0\n㈜에프엠케이\n34,016\xa0\n-\xa0\n176\xa0\n-\xa0\n-\xa0\n-\xa0\n34,192\xa0\n기타\n138\xa0\n-\xa0\n-\xa0\n5\xa0\n-\xa0\n-\xa0\n143\xa0\n합\xa0\xa0 계\n652,883\xa0\n(1,043)\n29,326\xa0\n12,041\xa0\n(13,421)\n(48,081)\n631,705\xa0\n(주1) 당분기말 현재 청산중입니다.\n<전분기>\n(단위: 백만원)\n기업명\n전기초\n취득(처분)\n지분법손익\n기타포괄손익\n기타\n전분기말\n효성티앤에스㈜\n163,130\xa0\n\u3000-\xa0\n3,178\xa0\n1,304\xa0\n(22,377)\n145,235\xa0\n효성굿스프링스㈜\n73,049\xa0\n\u3000-\xa0\n(3,997)\n-\xa0\n(1,999)\n67,053\xa0\n효성투자개발㈜\n201,116\xa0\n\u3000-\xa0\n4,096\xa0\n4,520\xa0\n(12,925)\n196,807\xa0\n효성트랜스월드㈜\n11,511\xa0\n\u3000-\xa0\n1,451\xa0\n-\xa0\n(4,000)\n8,962\xa0\n태안솔라팜㈜\n2,759\xa0\n\u3000-\xa0\n134\xa0\n-\xa0\n(300)\n2,593\xa0\n공덕경우개발㈜\n\u3000-\xa0\n\u3000-\xa0\n-\xa0\n-\xa0\n-\xa0\n-\xa0\n하나대체투자랜드칩사모 부동산투자신탁39호\n\u3000-\xa0\n\u3000-\xa0\n-\xa0\n-\xa0\n-\xa0\n-\xa0\nHyosung Holdings USA, Inc.\n143,422\xa0\n\u3000-\xa0\n(2,663)\n9,263\xa0\n-\xa0\n150,022\xa0\nHyosung (H.K) LIMITED\n2,036\xa0\n\u3000-\xa0\n-\xa0\n123\xa0\n-\xa0\n2,159\xa0\nHyosung Brasil Participacoes LTDA\xa0\n141\xa0\n\u3000-\xa0\n(16)\n(23)\n-\xa0\n102\xa0\nHYOSUNG SUMIDEN STEEL CORD(NANJING)CO.LTD.(주1)\n9,974\xa0\n(9,468)\n20\xa0\n576\xa0\n-\xa0\n1,102\xa0\nHyosung Resource (Australia) PTY Ltd.\n10,472\xa0\n\u3000-\xa0\n-\xa0\n(748)\n-\xa0\n9,724\xa0\nHyosung RUS\n6,502\xa0\n\u3000-\xa0\n(1,824)\n(891)\n-\xa0\n3,787\xa0\nPT. HYOSUNG JAKARTA\n3,098\xa0\n\u3000-\xa0\n(398)\n(255)\n-\xa0\n2,445\xa0\n㈜에프엠케이\n30,770\xa0\n\u3000-\xa0\n448\xa0\n-\xa0\n968\xa0\n32,186\xa0\n효성캐피탈㈜\n482,489\xa0\n\u3000-\xa0\n5,326\xa0\n-\xa0\n(26,520)\n461,295\xa0\n기타\n144\xa0\n\u3000-\xa0\n\u3000-\xa0\n8\xa0\n\u3000-\xa0\n152\xa0\n합\xa0\xa0 계\n1,140,613\xa0\n(9,468)\n5,755\xa0\n13,877\xa0\n(67,153)\n1,083,624\xa0\n(주1) 전분기말 현재 청산중입니다.\n다. 당분기말 현재 주요 종속기업의 요약 재무정보 및 종속기업으로부터 수령한 배당금은 아래와 같습니다.\n(단위: 백만원)\n기업명\n유동자산\n비유동자산\n유동부채\n비유동부채\n수익\n분기순이익\n기타포괄 손익\n총포괄손익\n종속기업에서 수령한 배당금\xa0\n효성티앤에스㈜\n431,379\xa0\n315,371\xa0\n415,533\xa0\n38,203\xa0\n155,500\xa0\n3,695\xa0\n2,045\xa0\n5,740\xa0\n35,985\xa0\n효성굿스프링스㈜\n110,771\xa0\n95,079\xa0\n112,959\xa0\n36,675\xa0\n32,908\xa0\n(4,907)\n-\xa0\n(4,907)\n-\xa0\n효성투자개발㈜\n7,051\xa0\n281,020\xa0\n4,264\xa0\n4,233\xa0\n135\xa0\n19,409\xa0\n(360)\n19,049\xa0\n11,280\xa0\n태안솔라팜㈜\n534\xa0\n2,240\xa0\n65\xa0\n272\xa0\n299\xa0\n96\xa0\n-\xa0\n96\xa0\n570\xa0\n공덕경우개발㈜\n14,414\xa0\n198,795\xa0\n194,127\xa0\n48,867\xa0\n4,762\xa0\n537\xa0\n-\xa0\n537\xa0\n-\xa0\n하나대체투자랜드칩사모부동산투자신탁39호\n1,903\xa0\n166,230\xa0\n10,840\xa0\n150,000\xa0\n1,631\xa0\n490\xa0\n-\xa0\n490\xa0\n239\xa0\nHyosung Holdings USA, Inc.\n573,363\xa0\n92,812\xa0\n453,502\xa0\n83,384\xa0\n237,856\xa0\n3,105\xa0\n273\xa0\n3,378\xa0\n-\xa0\nHyosung (H.K) LIMITED\n1,992\xa0\n-\xa0\n-\xa0\n-\xa0\n-\xa0\n-\xa0\n74\xa0\n74\xa0\n-\xa0\nHyosung Brasil Participacoes LTDA\xa0\n63\xa0\n145\xa0\n109\xa0\n-\xa0\n11\xa0\n3\xa0\n(7)\n(4)\n-\xa0\nHYOSUNG SUMIDEN STEEL CORD(NANJING)CO.LTD.\n-\xa0\n-\xa0\n-\xa0\n-\xa0\n-\xa0\n(62)\n38\xa0\n(24)\n-\xa0\nHyosung Resource (Australia) PTY Ltd.\n32\xa0\n1,123\xa0\n4\xa0\n-\xa0\n-\xa0\n(18)\n323\xa0\n305\xa0\n-\xa0\nHyosung RUS\n64,494\xa0\n2,655\xa0\n61,447\xa0\n724\xa0\n20,295\xa0\n566\xa0\n94\xa0\n660\xa0\n-\xa0\nPT. HYOSUNG JAKARTA\n10,578\xa0\n503\xa0\n8,158\xa0\n273\xa0\n5,876\xa0\n3\xa0\n30\xa0\n33\xa0\n-\xa0\n㈜에프엠케이\n76,267\xa0\n41,877\xa0\n64,388\xa0\n19,563\xa0\n28,899\xa0\n176\xa0\n-\xa0\n176\xa0\n-\xa0\n13. 관계기업투자 및 공동기업투자\n가. 당분기말 및 전기말 현재 관계기업 및 공동기업의 현황과 장부금액은 다음과 같습니다.\n(단위: 백만원)\n기업명\n지분율(%)\n소재지\n취득원가\n당분기말\n전기말\n효성티앤씨㈜\n20.32\n한국\n\xa0 \xa0 \xa0 176,483\xa0\n\xa0 \xa0 \xa0 233,313\xa0\n\xa0 \xa0 \xa0 208,024\xa0\n효성중공업㈜\n32.47\n한국\n\xa0 \xa0 \xa0 161,041\xa0\n\xa0 \xa0 \xa0 399,186\xa0\n\xa0 \xa0 \xa0 400,510\xa0\n효성첨단소재㈜\n21.20\n한국\n\xa0 \xa0 \xa0 116,476\xa0\n\xa0 \xa0 \xa0 108,709\xa0\n\xa0 \xa0 \xa0 \xa0 97,783\xa0\n효성화학㈜\n20.17\n한국\n\xa0 \xa0 \xa0 \xa0 97,688\xa0\n\xa0 \xa0 \xa0 113,783\xa0\n\xa0 \xa0 \xa0 102,814\xa0\n태백풍력발전㈜\n35\n한국\n\xa0 \xa0 \xa0 \xa0\xa0 5,334\xa0\n\xa0 \xa0 \xa0 \xa0\xa0 9,252\xa0\n\xa0 \xa0 \xa0 \xa0\xa0 8,964\xa0\n평창풍력발전㈜ (주1)\n42\n한국\n\xa0 \xa0 \xa0 \xa0\xa0 6,510\xa0\n\xa0 \xa0 \xa0 \xa0\xa0 8,656\xa0\n\xa0 \xa0 \xa0 \xa0\xa0 8,445\xa0\n효성인포메이션시스템㈜(주2)\n50\n한국\n\xa0 \xa0 \xa0 \xa0 24,860\xa0\n\xa0 \xa0 \xa0 \xa0 45,905\xa0\n\xa0 \xa0 \xa0 \xa0 48,930\xa0\n효성토요타㈜\n40\n한국\n\xa0 \xa0 \xa0 \xa0 \xa0\xa0 800\xa0\n\xa0 \xa0 \xa0 \xa0\xa0 3,054\xa0\n\xa0 \xa0 \xa0 \xa0\xa0 3,040\xa0\n효성아이티엑스㈜\n35.26\n한국\n\xa0 \xa0 \xa0 \xa0\xa0 7,676\xa0\n\xa0 \xa0 \xa0 \xa0 25,986\xa0\n\xa0 \xa0 \xa0 \xa0 17,670\xa0\n순천에코그린㈜ (주3,4)\n29.50\n한국\n\xa0 \xa0 \xa0 \xa0 \xa0 \xa0 \xa0\xa0 -\xa0\n\xa0 \xa0 \xa0 \xa0 \xa0 \xa0 \xa0\xa0 -\xa0\n\xa0 \xa0 \xa0 \xa0 \xa0 \xa0 \xa0\xa0 -\xa0\n㈜광주일보사\n49\n한국\n\xa0 \xa0 \xa0 \xa0\xa0 3,920\xa0\n\xa0 \xa0 \xa0 \xa0\xa0 2,161\xa0\n\xa0 \xa0 \xa0 \xa0\xa0 2,225\xa0\nPT. Papua Agro Lestari(주5)\n15\n인도네시아\n\xa0 \xa0 \xa0 \xa0 10,458\xa0\n\xa0 \xa0 \xa0 \xa0\xa0 8,631\xa0\n\xa0 \xa0 \xa0 \xa0\xa0 8,480\xa0\nPT. GELORA MANDIRI MEMBANGUN(GMM)(주5)\n15\n인도네시아\n\xa0 \xa0 \xa0 \xa0\xa0 4,687\xa0\n\xa0 \xa0 \xa0 \xa0\xa0 3,974\xa0\n\xa0 \xa0 \xa0 \xa0\xa0 4,134\xa0\n합\xa0\xa0 계\n\xa0 \xa0 \xa0 615,933\xa0\n\xa0 \xa0 \xa0 962,610\xa0\n\xa0 \xa0 \xa0 911,019\xa0\n(주1) 당사는 평창풍력발전㈜의 차입금과 관련하여 당사가 보유하고 있는 평창풍력\xa0 \xa0 \xa0 \xa0 \xa0 발전㈜ 지분을 담보로 제공하고 있습니다(주석 29 참조).(주2) 당사와 Hitachi Vantara Corporation이 피투자자에 대한 공동지배력을 보유하\xa0 \xa0 \xa0 \xa0\xa0 고 있어 공동기업으로 분류하고 있습니다.(주3) 당사는 순천에코그린㈜의 차입금과 관련하여 당사가 보유하고 있는 순천에코\xa0 \xa0 \xa0 \xa0 \xa0 그린㈜ 지분을 담보로 제공하고 있습니다(주석 29 참조).(주4) 지분법 손실 누적으로 관계기업투자의 장부가액이 영(""0"") 이하가 되어 지분법\xa0 \xa0 \xa0 \xa0 \xa0 적용을 중단하였습니다.(주5) 당사가 보유한 지분율이 20% 미만이나, 피투자자의 의사결정기구 참여 및 경\xa0 \xa0 \xa0 \xa0 \xa0 영진의 상호교류 등 유의적인 영향력을 보유함에 따라\xa0 관계기업투자로 분류하\xa0 \xa0 \xa0 \xa0 였습니다.\n나. 당분기와 전분기의 관계기업에 대한 지분법 평가 내역은 다음과 같습니다.\xa0\n<당분기>\n(단위: 백만원)\n기업명\n당기초\n지분법손익\n기타포괄손익\n기타\n당분기말\n효성티앤씨㈜\n208,024\xa0\n27,249\xa0\n2,427\xa0\n(4,387)\n233,313\xa0\n효성중공업㈜\n400,510\xa0\n(1,422)\n221\xa0\n(123)\n399,186\xa0\n효성첨단소재㈜\n97,783\xa0\n7,631\xa0\n3,322\xa0\n(27)\n108,709\xa0\n효성화학㈜\n102,814\xa0\n8,239\xa0\n2,763\xa0\n(33)\n113,783\xa0\n태백풍력발전㈜\n8,964\xa0\n288\xa0\n-\xa0\n-\xa0\n9,252\xa0\n평창풍력발전㈜\xa0\n8,445\xa0\n211\xa0\n-\xa0\n-\xa0\n8,656\xa0\n효성인포메이션시스템㈜\n48,930\xa0\n453\xa0\n-\xa0\n(3,478)\n45,905\xa0\n효성토요타㈜\n3,040\xa0\n20\xa0\n-\xa0\n(6)\n3,054\xa0\n효성아이티엑스㈜\n17,670\xa0\n1,182\xa0\n8,453\xa0\n(1,319)\n25,986\xa0\n순천에코그린㈜\xa0\n-\xa0\n-\xa0\n-\xa0\n-\xa0\n-\xa0\n㈜광주일보사\n2,225\xa0\n(43)\n-\xa0\n(21)\n2,161\xa0\nPT. Papua Agro Lestari\n8,480\xa0\n90\xa0\n61\xa0\n-\xa0\n8,631\xa0\nPT. GELORA MANDIRI MEMBANGUN(GMM)\n4,134\xa0\n(169)\n9\xa0\n-\xa0\n3,974\xa0\n합\xa0\xa0 계\n911,019\xa0\n43,729\xa0\n17,256\xa0\n(9,394)\n962,610\xa0\n<전분기>\n(단위: 백만원)\n기업명\n전기초\n지분법손익\xa0\n기타포괄손익\n기타\n전분기말\n효성티앤씨㈜\n189,194\xa0\n3,255\xa0\n941\xa0\n(1,773)\n191,617\xa0\n효성중공업㈜\n426,231\xa0\n(21,360)\n1,037\xa0\n(65)\n405,843\xa0\n효성첨단소재㈜\n99,850\xa0\n1,032\xa0\n3,712\xa0\n(10)\n104,584\xa0\n효성화학㈜\n114,367\xa0\n(16)\n2,522\xa0\n(3,227)\n113,646\xa0\n태백풍력발전㈜\n10,099\xa0\n(404)\n-\xa0\n(245)\n9,450\xa0\n평창풍력발전㈜\n9,873\xa0\n25\xa0\n-\xa0\n(1,364)\n8,534\xa0\n효성인포메이션시스템㈜\n47,195\xa0\n70\xa0\n-\xa0\n(2,499)\n44,766\xa0\n효성토요타㈜\n3,117\xa0\n(136)\n-\xa0\n12\xa0\n2,993\xa0\n효성아이티엑스㈜\n17,962\xa0\n898\xa0\n(1,661)\n(2,179)\n15,020\xa0\n순천에코그린㈜\n-\xa0\n-\xa0\n-\xa0\n-\xa0\n-\xa0\n㈜광주일보사\n3,596\xa0\n(1,105)\n-\xa0\n(17)\n2,474\xa0\nPT. Papua Agro Lestari\n9,713\xa0\n(158)\n(634)\n-\xa0\n8,921\xa0\nPT. GELORA MANDIRI MEMBANGUN\n4,174\xa0\n(441)\n(27)\n-\xa0\n3,706\xa0\n합\xa0\xa0 계\n935,371\xa0\n(18,340)\n5,890\xa0\n(11,367)\n911,554\xa0\n다. 당분기말 현재 지분법적용 중지로 인하여 인식하지 못한 지분변동액 중 중요한 내역은 다음과 같습니다.\n(단위: 백만원)\n구\xa0\xa0 분\n당기초\n증감\n당분기말\n순천에코그린㈜\xa0\n(5,694)\n(435)\n(6,129)\n라. 당분기말 현재 주요 관계기업의 요약 재무정보 및 관계기업으로부터 수령한 배당금은 아래와 같습니다.\n(단위: 백만원)\n기업명\n유동자산\n비유동자산\n유동부채\n비유동부채\n수익\n분기순이익\n기타포괄 손익\n총포괄손익\n관계기업에서 수령한 배당금\xa0\n효성티앤씨㈜\n1,634,828\xa0\n1,554,854\xa0\n1,886,746\xa0\n415,962\xa0\n1,618,201\xa0\n180,114\xa0\n18,880\xa0\n198,994\xa0\n4,396\xa0\n효성중공업㈜\n1,192,165\xa0\n2,431,884\xa0\n1,649,581\xa0\n996,415\xa0\n583,173\xa0\n8,757\xa0\n1,057\xa0\n9,814\xa0\n-\xa0\n효성첨단소재㈜\n987,933\xa0\n1,555,407\xa0\n1,604,628\xa0\n501,521\xa0\n769,465\xa0\n54,196\xa0\n18,550\xa0\n72,746\xa0\n-\xa0\n효성화학㈜\n558,524\xa0\n2,129,809\xa0\n692,758\xa0\n1,537,796\xa0\n591,176\xa0\n41,886\xa0\n13,539\xa0\n55,425\xa0\n-\xa0\n태백풍력발전㈜\n2,374\xa0\n26,844\xa0\n280\xa0\n2,504\xa0\n1,967\xa0\n823\xa0\n-\xa0\n823\xa0\n-\xa0\n평창풍력발전㈜\n8,870\xa0\n63,122\xa0\n3,995\xa0\n47,388\xa0\n2,516\xa0\n502\xa0\n-\xa0\n502\xa0\n-\xa0\n효성인포메이션시스템㈜\n121,669\xa0\n18,607\xa0\n41,875\xa0\n6,591\xa0\n33,355\xa0\n907\xa0\n-\xa0\n907\xa0\n3,460\xa0\n효성토요타㈜\n8,708\xa0\n14,175\xa0\n6,518\xa0\n8,732\xa0\n11,772\xa0\n50\xa0\n-\xa0\n50\xa0\n-\xa0\n효성아이티엑스㈜\n112,554\xa0\n65,610\xa0\n81,996\xa0\n23,059\xa0\n111,611\xa0\n3,353\xa0\n23,972\xa0\n27,325\xa0\n1,319\xa0\n순천에코그린㈜\xa0\n814\xa0\n25,720\xa0\n5,120\xa0\n44,165\xa0\n-\xa0\n(1,475)\n-\xa0\n(1,475)\n-\xa0\n㈜광주일보사\n4,065\xa0\n16,674\xa0\n14,060\xa0\n2,268\xa0\n1,423\xa0\n(88)\n-\xa0\n(88)\n-\xa0\nPT. Papua Agro Lestari\n19,059\xa0\n40,320\xa0\n1,776\xa0\n21,335\xa0\n2,903\xa0\n598\xa0\n407\xa0\n1,005\xa0\n-\xa0\nPT. GELORA MANDIRI MEMBANGUN\n5,048\xa0\n82,560\xa0\n57,571\xa0\n26,344\xa0\n-\xa0\n(1,126)\n61\xa0\n(1,065)\n-\xa0\n마. 당분기말 현재 시장성 있는 관계기업투자의 공정가치는 다음과 같습니다.\n(단위: 백만원)\n기업명\n당분기말\n효성티앤씨㈜\n\xa0 \xa0\xa0 503,833\xa0\n효성중공업㈜\n\xa0 \xa0\xa0 237,380\xa0\n효성첨단소재㈜\n\xa0 \xa0\xa0 361,414\xa0\n효성화학㈜\n\xa0 \xa0\xa0 198,836\xa0\n효성아이티엑스㈜\n\xa0 \xa0 \xa0 88,521\xa0\n14. 기타자산당분기말 및 전기말 현재 기타자산의 내역은 다음과 같습니다.\n(단위: 백만원)\n구\xa0\xa0 분\n당분기말\n전기말\n기타유동자산\n\xa0선급금\n19,530\xa0\n10,956\xa0\n\xa0선급비용\n11,779\xa0\n2,566\xa0\n소\xa0\xa0 계\n31,309\xa0\n13,522\xa0\n기타비유동자산\n\xa0장기선급비용\n32\xa0\n40\xa0\n\xa0기타의투자자산\n23,980\xa0\n23,980\xa0\n소\xa0\xa0 계\n24,012\xa0\n24,020\xa0\n합\xa0\xa0 계\n55,321\xa0\n37,542\xa0\n15. 특수관계자\n가. 당분기말\xa0현재\xa0당사의 특수관계자 현황은 다음과 같습니다.\xa0\n(1)\xa0종속기업\n지역\n회사명\n국내\n공덕경우개발㈜, 효성티앤에스㈜, 하나대체투자랜드칩사모부동산투자신탁 39호, 태안솔라팜㈜,효성굿스프링스㈜, 효성투자개발㈜, ㈜에프엠케이 등\n미주지역\nHICO America Sales & Tech., Hyosung Holdings USA, Inc., Hyosung USA Inc. 등\n아시아지역\nPT. HYOSUNG JAKARTA 등\n유럽지역\nHyosung RUS. 등\n(2)\xa0관계기업 및 공동기업\n지 역\n회사명\n국내\n효성중공업㈜, 효성티앤씨㈜, 효성첨단소재㈜, 효성화학㈜, 순천에코그린㈜, ㈜광주일보사, 태백풍력발전㈜,평창풍력발전㈜, 효성토요타㈜, 효성인포메이션시스템㈜, 효성아이티엑스㈜ 등\n아시아지역\nPapua Agro Lestari, PT. GELORA MANDIRI MEMBANGUN\n(3)\xa0기타특수관계자(주1)\n지 역\n회사명\n국내\n갤럭시아디바이스㈜, 갤럭시아일렉트로닉스㈜, 공덕개발㈜, 더클래스효성㈜, 더프리미엄효성㈜, 동륭실업㈜, ㈜신동진, ㈜아승오토모티브그룹, 트리니티에셋메니지먼트㈜, 행복두드리미㈜, 효성프리미어모터스㈜, ㈜에이에스씨, ㈜갤럭시아에스엠, 갤럭시아머니트리㈜, 신성자동차㈜ 등\n중국지역\nTianjin Galaxia Device Electronics., Co.Ltd., Huizhou Galaxia Device Electronics., Co. Ltd.,Qingdao Galaxia Device Electronics., Co.Ltd., Weihai\xa0Galaxia Device Electronics.,\xa0Co.Ltd.,Galaxia Electronics (China Huizhou) CO., Ltd., DNS Technology Co., Ltd., 등\n아시아지역\nGalaxia Japan, Hyosung Singapore PTE Ltd., Hyosung Vietnam Co., Ltd. 등\n유럽지역\nHyosung Europe SRL, Hyosung Istanbul TEKSTIL LTD.STI 등\n(주1) 제1024호 특수관계자 범위에 포함되지 않으나 독점규제 및 공정거래법에 따른\xa0 \xa0 \xa0 \xa0 동일한 대규모기업집단 소속회사가 포함되어 있습니다.\n나. 당사와 특수관계자와의 주요 거래 내역당분기와 전분기 중 당사와 특수관계자와의 중요한 영업상의 거래 내역은 다음과 같습니다.\xa0\n<당분기>\n(단위: 백만원)\n구\xa0\xa0 분\n기업명\n매출 등(주1)\n배당\n매입 등(주1)\n유ㆍ무형자산취득\n종속기업\n하나대체투자랜드칩사모부동산투자신탁 39호\n-\xa0\n239\xa0\n109\xa0\n-\xa0\n효성트랜스월드㈜\xa0(주2)\n30\xa0\n-\xa0\n62\xa0\n-\xa0\nHyosung USA Inc.\n744\xa0\n-\xa0\n-\xa0\n-\xa0\n효성투자개발㈜\n-\xa0\n11,280\xa0\n-\xa0\n-\xa0\n효성티앤에스㈜\n3,395\xa0\n35,985\xa0\n2,045\xa0\n196\xa0\n기타\n524\xa0\n570\xa0\n122\xa0\n-\xa0\n소\xa0\xa0 계\n4,693\xa0\n48,074\xa0\n2,338\xa0\n196\xa0\n관계기업\n효성아이티엑스㈜\n499\xa0\n1,319\xa0\n352\xa0\n92\xa0\n효성중공업㈜\n15,888\xa0\n-\xa0\n145\xa0\n-\xa0\n효성첨단소재㈜\n9,323\xa0\n-\xa0\n1,997\xa0\n-\xa0\n효성화학㈜\n19,167\xa0\n-\xa0\n1\xa0\n-\xa0\n효성티앤씨㈜\n18,856\xa0\n4,396\xa0\n3,117\xa0\n-\xa0\n효성인포메이션시스템㈜\n88\xa0\n3,460\xa0\n601\xa0\n899\xa0\n기타\n-\xa0\n-\xa0\n43\xa0\n-\xa0\n소\xa0\xa0 계\n63,821\xa0\n9,175\xa0\n6,256\xa0\n991\xa0\n기타\nHyosung Japan Co., Ltd.\n1,167\xa0\n-\xa0\n-\xa0\n-\xa0\nHyosung International Trade(Jiaxing) Co., Ltd.\n8\xa0\n-\xa0\n-\xa0\n-\xa0\n공덕개발㈜\n-\xa0\n-\xa0\n19\xa0\n-\xa0\nHyosung Chemical Fiber (Jiaxing) Co., Ltd.\n24\xa0\n-\xa0\n-\xa0\n-\xa0\n갤럭시아머니트리㈜\n125\xa0\n-\xa0\n-\xa0\n-\xa0\n㈜갤럭시아에스엠\n86\xa0\n-\xa0\n347\xa0\n-\xa0\n기타\n2,884\xa0\n-\xa0\n18\xa0\n-\xa0\n소\xa0\xa0 계\n4,294\xa0\n-\xa0\n384\xa0\n-\xa0\n합\xa0\xa0 계\n72,808\xa0\n57,249\xa0\n8,978\xa0\n1,187\xa0\n(주1) 매출 등에는 매출,\xa0기타수익, 이자수익 등이, 매입 등에는 원재료 매입, 판관비,\xa0\xa0 \xa0 \xa0 \xa0 기타비용 등이 포함되어 있습니다.(주2) 당기 중 합병으로 당분기말 현재 종속기업에서 제외되었습니다.\n<전분기>\n(단위: 백만원)\n구\xa0\xa0 분\n기업명\n매출 등(주1)\n배당\n매입 등(주1)\n유ㆍ무형자산취득\n종속기업\n하나대체투자랜드칩사모부동산투자신탁 39호\n-\xa0\n246\xa0\n136\xa0\n-\xa0\n효성트랜스월드㈜\n72\xa0\n4,000\xa0\n309\xa0\n1\xa0\nHyosung USA Inc.\n1,125\xa0\n-\xa0\n-\xa0\n-\xa0\n효성캐피탈㈜\n253\xa0\n26,520\xa0\n-\xa0\n-\xa0\n효성투자개발㈜\n-\xa0\n12,925\xa0\n-\xa0\n-\xa0\n효성티앤에스㈜\n1,211\xa0\n21,591\xa0\n1,942\xa0\n139\xa0\n기타\n369\xa0\n2,300\xa0\n2\xa0\n-\xa0\n소\xa0\xa0 계\n3,030\xa0\n67,582\xa0\n2,389\xa0\n140\xa0\n관계기업\n효성아이티엑스㈜\n378\xa0\n2,179\xa0\n174\xa0\n353\xa0\n효성중공업㈜\n9,274\xa0\n-\xa0\n13\xa0\n-\xa0\n효성첨단소재㈜\n6,039\xa0\n-\xa0\n1,857\xa0\n-\xa0\n효성화학㈜\n7,330\xa0\n3,217\xa0\n2\xa0\n-\xa0\n효성티앤씨㈜\n6,094\xa0\n1,759\xa0\n2,661\xa0\n-\xa0\n효성인포메이션시스템㈜\n86\xa0\n2,595\xa0\n28\xa0\n-\xa0\n기타\n168\xa0\n1,610\xa0\n42\xa0\n-\xa0\n소\xa0\xa0 계\n29,369\xa0\n11,360\xa0\n4,777\xa0\n353\xa0\n기타\r\nHyosung Japan Co., Ltd.\n1,715\xa0\n-\xa0\n-\xa0\n-\xa0\nHYOSUNG INDIA Pvt Ltd\n454\xa0\n-\xa0\n-\xa0\n-\xa0\nHyosung DongNai Co,LTD\n331\xa0\n-\xa0\n5\xa0\n-\xa0\n갤럭시아코퍼레이션㈜\n-\xa0\n-\xa0\n43\xa0\n-\xa0\n갤럭시아머니트리㈜(구: 갤럭시아커뮤니케이션즈)\n15\xa0\n-\xa0\n-\xa0\n-\xa0\n㈜갤럭시아에스엠\n-\xa0\n-\xa0\n336\xa0\n-\xa0\n기타\n205\xa0\n-\xa0\n26\xa0\n-\xa0\n소\xa0\xa0 계\n2,720\xa0\n-\xa0\n410\xa0\n-\xa0\n합\xa0\xa0 계\n35,119\xa0\n78,942\xa0\n7,576\xa0\n493\xa0\n(주1) 매출 등에는 매출,\xa0기타수익, 이자수익 등이, 매입 등에는 원재료 매입, 판관비,\xa0\xa0 \xa0 \xa0 \xa0 기타비용 등이 포함되어 있습니다.\n다.\xa0당분기말 및 전기말 현재 특수관계자에 대한 채권ㆍ채무잔액은 다음과 같습니다.\n<당분기말>\n(단위: 백만원)\n구\xa0\xa0 분\n기업명\n\xa0매출채권\n\xa0기타채권\xa0등(주1)\n\xa0매입채무\xa0\n\xa0기타채무\xa0등(주1)\n종속기업\n하나대체투자랜드칩사모부동산투자신탁 39호\n-\xa0\n9,610\xa0\n-\xa0\n20,550\xa0\n효성티앤에스㈜\n1,247\xa0\n7,749\xa0\n-\xa0\n4,655\xa0\nHyosung USA Inc.\n501\xa0\n18\xa0\n-\xa0\n499\xa0\n공덕경우개발㈜\n-\xa0\n927\xa0\n-\xa0\n15,492\xa0\n기타\n184\xa0\n990\xa0\n-\xa0\n-\xa0\n소\xa0\xa0 계\n1,932\xa0\n19,294\xa0\n-\xa0\n41,196\xa0\n관계기업\n효성중공업㈜ (주2)\n10,028\xa0\n386\xa0\n-\xa0\n15,053\xa0\n효성티앤씨㈜\n17,214\xa0\n4,476\xa0\n1,283\xa0\n487\xa0\n효성첨단소재㈜\n6,615\xa0\n56\xa0\n801\xa0\n5,219\xa0\n효성화학㈜\n14,795\xa0\n10\xa0\n2\xa0\n52\xa0\n㈜광주일보사\n-\xa0\n8,262\xa0\n-\xa0\n323\xa0\n기타\n220\xa0\n-\xa0\n19\xa0\n1,821\xa0\n소\xa0\xa0 계\n48,872\xa0\n13,190\xa0\n2,105\xa0\n22,955\xa0\n기타\nHyosung Japan Co., Ltd.\n149\xa0\n-\xa0\n8\xa0\n149\xa0\nHyosung International Trade(Jiaxing) Co., Ltd.\n3\xa0\n3\xa0\n-\xa0\n-\xa0\n공덕개발㈜\n-\xa0\n516\xa0\n-\xa0\n1,948\xa0\nHyosung Chemical Fiber (Jiaxing) Co., Ltd.\n8\xa0\n-\xa0\n-\xa0\n-\xa0\n갤럭시아머니트리㈜\n-\xa0\n1,752\xa0\n-\xa0\n677\xa0\n㈜갤럭시아에스엠\n34\xa0\n-\xa0\n127\xa0\n-\xa0\n기타\n2,921\xa0\n618\xa0\n-\xa0\n1,593\xa0\n소\xa0\xa0 계\n3,115\xa0\n2,889\xa0\n135\xa0\n4,367\xa0\n합\xa0\xa0 계\n53,919\xa0\n35,373\xa0\n2,240\xa0\n68,518\xa0\n(주1) 기타채권에는 미수금, 대여금,\xa0미수수익, 선급금 등이 포함되어 있으며, 기타채\xa0 \xa0 \xa0 \xa0 무에는 미지급금,\xa0예수보증금\xa0등이 포함되어 있습니다.(주2) 당사는 효성중공업㈜에 대한 회원권 19,200백만원을 무형자산으로 인식하고\xa0 \xa0 \xa0 \xa0 \xa0\xa0 있습니다.\n<전기말>\n(단위: 백만원)\n구\xa0\xa0 분\n기업명\n\xa0매출채권\n\xa0기타채권\xa0등(주1)\n\xa0매입채무\xa0\n\xa0기타채무\xa0등(주1)\n종속기업\n하나대체투자랜드칩사모부동산투자신탁 39호\n-\xa0\n9,610\xa0\n-\xa0\n22,072\xa0\n효성티앤에스㈜\n265\xa0\n8,737\xa0\n-\xa0\n4,584\xa0\nHyosung USA Inc.\n416\xa0\n20\xa0\n-\xa0\n415\xa0\n공덕경우개발㈜\n-\xa0\n721\xa0\n80\xa0\n14,769\xa0\n기타\n179\xa0\n1,068\xa0\n41\xa0\n90\xa0\n소\xa0\xa0 계\n860\xa0\n20,156\xa0\n121\xa0\n41,930\xa0\n관계기업\n효성중공업㈜ (주2)\n5,742\xa0\n(14)\n-\xa0\n7,013\xa0\n효성티앤씨㈜\n2,778\xa0\n8\xa0\n924\xa0\n536\xa0\n효성첨단소재㈜\n2,759\xa0\n35\xa0\n680\xa0\n5,141\xa0\n효성화학㈜\n2,564\xa0\n23\xa0\n-\xa0\n371\xa0\n㈜광주일보사\n-\xa0\n8,262\xa0\n-\xa0\n112\xa0\n기타\n336\xa0\n6\xa0\n1\xa0\n387\xa0\n소\xa0\xa0 계\n14,179\xa0\n8,320\xa0\n1,605\xa0\n13,560\xa0\n기타\nHyosung Japan Co., Ltd.\n176\xa0\n-\xa0\n-\xa0\n174\xa0\nHyosung International Trade(Jiaxing) Co., Ltd.\n-\xa0\n-\xa0\n-\xa0\n-\xa0\n공덕개발㈜\n-\xa0\n516\xa0\n-\xa0\n2,185\xa0\nHyosung Chemical Fiber (Jiaxing) Co., Ltd.\n22\xa0\n-\xa0\n-\xa0\n-\xa0\n갤럭시아머니트리㈜(구: 갤럭시아커뮤니케이션즈)\n-\xa0\n1,944\xa0\n-\xa0\n676\xa0\n㈜갤럭시아에스엠\n34\xa0\n-\xa0\n126\xa0\n-\xa0\n기타\n721\xa0\n522\xa0\n-\xa0\n1,355\xa0\n소\xa0\xa0 계\n953\xa0\n2,982\xa0\n126\xa0\n4,390\xa0\n합\xa0\xa0 계\n15,992\xa0\n31,458\xa0\n1,852\xa0\n59,880\xa0\n(주1) 기타채권에는 미수금, 대여금, 미수수익 등이 포함되어 있으며, 기타채무에는\xa0 \xa0 \xa0 \xa0 \xa0 미지급금, 예수보증금 등이 포함되어 있습니다.(주2) 당사는 효성중공업㈜에 대한 회원권 21,600백만원을 무형자산으로 인식하고\xa0 \xa0 \xa0 \xa0 \xa0\xa0 있습니다.\n라.\xa0당사는 당분기 중 특수관계자와의 자금거래내역이 없으며, 당분기말 현재\xa0㈜광주일보사 대여금 및 미수수익 8,262백만원에 대해 전액 손실충당금을 인식하고 있습니다.전분기 특수관계자와의 자금거래내역은 다음과 같습니다.\n<전분기>\n(단위: 백만원)\n구\xa0\xa0 분\n기업명\n전기초\n회수\n외화평가\n전분기말\n종속기업\n공덕경우개발㈜\n20,361\xa0\n(18,000)\n-\xa0\n2,361\xa0\n관계기업\nPT. GELORA MANDIRI MEMBANGUN\n2,560\xa0\n-\xa0\n143\xa0\n2,703\xa0\n㈜광주일보사\n7,853\xa0\n-\xa0\n-\xa0\n7,853\xa0\n마. 당분기와 전분기중 당사가 주요 경영진(등기임원) 보상을 위해 비용으로 계상한 금액은 다음과 같습니다.\xa0\n(단위: 백만원)\n구\xa0\xa0 분\n당분기\n전분기\n단기급여\n1,445\xa0\n1,445\xa0\n퇴직급여\n220\xa0\n229\xa0\n\xa0합\xa0\xa0 계\n1,665\xa0\n1,674\xa0\n바. 특수관계자에 제공한 지급보증내역은 주석 29에 기술되어 있습니다.사.\xa0당사는 관계기업인 순천에코그린㈜의 민간투자사업을 위해 수표 2매를 견질로 제공하고 있습니다.\n16. 매입채무및기타채무\n가.\xa0당분기말과 전기말 현재 매입채무및기타채무의 내역은 다음과 같습니다.\xa0\n(단위: 백만원)\n구\xa0\xa0 분\n당분기말\n전기말\n매입채무\n45,757\xa0\n5,321\xa0\n기타채무\n133,041\xa0\n46,265\xa0\n소\xa0\xa0 계\n178,798\xa0\n51,586\xa0\n장기기타채무\n12,132\xa0\n13,097\xa0\n합\xa0\xa0 계\n190,930\xa0\n64,683\xa0\n나. 당분기말 및 전기말 현재 기타채무의 장부금액은 다음과 같습니다\n(단위: 백만원)\n구\xa0\xa0 분\n당분기말\n전기말\n기타채무\n\xa0미지급금\n121,289\xa0\n31,379\xa0\n\xa0미지급비용\n5,388\xa0\n6,563\xa0\n\xa0예수금\n3,655\xa0\n6,831\xa0\n\xa0예수보증금\n2,709\xa0\n1,492\xa0\n소\xa0\xa0 계\n\xa0 \xa0 \xa0 \xa0\xa0 133,041\xa0\n46,265\xa0\n장기기타채무\n\xa0미지급금\n3,442\xa0\n3,300\xa0\n\xa0미지급비용\n660\xa0\n605\xa0\n\xa0예수보증금\n8,030\xa0\n9,192\xa0\n소\xa0\xa0 계\n12,132\xa0\n13,097\xa0\n합\xa0\xa0 계\n\xa0 \xa0 \xa0 \xa0\xa0 145,173\xa0\n59,362\xa0\n17. 차입금\n당분기말 및 전기말 현재 차입금의 내역은 다음과 같습니다.\n(단위: 백만원)\n구\xa0\xa0 분\n내용\n차입처\n만기일\n연이자율(%)\n당분기말\n전기말\n단기차입금\n일반단기차입금\n산업은행\n2021-05-07\nCD+1.2\n20,000\xa0\n20,000\xa0\n수출채권매각(주1)\n우리은행\n-\n-\n1,086\xa0\n904\xa0\n소\xa0\xa0 계\n21,086\xa0\n20,904\xa0\n장기차입금\n원화장기차입금(주2)\n한국에너지공단\n2027-06-15\n0.75\n865\xa0\n899\xa0\n합\xa0\xa0 계\n21,951\xa0\n21,803\xa0\n(주1)\xa0당사는 외화매출채권을 금융기관 등에 매각하였으며, 이 중 매출거래처의 부도\xa0 \xa0 \xa0 \xa0 가 발생하는 경우 당사가 은행에 해당 금액을 지급할 의무를 가지는 소구권이\xa0 \xa0 \xa0 \xa0 \xa0 있는 거래에 대해서는 담보부차입으로 회계처리하였습니다(주석 29 참조).\xa0 \xa0 \xa0 (주2) 당분기말 및 전기말 현재 장기차입금 중에는 유동성차입금으로 분류된 136백\xa0 \xa0 \xa0 \xa0 \xa0 만원이 포함되어 있습니다.\xa0\n18. 기타부채당분기말 및 전기말 현재 기타부채의 내역은 다음과 같습니다.\n(단위: 백만원)\n구\xa0\xa0 분\n당분기말\n전기말\n기타유동부채\n\xa0선수금\n22,815\xa0\n13,347\xa0\n\xa0선수수익\n10,906\xa0\n74\xa0\n소\xa0\xa0 계\n33,721\xa0\n13,421\xa0\n기타비유동부채\n\xa0장기선수수익\n309\xa0\n368\xa0\n합\xa0\xa0 계\n34,030\xa0\n13,789\xa0\n19. 자본금가. 당사가 발행할 주식의 총수는 200,000천주이고, 발행한 주식수는 보통주식 21,071,025주이며, 액면금액은 5,000원입니다. \n나. 당분기말 및 전기말 현재 이익잉여금의 내역은 다음과 같습니다.\n(단위: 백만원)\n구\xa0\xa0 분\n내 용\n당분기말\n전기말\n법정적립금\n이익준비금(주1)\n75,670\xa0\n75,670\xa0\n임의적립금\n시설적립금\n5,597,000\xa0\n5,597,000\xa0\n미처분이익잉여금\n558,659\xa0\n588,405\xa0\n합\xa0\xa0 계\n6,231,329\xa0\n6,261,075\xa0\n(주1) 당사는 상법의 규정에 따라, 자본금의 50%에 달할때까지 매 결산기마다 현금\xa0 \xa0 \xa0 \xa0 \xa0 에 의한 이익배당금의 10% 이상을 이익준비금으로 적립하고 있습니다. 동 이\xa0 \xa0 \xa0 \xa0 \xa0 익준비금은 현금으로 배당할 수 없으나 자본전입 또는 결손보전이 가능하며,\xa0 \xa0 \xa0 \xa0 \xa0\xa0 자본준비금과 이익준비금의 총액이 자본금의 1.5배를 초과하는 경우 (주주총회\xa0 \xa0 \xa0 \xa0 의 결의에 따라) 그 초과한 금액 범위에서 자본준비금과 이익준비금을 감액할\xa0 \xa0 \xa0 \xa0 \xa0 수 있습니다.\n다. 당분기말 및 전기말 현재 기타자본구성요소의 내역은 다음과 같습니다.\n(단위: 백만원)\n구\xa0\xa0 분\n당분기말\n전기말\n기타자본잉여금\n250,410\xa0\n250,410\xa0\n자기주식\n(42,119)\n(42,119)\n기타포괄손익-공정가치측정지분상품 평가손익\n(117,696)\n(118,926)\n자기주식처분이익\n183,913\xa0\n183,913\xa0\n지분법자본변동\n21,817\xa0\n(5,998)\n감자차손(주1)\n(4,816,959)\n(4,816,959)\n합\xa0\xa0 계\n(4,520,634)\n(4,549,679)\n(주1) 인적분할에 따라 주주에게 분배하여야 할 비현금자산의 장부금액과 공정가치\xa0 \xa0 \xa0 \xa0 \xa0 와의 차이를 중단영업처분이익으로 인식하면서 기타불입자본이 감소한 금액이\xa0 \xa0 \xa0 \xa0 포함되어 있습니다.\n20. 매출액당분기와 전분기 중 발생한 매출액의 내역은 다음과 같습니다.\n(단위: 백만원)\n구\xa0\xa0 분\n당분기\n전분기\n용역매출\n16,665\xa0\n17,127\xa0\n제품매출\n23,200\xa0\n20,739\xa0\n운송매출\n50,562\xa0\n-\xa0\n지분법이익(손실)\n73,055\xa0\n(12,585)\n기타\n16,901\xa0\n14,561\xa0\n합\xa0\xa0 계\n180,383\xa0\n39,842\xa0\n21. 고객과의 계약에서 생기는 수익가. 당분기와 전분기 중 고객과의 계약에서 생기는 수익은 다음과 같이 구분됩니다.\n<당분기>\n(단위: 백만원)\n구\xa0\xa0 분\n인테리어\n운송주선업\n지주사업부\n합\xa0\xa0 계\n1.\xa0재화 또는 용역의 유형:\n\xa0 \xa0 용역매출\n-\xa0\n-\xa0\n16,665\xa0\n16,665\xa0\n\xa0 \xa0 제품매출\n23,200\xa0\n-\xa0\n-\xa0\n23,200\xa0\n\xa0 \xa0 운송매출\n-\xa0\n50,562\xa0\n-\xa0\n50,562\xa0\n\xa0 \xa0 기타매출\n191\xa0\n-\xa0\n14,681\xa0\n14,872\xa0\n소\xa0\xa0 계\n23,391\xa0\n50,562\xa0\n31,346\xa0\n105,299\xa0\n2. 지리적 시장:\n\xa0 \xa0 국내\n20,663\xa0\n42,647\xa0\n31,013\xa0\n94,323\xa0\n\xa0 \xa0 해외\n2,728\xa0\n7,915\xa0\n333\xa0\n10,976\xa0\n소\xa0\xa0 계\n23,391\xa0\n50,562\xa0\n31,346\xa0\n105,299\xa0\n3. 수익 인식시기:\n\xa0 \xa0 한시점에 인식\n23,080\xa0\n-\xa0\n-\xa0\n23,080\xa0\n\xa0 \xa0 기간에 걸쳐 인식\n311\xa0\n50,562\xa0\n31,346\xa0\n82,219\xa0\n소\xa0\xa0 계\n23,391\xa0\n50,562\xa0\n31,346\xa0\n105,299\xa0\n(주1) 매출액 중 기업회계기준서 제1115호 적용범위에 포함되지 않는 지분법이익\xa0 \xa0 \xa0 \xa0 \xa0 \xa0 \xa0 73,055백만원과 운용리스수익 2,029백만원은 제외하였습니다.\n<전분기>\n(단위: 백만원)\n구\xa0\xa0 분\n인테리어\n지주사업부\n합\xa0\xa0 계\n1.\xa0재화 또는 용역의 유형:\n\xa0 \xa0 용역매출\n-\xa0\n17,127\xa0\n17,127\xa0\n\xa0 \xa0 제품매출\n20,739\xa0\n-\xa0\n20,739\xa0\n\xa0 \xa0 기타매출\n18\xa0\n12,870\xa0\n12,888\xa0\n소\xa0\xa0 계\n20,757\xa0\n29,997\xa0\n50,754\xa0\n2. 지리적 시장:\n\xa0 \xa0 국내\n17,567\xa0\n29,829\xa0\n47,396\xa0\n\xa0 \xa0 해외\n3,190\xa0\n168\xa0\n3,358\xa0\n소\xa0\xa0 계\n20,757\xa0\n29,997\xa0\n50,754\xa0\n3. 수익 인식시기:\n\xa0 \xa0 한시점에 인식\n20,757\xa0\n3,785\xa0\n24,542\xa0\n\xa0 \xa0 기간에 걸쳐 인식\n-\xa0\n26,212\xa0\n26,212\xa0\n소\xa0\xa0 계\n20,757\xa0\n29,997\xa0\n50,754\xa0\n(주1) 매출액 중 기업회계기준서 제1115호 적용범위에 포함되지 않는 지분법손실\xa0 \xa0 \xa0 \xa0 \xa0 \xa0 \xa0 12,585백만원과 운용리스수익 1,673백만원은 제외하였습니다.\n나. 주요 고객에 대한 정보당분기 중 단일 외부고객으로부터의 매출액이 당사 전체 매출액의 10%를 상회하는 고객은 없으며,\xa0전분기 중 단일 외부고객으로부터의 매출액이 당사 전체 매출액의 10%를 상회하는 고객은 ""A""사(社)입니다. ""A""사(社)의 당분기 및 전분기 매출액은 각각 8,946백만원, 7,428백만원입니다.\n22. 판매비와관리비당분기와 전분기의 판매비와관리비 내역은 다음과 같습니다.\n(단위: 백만원)\n구\xa0\xa0 분\n당분기\n전분기\n급여\n6,397\xa0\n5,379\xa0\n상여금\n836\xa0\n829\xa0\n퇴직급여\n2,307\xa0\n553\xa0\n복리후생비\n440\xa0\n134\xa0\n여비교통비\n157\xa0\n375\xa0\n도서인쇄비\n39\xa0\n119\xa0\n견본비\n37\xa0\n59\xa0\n접대비\n792\xa0\n639\xa0\n판매촉진비\n181\xa0\n119\xa0\n회의비\n150\xa0\n145\xa0\n차량비\n111\xa0\n101\xa0\n통신비\n70\xa0\n64\xa0\n수선비\n66\xa0\n35\xa0\n지급수수료\n1,595\xa0\n2,061\xa0\n세금과공과\n433\xa0\n349\xa0\n임차료\n113\xa0\n88\xa0\n감가상각비\n1,015\xa0\n954\xa0\n무형자산상각비\n62\xa0\n67\xa0\n대손상각비\n152\xa0\n-\xa0\n기타\n161\xa0\n322\xa0\n합\xa0\xa0 계\n15,114\xa0\n12,392\xa0\n23. 비용의 성격별 분류당분기와 전분기 중 발생한 매출원가, 판매비와관리비의 성격별 분류는 다음과 같습니다.\n(단위: 백만원)\n구\xa0\xa0 분\n당분기\n전분기\n제품 및 재공품 등의 변동\n(90)\n137\xa0\n원재료 및 소모품 등의 사용\n9,775\xa0\n7,835\xa0\n종업원급여\n15,077\xa0\n14,384\xa0\n퇴직급여\n3,204\xa0\n1,358\xa0\n복리후생비\n1,271\xa0\n962\xa0\n감가상각 및 무형자산상각\n5,013\xa0\n4,823\xa0\n전력비(수도광열비)\n2,441\xa0\n2,086\xa0\n수출비\n134\xa0\n217\xa0\n용역비\n2,802\xa0\n2,391\xa0\n외주가공비\n4,937\xa0\n4,353\xa0\n지급수수료\n6,436\xa0\n5,754\xa0\n광고선전비\n5,115\xa0\n5,638\xa0\n운송비\n47,764\xa0\n\u3000182\xa0\n기타비용\n5,171\xa0\n6,266\xa0\n합\xa0\xa0 계(주1)\n109,050\xa0\n56,386\xa0\n(주1) 손익계산서상의 매출원가, 판매비와관리비를 합한 금액입니다.\n24. 기타수익 및 기타비용당분기와 전분기 중 발생한 기타손익의 상세내역은 다음과 같습니다.\n(단위: 백만원)\n구\xa0\xa0 분\n당분기\n전분기\n기타수익\n\xa0임대료수익\n45\xa0\n49\xa0\n\xa0배당금수익\n334\xa0\n-\xa0\n\xa0사용권자산처분이익\n-\xa0\n3\xa0\n\xa0잡이익 등\n1,087\xa0\n5,434\xa0\n소\xa0\xa0 계\n1,466\xa0\n5,486\xa0\n기타비용\n\xa0기부금\n68\xa0\n166\xa0\n\xa0잡손실\n235\xa0\n208\xa0\n소\xa0\xa0 계\n303\xa0\n374\xa0\n순기타수익\n1,163\xa0\n5,112\xa0\n25.\xa0금융수익 및 금융비용당분기와 전분기\xa0중 발생한 금융손익의 내역은 다음과 같습니다.\n(단위: 백만원)\n구 분\n당분기\n전분기\n금융수익\n\xa0이자수익\n1,202\xa0\n569\xa0\n\xa0외환차익\n463\xa0\n174\xa0\n\xa0외화환산이익\n588\xa0\n376\xa0\n소\xa0\xa0 계\n2,253\xa0\n1,119\xa0\n금융비용\n\xa0이자비용\n370\xa0\n503\xa0\n\xa0외환차손\n533\xa0\n138\xa0\n\xa0외화환산손실\n387\xa0\n249\xa0\n\xa0기타\n-\xa0\n14\xa0\n소\xa0\xa0 계\n1,290\xa0\n904\xa0\n순금융수익\n963\xa0\n215\xa0\n26. 법인세비용(수익)중간기간의 법인세비용(수익)은 기대총연간이익에 적용될 수 있는 법인세율을 중간기간의 세전이익에 예상되는 세무조정사항을 추정하여 산출하였습니다. 이에 따라 추정된 당분기 법인세비용은 3,220백만원이며, 전분기 법인세수익은 1,486백만원 입니다.\n27. 영업으로부터 창출된 현금가. 당분기와 전분기\xa0중\xa0비현금항목 조정의 주요 내용은 다음과 같습니다.\n(단위: 백만원)\n구\xa0\xa0 분\n당분기\n전분기\n\xa0 법인세비용(수익)\n3,220\xa0\n(1,486)\n\xa0 이자수익\n(1,202)\n(569)\n\xa0 이자비용\n370\xa0\n503\xa0\n\xa0 외화환산이익\n(588)\n(376)\n\xa0 외화환산손실\n387\xa0\n249\xa0\n\xa0 유형자산상각비\n4,072\xa0\n4,069\xa0\n\xa0 무형자산상각비\n910\xa0\n603\xa0\n\xa0 투자부동산상각비\n31\xa0\n150\xa0\n\xa0 사용권자산자산처분이익\n-\xa0\n(3)\n\xa0 대손상각비\n152\xa0\n-\xa0\n\xa0 재고자산평가손실(환입)\n14\xa0\n(96)\n\xa0 배당금수익\n(334)\n(218)\n\xa0 퇴직급여\n1,481\xa0\n1,294\xa0\n\xa0 매출채권처분손실\n-\xa0\n13\xa0\n\xa0 지분법손실(이익)\n(73,055)\n12,585\xa0\n\xa0 기타\n(2)\n(1,271)\n합\xa0\xa0 계\n(64,544)\n15,447\xa0\n나. 당분기와 전분기 중 운전자본 조정의 주요 내용은 다음과 같습니다.\n(단위: 백만원)\n구\xa0\xa0 분\n당분기\n전분기\n\xa0 매출채권\n(13,796)\n1,152\xa0\n\xa0 재고자산\n(179)\n(55)\n\xa0 기타채권\n1,637\xa0\n5,754\xa0\n\xa0 미청구공사\n(177)\n(2)\n\xa0 기타자산\n(2,777)\n5,497\xa0\n\xa0 매입채무\n7,356\xa0\n(2,910)\n\xa0 기타채무\n(13,661)\n(13,936)\n\xa0 초과청구공사\n-\xa0\n(30)\n\xa0 기타부채\n11,086\xa0\n(5,774)\n\xa0 퇴직금의 지급\n(528)\n(27)\n합\xa0\xa0 계\n(11,039)\n(10,331)\n다. 당분기와 전분기 중 당사의 현금 유입과 유출이 없는 주요 거래내용은 다음과 같습니다.\n(단위: 백만원)\n구\xa0\xa0 분\n당분기\n전분기\n건설중인자산 및 미착기계 본계정대체\n4,606\xa0\n3,195\xa0\n리스부채 증가에 따른 사용권자산 증가\n941\xa0\n7,055\xa0\n사용권자산의 리스채권 대체\n-\xa0\n8,734\xa0\n리스채권의 유동성 대체\n4,035\xa0\n376\xa0\n리스부채의 유동성 대체\n2,018\xa0\n2,875\xa0\n유형자산 취득 관련 미지급금의 증감\n(197)\n-\xa0\n미지급 배당금\n99,547\xa0\n-\xa0\n28. 배당금2020년 12월 31일로 종료하는 회계기간에 대한 배당금 99,547백만원은 2021년 4월에 지급되었습니다(전기 지급액: 101,654백만원).\n29. 우발상황과 약정사항\xa0\n가. 견질로 제공된 어음 등\n당분기말 현재 당사의 차입금 및 거래약정과 관련하여 수표 3매를 발주처 등에 견질로 제공하고 있습니다.\n나. 차입약정 등\xa0\n당분기말 현재 당사는 금융기관과 매출채권 및 무역어음할인과 수입신용장지급보증및 일반대출 등의 약정(한도: 118,168백만원)을 체결하고 있으며, 또한 판매기업 외담대약정(한도: 55,500백만원)을 체결하고 있습니다.\n다. 타인을 위한 지급보증 등\xa0당사는 당사의 종속기업인 공덕경우개발㈜에 대하여 190,000백만원의 자금보충의무를 제공하고 있습니다.당사는\xa0당사의 종속기업인 HYOSUNG Holdings USA, INC.를 위해 USD 142,000천의 지급보증을 제공하고 있습니다.\xa0당사는 당사의 종속기업인 HYOSUNG Holdings USA, INC.의 자회사인 HYOSUNG USA, INC.를 위해 USD 61,000천의 지급보증을 제공하고 있습니다.\n당사는 당사의 종속기업인 HYOSUNG Holdings USA, INC.의 자회사인 HICO America Sales & Tech.를 위해 USD 8,000천의 지급보증을 제공하고 있습니다.당사는 당사의 관계기업인 Hyosung Istanbul TEKSTIL LTD.STI를 위해 USD 25,000천의 지급보증을 제공하고 있습니다.\xa0\n당사는 당사의 관계기업인 Hyosung Istanbul TEKSTIL LTD.STI의 자회사인 Hyosung DongNai Co., Ltd.를 위해 USD 429,500천의 지급보증을 제공하고 있습니다. 또한 당사는 종속기업인 하나대체투자랜드칩사모부동산투자신탁39호의 당분기말 차입금 150,000백만원(전기말: 150,000백만원)과 관련하여 대출원리금 상환자금이 부족할 경우 서울시 강남구 소재 특정부동산을 공정가액으로 매입하는 약정을 한화생명보험 주식회사 외 2개 금융기관과 체결하고 있습니다.\n한편, 당사는 당분기말 현재 상법 제530조의9 제1항의 규정에 의하여 분할신설법인인 효성티앤씨㈜, 효성중공업㈜, 효성첨단소재㈜, 효성화학㈜의 분할기일의 채무 중 잔여채무에 대하여 연대하여 변제할 책임이 있습니다. 또한 분할기일 이전에 발생한 지급보증이나 자금보충약정 및 조건부 채무인수약정, 책임준공 등에 대해서 분할신설회사와 연대하여 책임이 있습니다.\n라. 타인으로부터 제공받은 지급보증\xa0당분기말 현재 당사가 타인으로부터 제공받은 지급보증의 내역은 다음과 같습니다.\n(단위: 백만원)\n지급보증제공자\n보증금액\n보증내역\n서울보증보험\n14,806\xa0\n납품계약에 따른 하자보증금 등\n마. 담보제공자산(1) 당분기말 현재 당사의 채무 등을 위하여 담보로 제공된 내역은 다음과 같습니다.\n(단위: 백만원)\n담보제공자산\n장부금액\n관련차입금\n채권최고액\n담보권자\n기타금융자산\n2,349\xa0\n121,000\xa0\n2,349\xa0\n자본재공제조합\n매출채권\n1,074\xa0\n1,086\xa0\n-\xa0\n우리은행\n합\xa0\xa0 계\n3,423\xa0\n122,086\xa0\n\xa02,349\xa0\n\u3000\n당사의 유형자산 중 일부는 분할 전 당사의 차입금과 관련하여 담보로 제공(담보설정액 : 439,639백만원)되어 있으며 해당 차입금은 분할신설회사로 이관되었습니다.\n(2) 당분기말 현재 당사는 당사가 보유하고 있는 평창풍력발전㈜ 주식 1,302,000주를 평창풍력발전㈜의 차입금 46,983백만원과 관련하여 담보로 제공하고 있으며, 당사가 보유하고 있는 순천에코그린㈜ 주식\xa0449,521주를 순천에코그린㈜의 차입금 32,468백만원과 관련하여 담보로 제공하였습니다.\n바. 계류중인 소송사건당분기말 현재 당사를 대상으로 제기된 소송 및 당사가 제소한 소송의 내역은 다음과같습니다.\n(단위: 백만원)\n구\xa0\xa0 분\n건수\n소송가액\n내역\n원고사건\n5\n20,820\xa0\n법인세부과 처분취소 행정소송 등\n피고사건\n3\n42,166\xa0\n손해배상청구소송 등\n상기의 소송사건의 최종결과는 당분기말 현재 예측될 수 없으며, 이에 따라 당사의 재무제표는 이러한 불확실성으로 인하여 발생가능한 조정사항을 반영하고 있지 않습니다.또한, 상기 소송 중 당분기말 현재 분할신설회사의 사업과 관련하여 ㈜효성에 제기된소송은\xa03건(소송가액: 48,670백만원)입니다.\n30. 사업결합\n(1) 당사는 2021년 1월 29일을 합병기일로하여 당사가 지분을 전부 보유하고 있는 종속기업인 효성트랜스월드㈜(이하 ""피합병법인"")를 흡수합병하였습니다. 당사는 기존에 피합병법인의 지분을 전부 보유하여 지배하고 있었으므로 동 합병은 동일지배 하의 사업결합에 해당합니다. (2) 합병비율당사는 피합병법안의 지분을 전부 보유하고 있어 무증자합병을 하여 합병법인이 발행하는 신주는 없으며, 합병법인의 대주주등의 지분변동 사항 또한 없습니다. (3) 해당 합병은 동일지배 하의 사업결합으로 당사는 취득한 자산과 인수한 부채를 피취득자의 재무상태표상 장부금액으로 측정하고. 투자주식의 장부금액을 제거하였습니다. 합병을 통해 취득 또는 인수한 자산과 부채의 내역. 그리고 투자주식의 장부금액은 다음과 같습니다.\n(단위: 백만원)\n구\xa0\xa0 분\n금\xa0\xa0 액\n\xa0종속기업투자주식\n13,421\xa0\n이전대가 합계\n13,421\xa0\n취득한 자산과 인수한 부채의 계상액\n\xa0현금및현금성자산\n18\xa0\n\xa0매출채권및기타채권\n42,125\xa0\n\xa0유형자산\n788\xa0\n\xa0무형자산\n141\xa0\n\xa0기타자산\n15,015\xa0\n\xa0매입채무및기타채무\n(33,377)\n\xa0당기법인세부채\n(1,182)\n\xa0기타부채\n(10,107)\n식별가능 순자산의 장부가치\n13,421\xa0\n이전대가와 취득한 순자산 장부금액의 차이\n-\xa0\n(4) 사업결합으로 인한 현금흐름은 다음과 같습니다.\n(단위: 백만원)\n구\xa0\xa0 분\n금\xa0\xa0 액\n현금지급액\n-\xa0\n피합병법인의 현금및현금성자산\n18\xa0\n31. COVID-19COVID-19의 확산을 차단하기 위하여 전세계적으로 이동 제한을 포함한 다양한 예방및 통제가 시행되고 있으며, 그 결과 전세계 경제가 광범위한 영향을 받고 있습니다. 또한, COVID-19에 대처하기\xa0위한\xa0다양한\xa0형태의 정부지원정책이 발표되고 있습니다.당사가 COVID-19로 인하여 회계처리에 중요한 영향을 받는 항목은 없으며, COVID-19가 당사에 미치는 영향을 보고기간말 현재 합리적으로 추정하여 분기재무제표를 작성하였습니다.\xa0그러나, COVID-19 상황에서 COVID-19의 종식시점 및 COVID-19가 당사에 미치는 영향의 추정에 중요한 불확실성이 존재합니다.\n6. 기타 재무에 관한 사항\n가. 재무제표 재작성 등 유의사항\n(1) 재무제표 재작성에 대한 사항\n① 효성캐피탈㈜ 지분 매각으로 해당사업부문 중단영업손익 분류\n공정거래법에서는 지주회사의 행위제한요건을 열거하고 있으며, 이를 위반할 경우 공정거래위원회로부터 독점규제 및 공정거래에 관한 법률에 의거 벌칙을 부과받을 수 있습니다.\n당사는 2020년 12월 18일자로 당사의 종속기업인 효성캐피탈㈜ 매각을 완료하여 독점규제 및 공정거래에 관한 법률 제8조의2에서 규정하고 있는 지주회사 등의 행위제한 위반사항을 해소하였습니다.\n이와 관련하여 해당 사업 부문(금융 부문)을 중단영업손익으로 분류하였으며, 효성캐피탈㈜ 지분매각이 연결 재무제표에 미친 영향은 아래와 같습니다.\n[연결재무제표]\n제66기와 제65기의 연결포괄손익계산서에 포함된 효성캐피탈㈜ 매각으로 인한 중단영업손익 및 중단영업손익에 대한 주당손익은 다음과 같습니다.\n(단위 : 백만원)\n구\xa0\xa0 분\n제66기(2020년)\n제65기(2019년)\n매출액\n167,829\xa0\n197,823\xa0\n매출원가\n103,123\xa0\n129,199\xa0\n매출총이익\n64,706\xa0\n68,624\xa0\n판매비와관리비\n29,688\xa0\n33,881\xa0\n영업이익\n35,018\xa0\n34,743\xa0\n기타수익\n116\xa0\n616\xa0\n기타비용\n106,982\xa0\n229\xa0\n금융비용\n402\xa0\n233\xa0\n법인세비용차감전순손익\n(72,250)\n34,897\xa0\n법인세비용\n22,243\xa0\n7,449\xa0\n중단영업이익(손실)\n(94,493)\n27,448\xa0\n지배기업의 소유주지분\n(95,007)\n26,757\xa0\n비지배지분\n514\xa0\n691\xa0\n중단영업손익에 대한 주당이익(손실)\n(4,738)\n1,316\xa0\n제66기와 제65기 중 효성캐피탈㈜ 매각으로 인한 중단영업에서 발생한 순현금흐름은 다음과 같습니다.\n(단위:백만원)\n구\xa0\xa0 분\n제66기(2020년)\n제65기(2019년)\n영업활동으로 인한 현금흐름\n93,332\xa0\n25,475\xa0\n투자활동으로 인한 현금흐름\n(24,345)\n(28,565)\n재무활동으로 인한 현금흐름\n78,191\xa0\n(76,365)\n② 당사 별도기준 종속기업, 공동기업 및 관계기업에 대한 투자자산의 평가법 변경\n기업회계기준서 제1027호 \'별도재무제표\'에서는 종속기업, 공동기업 및 관계기업에 대한 투자자산을 범주별로 기업회계기준서 제1109호에 따른 방법, 또는 기업회계기준서 제1028호에서 규정하는 지분법 중 어느 하나를 적용하여 표시한 재무제표를 작성하도록 하고 있습니다. 당사는\xa02020년부터\xa0종속기업, 공동기업 및 관계기업에 대한 투자자산의 평가를 원가법에서 지분법으로 변경하였습니다.\r\n이러한 회계정책의 변경은 지배기업, 관계기업의 투자자 또는 공동기업의 참여자가 투자자산을 피투자자의 보고된 성과와 순자산에 근거하여 회계처리 하여 당사의 재무상태, 재무성과 또는 현금흐름에 미치는 영향에 대하여 신뢰성 있고 더 목적적합한정보를 제공하기 위한 것입니다. 당사는 비교 표시되는 제65기 재무상태표와 손익계산서를 동 수정사항의 효과를 반영하여 소급 재작성하였으며, 이러한 회계정책의 변경이 별도 재무제표에 미친 영향은 아래와 같습니다.\n(단위: 백만원)\n구\xa0\xa0 분\n제66기(2020년)말\n제65기(2019년)말\n제65기(2019년)초\n변경전\n변경금액\n변경후\n변경전\n변경금액\n변경후\n변경전\n변경금액\n변경후\n1. 각항목별 조정내역\n\xa0종속기업투자\n332,488\xa0\n320,395\xa0\n652,883\xa0\n714,773\xa0\n444,339\xa0\n1,159,112\xa0\n714,627\xa0\n396,526\xa0\n1,111,153\xa0\n\xa0관계기업투자\n613,559\xa0\n297,461\xa0\n911,020\xa0\n612,843\xa0\n322,528\xa0\n935,371\xa0\n613,788\xa0\n311,538\xa0\n925,326\xa0\n\xa0이연법인세부채\n141,968\xa0\n84,996\xa0\n226,964\xa0\n141,328\xa0\n102,214\xa0\n243,542\xa0\n140,972\xa0\n101,994\xa0\n242,966\xa0\n\xa0기타자본구성요소\n(4,543,682)\n(5,998)\n(4,549,680)\n(4,516,058)\n16,496\xa0\n(4,499,562)\n(4,516,187)\n1,035\xa0\n(4,515,152)\n\xa0이익잉여금\n5,722,217\xa0\n538,858\xa0\n6,261,075\xa0\n5,775,733\xa0\n648,157\xa0\n6,423,890\xa0\n5,828,979\xa0\n605,035\xa0\n6,434,014\xa0\n2. 총자산의 영향\n2,038,804\xa0\n617,856\xa0\n2,656,660\xa0\n2,118,763\xa0\n766,867\xa0\n2,885,630\xa0\n2,120,868\xa0\n708,064\xa0\n2,828,932\xa0\n3. 총부채의 영향\n303,725\xa0\n84,996\xa0\n388,721\xa0\n302,545\xa0\n102,214\xa0\n404,759\xa0\n251,532\xa0\n101,995\xa0\n353,527\xa0\n4. 총자본의 영향\n1,735,079\xa0\n532,860\xa0\n2,267,939\xa0\n1,816,218\xa0\n664,653\xa0\n2,480,871\xa0\n1,869,336\xa0\n606,069\xa0\n2,475,405\xa0\n해당 회계정책의 변경이 포괄손익계산서에 미친 영향은 다음과 같습니다.\n(단위: 백만원)\n구\xa0\xa0 분\n제66기(2020년)\n제65기(2019년)\n변경전\n변경금액\n변경후\n변경전\n변경금액\n변경후\n1. 각항목별 조정내역\n\u3000\n\u3000\n\u3000\n\u3000\n\u3000\n\u3000\n\xa0지분법이익(매출 및 지분법손익)\n-\xa0\n71,085\xa0\n71,085\xa0\n-\xa0\n123,758\xa0\n123,758\xa0\n\xa0배당금수익(매출 및 지분법손익)\n81,638\xa0\n(81,638)\n-\xa0\n68,667\xa0\n(68,667)\n-\xa0\n\xa0종속기업투자주식처분이익(손실)\n10,647\xa0\n(113,110)\n(102,463)\n-\xa0\n-\xa0\n-\xa0\n\xa0관계기업투자주식손상차손\n-\xa0\n-\xa0\n-\xa0\n(945)\n945\xa0\n-\xa0\n2. 법인세비용차감전순이익\n67,548\xa0\n(123,663)\n(56,115)\n50,031\xa0\n56,036\xa0\n106,067\xa0\n3. 법인세비용(수익)\n18,058\xa0\n(15,188)\n2,870\xa0\n6,220\xa0\n(696)\n5,524\xa0\n4. 당기순이익\n49,490\xa0\n(108,475)\n(58,985)\n43,811\xa0\n56,732\xa0\n100,543\xa0\n5. 총포괄이익\n48,412\xa0\n(131,794)\n(83,382)\n38,760\xa0\n58,584\xa0\n97,344\xa0\n6. 주당이익\n2,468\xa0\n(5,410)\n(2,942)\n2,155\xa0\n2,790\xa0\n4,945\xa0\n③ 당사 지주회사 전환에 따른 지분법 평가손익의 매출액 인식\n당사의 2019년 1월 1일자 지주사 전환으로 연결재무제표는 2019년부터 지분법 평가손익을 매출액으로 인식하였으며, 2018년 연결재무제표는 비교가능성을 위해서 매출액으로 변경하였습니다. 이런 계정 재분류로 손익에 미친 별다른 영향은 없습니다.\n④ 금융위원회 감리 결과 반영금융위원회는 회사의 제59기(2013.1.1~2013.12.31)부터 제62기 3분기(2016.1.1~2016.9.30)까지의 사업보고서 및 감사보고서 등에 대하여 주식회사의 외부감사에 관한 법률 제15조 및 자본시장과 금융투자업에 관한 법률 제426조에 의한 조사/감리를실시하였으며, 그 결과 회계처리 기준을 위반한 사례에 대해 2017년 9월 6일 당사에 대해 과징금 50억원 부과통지 및 감사인지정 2년(2018.1.1~2019.12.31)의 조치를 하였습니다. 이에 당사는 동 과징금을 2017년 9월 18일 납부완료하였습니다.금융위로 부터 지적받은 회계처리기준 위반사례는 매도가능금융자산 손상차손 미인식, 특수관계자 거래 주석 미기재, 재고자산 및 매입채무 과소계상, 무형자산(회원권)과대계상 및 증권신고서 기재 오류입니다.\n[연결재무제표]이에 회사는 2013년 회계연도의 매도가능금융자산 손상차손 인식오류를 반영하여 비교표시된 전기 재무제표를 재작성하였습니다. 이로 인하여 2016년 12월 31일과 2015년 12월 31일 현재의 재무상태표상 이익잉여금과 기타포괄손익누계액이 각각 24,403백만원 감소 및 증가하였으며, 전기 손익계산서에 미치는 영향은 없습니다.\n[별도재무제표]연결재무제표와 동일함\n(2) 합병, 분할, 자산양수도, 영업양수도\n[합병]\n- 효성트랜스월드 주식회사\n2020년 10월 30일 당사는 이사회의 결의에 의하여 효성트랜스월드 주식회사를 소규모합병 방식으로 흡수합병하기로 결정하였으며, 관련하여 주요사항보고서(회사합병결정)(2020년 10월 30일) 공시를 제출하였습니다.\xa0\n2021년 1월 29일을 합병기일로 합병 절차가 완료되어 합병등기하였으며, 관련하여 합병등종료보고서(합병)(2021년 1월 29일) 공시를 제출하였습니다.\n① 합병개요 및 시기\n구\xa0 분\n내\xa0 \xa0 용\n합병방법\n㈜효성이 효성트랜스월드㈜를 흡수합병함\n합병비율\n㈜효성 : 효성트랜스월드㈜ = 1 : 0\n합병계약일\n2020년 11월 04일\n합병승인 이사회\n2020년 12월 10일\n합병기일\n2021년 01월 29일\n합병등기일\n2021년 02월 03일\n② 대상회사\n상호\n효성트랜스월드 주식회사\n소재지\n서울특별시 마포구 마포대로 92 효성해링턴스퀘어 A동 3층(도화동)\n대표이사\n송성진\n③ 주요 내용 및 재무제표에 미치는 영향주식회사 효성은 효성트랜스월드 주식회사 주식을 100%보유하고 있으며, 무증자 방식에 의하여 1:0의 합병비율에 따라 합병하기로 결의함에 따라 합병으로 인하여 주식회사 효성이 발행하는 신주는 없으며, 대주주 등의 지분 변동 사항 또한 없습니다.존속회사인 주식회사 효성의 경우 상법 제527조의3 규정에 따른 소규모합병에 해당되므로, 주식매수청구권이 부여되지 않습니다. 소멸회사인 효성트랜스월드 주식회사역시 주식회사 효성의 100% 자회사이므로 주식매수청구권이 발생하지 않습니다.이러한 합병은 동일지배 하에 있는 사업결합에 해당하여 회사의 연결재무제표상 피합병법인의 장부가액이 회사로 승계되었습니다.\n④ 관련 공시서류\xa0\xa0 2020.10.30 주요사항보고서(회사합병결정)\xa0\xa0 2021.01.29 합병등종료보고서(합병)\n(3) 자산유동화와 관련한 자산매각의 회계처리 및 우발채무 등에 관한 사항과거사건의 결과로 현재의 법적의무나 의제의무가 존재하고, 그 의무를 이행하기 위한 자원의 유출가능성이 높으며, 당해 금액의 신뢰성 있는 추정이 가능한 경우 연결그룹은 하자보수충당부채 등을 인식하고 있습니다. 또한, 회사는 과거사건은 발생하였으나 불확실한 미래사건의 발생여부에 의해서 존재여부가 확인되는 잠재적인 의무가 있는 경우 또는 과거사건이나 거래의 결과 현재의무가 존재하나 자원이 유출될 가능성이 매우 높지 않거나 당해 의무를 이행하여야 할 금액을 신뢰성 있게 추정할 수 없는 경우 우발부채로 주석기재하고 있습니다.자세한 내용은 \'XI.그 밖에 투자자 보호를 위하여 필요한 사항 2.우발채무 등\'을 참조하시기 바랍니다.\n(4) 기타 재무제표 이용에 유의하여야 할 사항- 해당사항 없음\n나. 대손충당금 설정현황 (연결기준)\n(1) 계정과목별 대손충당금 설정내용\n2021년 3월 31일 현재\n(단위 : 백만원)\n구분\n계정과목\n채권총액\n대손충당금\n대손충당금 설정비율\n제67기 1분기(2021년 3월말)\n매출채권\n473,837\n(6,261)\n1.32%\n기타채권\n55,542\n(9,873)\n17.78%\n장기매출채권\n-\n-\n-\n장기기타채권\n48,877\n(2,324)\n4.75%\n합계\n578,256\n(18,458)\n3.19%\n제66기(2020년말)\n매출채권\n458,759\n(6,090)\n1.3%\n기타채권\n50,264\n(9,873)\n19.6%\n장기매출채권\n-\n-\n-\n장기기타채권\n44,000\n(2,324)\n5.3%\n합계\n553,023\n(18,287)\n3.3%\n제65기(2019년말)\n매출채권\n356,961\n(14,517)\n4.1%\n기타채권\n62,604\n(1,960)\n3.1%\n장기매출채권\n-\n-\n-\n장기기타채권\n48,055\n-\n-\n합계\n467,620\n(16,477)\n3.5%\n(2) 대손충당금 변동현황\n2021년 3월 31일 현재\n(단위 : 백만원)\n구 분\n제67기 1분기(2021년 3월말)\n제66기(2020년)\n제65기(2019년)\n\xa01. 기초 대손충당금 잔액 합계\n18,287\n16,477\n32,098\n\xa02. 순대손처리액(①~②)\n38\n(11,941)\n(16,422)\n\xa0\xa0 ①대손처리액(상각채권액) 등\n38\n(11,941)\n-\n\xa0\xa0 ②상각채권회수액\n-\n-\n(16,422)\n\xa03. 대손상각비 계상(환입)액\n133\n13,751\n801\n\xa04. 인적분할로 인한 변동\n-\n-\n-\n\xa05. 기말 대손충당금 잔액 합계\n18,458\n18,287\n16,477\n(3) 매출채권관련 대손충당금 설정방침\n① 대손충당금 설정 방침당사는 매 보고기간 말에 상각후원가측정금융자산 및 기타포괄손익-공정가치측정채무상품에 대해 기대신용손실을 평가하고 있으며 손실충당금의 측정방식은 신용위험의 유의적인 증가 여부에 따라 결정됩니다. 금융자산의 최초 인식 후 신용위험의 유의적인 증가 여부에 따라 아래 표와 같이 3단계로 구분하여 12개월 기대신용손실이나 전체기간 기대신용손실에 해당하는 금액으로 손실충당금을 인식합니다.\n구분\n손실충당금\nStage 1\n최초 인식 후 신용위험이 유의적으로 증가하지 않은 경우\n12개월 기대신용손실 : 보고기간 말 이후 12개월 내에 발생 가능한 금융상품의 채무불이행사건으로 인한 기대신용손실\nStage 2\n최초 인식 후 신용위험이 유의적으로 증가한 경우\n전체기간 기대신용손실 : 기대존속기간에 발생할 수 있는 모든 채무불이행 사건으로 인한 기대신용손실\nStage 3\n신용이 손상된 경우\n한편, 매출채권, 계약자산, 리스채권 등에 대해서는 전체기간 기대신용손실에 해당하는 금액으로 손실충당금을 측정하는 간편법을 적용하고 있습니다. 기대신용손실은일정 범위의 발생 가능한 결과를 확률가중한 값으로, 화폐의 시간가치를 반영하고,보고기간 말에 과거사건, 현재 상황과 미래 경제적 상황에 대한 예측에 대한 과도한원가나 노력 없이 이용할 수 있는 정보를 반영해\xa0 측정합니다. 또한, 연체채권 연체구간별 전이율(Roll-rate)에 의한 집합적 손상검토를 수행하고 있으며, 채무자의 부도및 파산 등 회수가 불확실한 채권을 사고채권으로 분류합니다. 사고채권은 화의채권및 기타 사고채권으로 구분되며 화의채권은 예상 변제금액을 고려하여 손상평가를수행하고, 기타 사고채권은 담보의 종류 및 금액을 고려하여 손상차손을 인식합니다.\n② 연체구간별 전이율(Roll-rate) 및 대손예상액 산정근거\xa0\xa0 - 연체구간별 전이율(Roll-rate) : 최근 2개년 동안 연체된 채권들의 연체구간을 3\xa0 \xa0 \xa0 \xa0 \xa0 \xa0 \xa0 \xa0 \xa0 \xa0 \xa0 \xa0 \xa0 \xa0 \xa0 \xa0 \xa0 \xa0 \xa0 \xa0 \xa0 \xa0 \xa0 \xa0 \xa0\xa0 개월 단위로 구분시, 연체 채권이 3개월 후 기존\xa0 \xa0 \xa0 \xa0 \xa0 \xa0 \xa0 \xa0 \xa0 \xa0 \xa0 \xa0 \xa0 \xa0 \xa0 \xa0 \xa0 \xa0 \xa0 \xa0 \xa0 \xa0 \xa0 \xa0 \xa0\xa0 연체구간에서 다음 연체구간으로 전이될 확률\xa0\xa0 - 대손예상액 : 채무자의 파산, 강제집행, 사망, 실종 등으로 회수가 불투명한 채권\xa0 \xa0 \xa0 \xa0 \xa0 \xa0 \xa0 \xa0 \xa0 \xa0 \xa0 \xa0\xa0 의 경우 회수가능성, 담보설정여부 등을 고려하여 채권잔액의 1%\xa0 \xa0 \xa0 \xa0 \xa0 \xa0 \xa0 \xa0 \xa0 \xa0 \xa0 \xa0\xa0 초과 ~ 100% 범위에서 합리적인 대손추산액 설정\n③ 대손처리기준 : 매출채권 등에 대해 아래와 같은 사유발생시 실대손처리\xa0\xa0 - 파산, 부도, 강제집행, 사업의 폐지, 채무자의 사망, 실종 등으로 인해 채권의 회\xa0 \xa0 \xa0 수불능이 객관적으로 입증된 경우\xa0\xa0 - 소송에 패소하였거나 법적 청구권이 소멸한 경우\xa0\xa0 - 외부 채권회수 전문기관이 회수가 불가능하다고 통지한 경우\xa0\xa0 - 담보설정 부실채권, 보험Cover 채권은 담보물을 처분하거나 보험사로부터\xa0 \xa0 \xa0 보험금을 수령한 경우\xa0\xa0 - 회수에 따른 비용이 채권금액을 초과하는 경우\n(4) 매출채권 및 기타채권 잔액 현황\n2021년 3월 31일 현재\n(단위 : 백만원)\n구분\n만기미경과채권\n만기가 경과된 채권\n손상채권\n합계\n3개월 이하\n4~6개월\n7~12개월\n12개월 초과\n금액\n일반\n488,461\n61,920\n19,615\n3,999\n7,257\n8,479\n589,731\n구성비율\n82.82%\n10.50%\n3.33%\n0.68%\n1.23%\n1.44%\n100.00%\n※ 매출채권 및 기타채권의 연령별 금액에는 대손충당금 및 현재가치할인차금이\xa0 \xa0 미반영되어있습니다.\n다. 재고자산 현황 (연결기준)\n(1) 사업부문별 재고자산 보유현황\n[계속사업 부문]\n2021년 3월 31일 현재\n(단위 : 백만원)\n사업부문\n계정과목\n제67기 1분기(2021년 3월말)\n제66기(2020년)\n제65기(2019년)\n정보통신\n상품\n29,142\n26,418\n728\n제품\n107,035\n72,528\n81,099\n반제품\n11,273\n5,535\n9,616\n재공품\n550\n-\n986\n원재료\n18,082\n11,592\n16,459\n기타\n2,234\n3,150\n3,731\n소계\n168,316\n119,223\n112,619\n펌프제조\n제품\n16,651\n7,369\n8,482\n반제품\n424\n611\n1,504\n재공품\n21,521\n29,566\n30,810\n원재료\n2,651\n3,088\n7,629\n기타\n2,165\n3,022\n10,475\n소계\n43,412\n43,656\n58,900\n수입차판매\n상품\n23,561\n38,836\n48,156\n재공품\n845\n927\n924\n기타\n25,000\n19,424\n22,701\n소계\n49,406\n59,187\n71,781\n기타\n상품\n226,789\n187,786\n267,559\n제품\n11,780\n13,592\n18,910\n반제품\n9,598\n9,594\n14,319\n재공품\n-\n-\n125\n원재료\n22,677\n19,059\n17,564\n기타\n11,273\n11,109\n11,965\n소계\n282,117\n241,140\n330,442\n합계\n543,251\n463,206\n573,742\n총자산대비 재고자산 구성비율(%)[재고자산합계÷기말자산총계×100]\n11.7%\n10.5%\n8.8%\n재고자산회전율(회수)[연환산 매출원가÷{(기초재고＋기말재고)÷2}]\n4.14\n4.56\n5.04\n※ 제65기 ~ 제67기 1분기 사업부문별 재고자산은 K-IFRS 연결재무제표 기준으로\xa0 \xa0 작성하였습니다.※ 당사는 2020년 12월 18일 지주회사의 행위제한요건 위반 해소를 위해 효성캐피\xa0 \xa0 탈㈜ 주식을 전량 매각한 바, 금융부문을 중단사업으로 분류하였습니다. 효성캐피\xa0 \xa0 탈㈜ 등 금융부문을 중단영업손익으로 분류함에 따라 제65기 재고자산회전율은\xa0 \xa0 변경된 연환산 매출원가를 기준으로 적용하였습니다.\n(2)재고자산 실사내용① 실사일자- 내부정책에 의해 주요 품목에 대한 재고자산 실사를 매월 실시하고 있습니다.② 실사방법- 연중 계속기록법에 의해 수량 및 금액을 계산하고 있으며 대차대조표일과의 차이\xa0\xa0 는 재고자산 입출고를 통하여 확인하였습니다. - 외부감사인은 주요 자산에 대한 표본 추출을 통해 그 실제성 및 완전성을 확인하였\xa0\xa0 습니다. ③ 장기체화 재고등의 내역- 재고자산의 시가가 장부가액 보다 하락하여 발생한 평가손실은 해당 재고자산에 \xa0\xa0 차감하여 대차대조표 가액을 결정하고 있으며, 당분기말 현재 재고자산에 대한 평\xa0\xa0 가내역은 다음과 같습니다.\xa0\n2021년 3월 31일 현재\n(단위 : 백만원)\n계정과목\n평가전금액\n평가충당금\n재무상태표 가액\n비고\n상품\n281,577\n(2,085)\n279,492\n-\n제품\n144,637\n(9,171)\n135,466\n-\n반제품\n21,634\n(339)\n21,295\n-\n재공품\n22,917\n-\n22,917\n-\n원재료\n45,061\n(1,651)\n43,410\n-\n부재료\n4,420\n(32)\n4,388\n-\n기타\n36,283\n-\n36,283\n-\n합 계\n556,529\n(13,278)\n543,251\n-\n라. 진행률 적용 수주계약 현황\xa0: 해당사항 없음\n마. 공정가치평가 내역\n(1)공정가치평가 절차요약\n①금융자산\n1) 분류2018년 1월 1일부터 연결회사는 다음의 측정 범주로 금융자산을 분류합니다.- 공정가치 측정 금융자산 (기타포괄손익 또는 당기손익에 공정가치 변동 인식)- 상각후원가 측정 금융자산금융자산은 금융자산의 관리를 위한 사업모형과 금융자산의 계약상 현금흐름 특성에근거하여 분류합니다.공정가치로 측정하는 금융자산의 손익은 당기손익 또는 기타포괄손익으로 인식합니다. 채무상품에 대한 투자는 해당 자산을 보유하는 사업모형에 따라 당기손익 또는기타포괄손익으로 인식합니다. 연결회사는 금융자산을 관리하는 사업모형을 변경하는 경우에만 채무상품을 재분류합니다.단기매매항목이 아닌 지분상품에 대한 투자는 최초 인식시점에 후속적인 공정가치 변동을 기타포괄손익으로 표시할 것을 지정하는 취소불가능한 선택을 할 수 있습니다. 지정되지 않은 지분상품에 대한 투자의 공정가치 변동은 당기손익으로 인식합니다.\n2) 측정연결회사는 최초 인식시점에 금융자산을 공정가치로 측정하며, 당기손익-공정가치측정 금융자산이 아닌 경우에 해당 금융자산의 취득이나 해당 금융부채의 발행과 직접 관련되는 거래원가는 공정가치에 가산합니다. 당기손익-공정가치 측정 금융자산의 거래원가는 당기손익으로 비용처리합니다. 내재파생상품을 포함하는 복합계약은 계약상 현금흐름이 원금과 이자로만 구성되어 있는지를 결정할 때 해당 복합계약 전체를 고려합니다.(가) 채무상품금융자산의 후속적인 측정은 금융자산의 계약상 현금흐름 특성과 그 금융자산을 관리하는 사업모형에 근거합니다. 연결회사는 채무상품을 다음의 세 범주로 분류합니다.ㄱ. 상각후원가계약상 현금흐름을 수취하기 위해 보유하는 것이 목적인 사업모형 하에서 금융자산을 보유하고, 계약상 현금흐름이 원리금만으로 구성되어 있는 자산은 상각후원가로 측정합니다. 상각후원가로 측정하는 금융자산으로서 위험회피관계의 적용 대상이 아닌 금융자산의 손익은 해당 금융자산을 제거하거나 손상할 때 당기손익으로 인식합니다. 유효이자율법에 따라 인식하는 금융자산의 이자수익은 \'금융수익\'에 포함됩니다.ㄴ. 기타포괄손익-공정가치 측정 금융자산계약상 현금흐름의 수취와 금융자산의 매도 둘 다를 통해 목적을 이루는 사업모형 하에서 금융자산을 보유하고, 계약상 현금흐름이 원리금만으로 구성되어 있는 금융자산은 기타포괄손익-공정가치로 측정합니다. 손상차손(환입)과 이자수익 및 외환손익을 제외하고는, 기타포괄손익-공정가치로 측정하는 금융자산의 손익은 기타포괄손익으로 인식합니다. 금융자산을 제거할 때에는 인식한 기타포괄손익누계액을 자본에서 당기손익으로 재분류합니다. 유효이자율법에 따라 인식하는 금융자산의 이자수익은\xa0 \'금융수익\'에 포함됩니다. 외환손익은 \'기타수익 또는 기타비용\'으로 표시하고 손상차손은 \'기타 비용\'으로 표시합니다. ㄷ. 당기손익-공정가치측정 금융자산상각후원가 측정이나 기타포괄손익-공정가치 측정 금융자산이 아닌 채무상품은 당기손익-공정가치로 측정됩니다. 위험회피관계가 적용되지 않는 당기손익-공정가치 측정 채무상품의 손익은 당기손익으로 인식하고 발생한 기간에 손익계산서에 \'기타수익 또는 기타비용\'으로 표시합니다.(나) 지분상품연결회사는 모든 지분상품에 대한 투자를 후속적으로 공정가치로 측정합니다. 공정가치 변동을 기타포괄손익으로 표시할 것을 선택한 지분상품에 대해 기타포괄손익으로 인식한 금액은 해당 지분상품을 제거할 때에도 당기손익으로 재분류하지 않습니다. 이러한 지분상품에 대한 배당수익은 연결회사가 배당을 받을 권리가 확정된 때 \'금융수익\'으로 당기손익으로 인식합니다.당기손익-공정가치로 측정하는 금융자산의 공정가치 변동은 손익계산서에 \'기타수익 또는 기타비용\'으로 표시합니다.\xa0 기타포괄손익-공정가치로 측정하는 지분상품에대한 손상차손(환입)은 별도로 구분하여 인식하지 않습니다. \n3) 손상연결회사는 미래전망정보에 근거하여 상각후원가로 측정하거나 기타포괄손익-공정가치로 측정하는 채무상품에 대한 기대신용손실을 평가합니다. 손상 방식은 신용위험의 유의적인 증가 여부에 따라 결정됩니다. 단, 매출채권에 대해 연결회사는 채권의 최초 인식시점부터 전체기간 기대신용손실을 인식하는 간편법을 적용합니다.\n② 금융부채\n당기손익인식금융부채는 단기매매목적의 금융상품입니다. 주로 단기간 내에 재매입할 목적으로 부담하는 금융부채는 단기매매금융부채로 분류됩니다. 또한, 위험회피회계의 대상이 아닌 파생상품이나 내재파생상품을 포함한 금융상품으로부터 분리된 파생상품도 단기매매금융부채로 분류됩니다. \n당기손익인식금융부채, 금융보증계약, 금융자산의 양도가 제거조건을 충족하지 못하는 경우에 발생하는 금융부채를 제외한 모든 비파생금융부채를 상각후원가로 측정하는 금융부채로 분류되고 있으며, 재무상태표 상 ""(장기)매입채무 및 기타채무"",\xa0 ""(장기)차입금"" 및 ""기타(비유동)금융부채"" 등으로 표시됩니다. \n특정일에 의무적으로 상환하여야 하는 우선주는 부채로 분류됩니다. 이러한 우선주에 대한 유효이자율법에 따른 이자비용은 다른 금융부채에서 인식한 이자비용과 함께 손익계산서 상 ""금융비용""으로 인식됩니다. \n③ 파생상품\n파생상품은 파생상품계약 체결시점에 공정가치로 최초 인식되며 이후 공정가치로 재측정됩니다. 위험회피회계의 적용요건을 충족하지 않는 파생상품의 공정가치변동은 거래의 성격에 따라 \'기타수익(비용)\'으로 손익계산서에 인식됩니다.\n(2) 범주별 금융상품보고기간종료일 현재 연결그룹의 범주별 금융상품 내역은 다음과 같습니다.\n① 당분기말 (2021년 3월말)\n(단위 : 백만원)\n구 분\n당분기말\n당기손익-공정가치측정금융자산\n기타포괄손익-공정가치측정금융자산\n상각후원가로 측정하는 금융자산\n합계\n재무상태표 상 자산\n\xa0현금및현금성자산\n-\n-\n163,394\n163,394\n\xa0매출채권및기타채권\n-\n-\n513,245\n513,245\n\xa0기타금융자산\n377,132\n809\n918\n378,859\n\xa0장기매출채권및기타채권\n-\n-\n46,553\n46,553\n\xa0기타비유동금융자산\n21,069\n29,272\n105,991\n156,332\n\xa0합 계\n398,201\n30,081\n830,101\n1,258,383\n(단위 : 백만원)\n구 분\n당분기말\n당기손익-공정가치측정금융부채\n상각후원가로 측정하는 금융부채\n합계\n재무상태표 상 부채\n\xa0매입채무및기타채무\xa0\n-\n526,696\n526,696\n\xa0단기차입금및유동성장기차입금\xa0\n-\n644,213\n644,213\n\xa0기타유동금융부채\n3,075\n18,830\n21,905\n\xa0장기매입채무및기타채무\xa0\n-\n22,467\n22,467\n\xa0장기차입금\n-\n262,780\n262,780\n\xa0기타비유동금융부채\xa0\n-\n88,344\n88,344\n\xa0합 계\n3,075\n1,563,330\n1,566,405\n② 전기말 (2020년 12월말)\n(단위 : 백만원)\n구 분\n전기말\n당기손익-공정가치측정금융자산\n기타포괄손익-공정가치측정금융자산\n상각후원가로 측정하는 금융자산\n합계\n재무상태표 상 자산\n\xa0현금및현금성자산\n-\n-\n222,015\xa0\n222,015\xa0\n\xa0매출채권및기타채권\n-\n-\n493,060\xa0\n493,060\xa0\n\xa0기타금융자산\n337,431\n688\n-\xa0\n338,119\xa0\n\xa0장기매출채권및기타채권\n-\n-\n41,676\xa0\n41,676\xa0\n\xa0기타비유동금융자산\n23,861\n28,178\n109,569\xa0\n161,608\xa0\n\xa0합 계\n361,292\n28,866\n866,320\xa0\n1,256,478\xa0\n(단위 : 백만원)\n구 분\n전기말\n당기손익-공정가치측정금융부채\n상각후원가로 측정하는 금융부채\n합계\n재무상태표 상 부채\n\xa0매입채무및기타채무\xa0\n-\n404,628\xa0\n404,628\xa0\n\xa0단기차입금및유동성장기차입금\xa0\n-\n392,008\xa0\n392,008\xa0\n\xa0기타유동금융부채\n3,344\n16,102\xa0\n19,446\xa0\n\xa0장기매입채무및기타채무\xa0\n-\n20,751\xa0\n20,751\xa0\n\xa0장기차입금\xa0\n-\n448,281\xa0\n448,281\xa0\n\xa0기타비유동금융부채\xa0\n-\n86,069\xa0\n86,069\xa0\n\xa0합 계\n3,344\n1,367,839\xa0\n1,371,183\xa0\n(3) 수준별 금융상품당분기 및 전기말 현재 연결그룹의 금융상품에 대한 수준별 공정가치의 추정치는 다음과 같습니다.\n① 당분기말 (2021년 3월말)\n(단위 : 백만원)\n구 분\n당분기말\n수준 1\n수준 2\n수준 3\n합 계\n자산\n당기손익-공정가치측정금융자산\n-\n376,524\n21,069\n397,593\n기타포괄손익-공정가치측정금융자산\n23,748\n-\n6,333\n30,081\n파생상품자산\n-\n608\n-\n608\n합 계\n23,748\n377,132\n27,402\n428,282\n부채\n파생상품부채\n-\n3,075\n-\n3,075\n합 계\n-\n3,075\n-\n3,075\n② 전기말 (2020년 12월말)\n(단위 : 백만원)\n구 분\n전기말\n수준 1\n수준 2\n수준 3\n합 계\n자산\n당기손익-공정가치측정금융자산\n-\n337,431\n23,861\n361,292\n기타포괄손익-공정가치측정금융자산\n22,533\n-\n6,333\n28,866\n파생상품자산\n-\n-\n-\n-\n합 계\n22,533\n337,431\n30,194\n390,158\n부채\n파생상품부채\n-\n3,344\n-\n3,344\n합 계\n-\n3,344\n-\n3,344\n공정가치 측정의 투입변수 특징에 따른 공정가치 서열체계는 다음과 같습니다.수준 1 : 동일한 자산이나 부채에 대한 활성시장의 (조정되지 않은) 공시가격수준 2 : 직접적 또는 간접적으로 관측가능한, 자산이나 부채에 대한 투입변수를 이용하여 산정한 공정가치. 단 level 1에 포함된 공시가격은 제외함수준 3 : 관측가능한 시장자료에 기초하지 않은, 자산이나 부채에 대한 투입변수(관측가능하지 않은 투입변수)를 이용하여 산정한 공정가치활성시장에서 거래되는 금융상품의 공정가치는 보고기간말 현재 고시되는 시장가격에 기초하여 산정하고 있습니다. 거래소, 판매자, 중개인, 산업집단, 평가기관 또는 감독기관을 통해 공시가격이 용이하게 그리고 정기적으로 이용가능하고, 그러한 가격이 독립된 당사자 사이에서 정기적으로 발생한 실제 시장거래를 나타낸다면, 이를 활성시장으로 간주합니다. 연결그룹이 보유하고 있는 금융자산의 공시되는 시장가격은 보고기간말 종가입니다. 이러한 상품들은 \'수준 1\'에 포함하고 있습니다. \'수준 1\'에 포함된 상품들은 대부분\xa0 매도가능으로 분류된 상장된 지분상품으로 구성됩니다.활성시장에서 거래되지 아니하는 금융상품의 공정가치에 대하 여 평가기법을 사용하여 결정하고 있습니다. 연결그룹은 다양한 평가기법을 활용하고 있으며 보고기간말에 현재 시장 상황에 근거하여 가정을 수립하고 있습니다. 이러한 평가기법은 가능한한 관측가능한 시장정보를 최대한 사용하고 기업특유정보를 최소한으로사용합니다. 이때, 해당상품의 공정가치 측정에 요구되는 모든 유의적인 투입변수가 관측가능하다면 해당상품은 \'수준 2\'에 포함하고 있습니다.만약 하나 이상의 유의적인 투입변수가 관측가능한 시장정보에 기초한 것이 아니라면 해당 상품은 \'수준 3\'에 포함하고 있습니다. \'수준 3\'에 포함된 자산 및 부채는 현금흐름 할인기법 등의 기타 기법을 사용합니다. 공정가치 서열체계에서 수준 3으로 분류되는 반복적인 공정가치측정치, 비반복적인 공정가치측정치, 공시되는 공정가치에 대해 매기말 공정가치를 측정하고있으며, 연결그룹의 재무담당이사에게 공정가치 평가과정 및 그 결과에 대해 협의합니다.\n바. 채무증권 발행실적\n채무증권 발행실적\n(기준일 :\xa0\n2021년 03월 31일\n)\n(단위 : 백만원, %)\n발행회사\n증권종류\n발행방법\n발행일자\n권면(전자등록)총액\n이자율\n평가등급(평가기관)\n만기일\n상환여부\n주관회사\n-\n-\n-\n-\n-\n-\n-\n-\n-\n-\n합\xa0 계\n-\n-\n-\n-\n-\n-\n-\n-\n-\n사. 사채관리계약 주요내용 및 충족여부 등\xa0: 해당사항 없음\n아. 채무증권 미상환잔액\n(1) 기업어음증권 미상환 잔액\n(기준일 :\xa0\n2021년 03월 31일\n)\n(단위 : 백만원)\n잔여만기\n10일 이하\n10일초과30일이하\n30일초과90일이하\n90일초과180일이하\n180일초과1년이하\n1년초과2년이하\n2년초과3년이하\n3년 초과\n합 계\n미상환 잔액\n공모\n-\n-\n-\n-\n-\n-\n-\n-\n-\n사모\n-\n-\n-\n-\n-\n-\n-\n-\n-\n합계\n-\n-\n-\n-\n-\n-\n-\n-\n-\n(2) 단기사채 미상환 잔액\n(기준일 :\xa0\n2021년 03월 31일\n)\n(단위 : 백만원)\n잔여만기\n10일 이하\n10일초과30일이하\n30일초과90일이하\n90일초과180일이하\n180일초과1년이하\n합 계\n발행 한도\n잔여 한도\n미상환 잔액\n공모\n-\n-\n-\n-\n-\n-\n-\n-\n사모\n-\n-\n-\n-\n-\n-\n-\n-\n합계\n-\n-\n-\n-\n-\n-\n-\n-\n(3) 회사채 미상환 잔액\n(기준일 :\xa0\n2021년 03월 31일\n)\n(단위 : 백만원)\n잔여만기\n1년 이하\n1년초과2년이하\n2년초과3년이하\n3년초과4년이하\n4년초과5년이하\n5년초과10년이하\n10년초과\n합 계\n미상환 잔액\n공모\n-\n-\n-\n-\n-\n-\n-\n-\n사모\n-\n-\n-\n-\n-\n-\n-\n-\n합계\n-\n-\n-\n-\n-\n-\n-\n-\n(4) 신종자본증권 미상환 잔액\n(기준일 :\xa0\n2021년 03월 31일\n)\n(단위 : 백만원)\n잔여만기\n1년 이하\n1년초과5년이하\n5년초과10년이하\n10년초과15년이하\n15년초과20년이하\n20년초과30년이하\n30년초과\n합 계\n미상환 잔액\n공모\n-\n-\n-\n-\n-\n-\n-\n-\n사모\n-\n-\n-\n-\n-\n-\n-\n-\n합계\n-\n-\n-\n-\n-\n-\n-\n-\n(5) 조건부자본증권 미상환 잔액\n(기준일 :\xa0\n2021년 03월 31일\n)\n(단위 : 백만원)\n잔여만기\n1년 이하\n1년초과2년이하\n2년초과3년이하\n3년초과4년이하\n4년초과5년이하\n5년초과10년이하\n10년초과20년이하\n20년초과30년이하\n30년초과\n합 계\n미상환 잔액\n공모\n-\n-\n-\n-\n-\n-\n-\n-\n-\n-\n사모\n-\n-\n-\n-\n-\n-\n-\n-\n-\n-\n합계\n-\n-\n-\n-\n-\n-\n-\n-\n-\n-\n']"
