text
"['\nIII. 재무에 관한 사항\n1. 요약재무정보\n1. 요약연결재무정보 \xa0 \xa0 \xa0 \xa0 \xa0 \xa0 \xa0 \xa0 \xa0 \xa0 \xa0 \xa0 \xa0 \xa0 \xa0 \xa0 \xa0 \xa0 \xa0 \xa0 \xa0 \xa0 \xa0 \xa0 \xa0 \xa0 \xa0 \xa0 \xa0 \xa0 \xa0 \xa0 \xa0 \xa0 \xa0 \xa0 \xa0 \xa0 \xa0 \xa0 \xa0 \xa0 \xa0 \xa0 \xa0 \xa0 \xa0 \xa0 \xa0 \xa0(단위 : 천원) \r\n구 분\n제 3 기 1분기\n제 2 기\n제 1 기\n[유동자산]\n408,638,331\n444,232,799\n376,858,740\nㆍ현금및현금성자산\n82,205,946\n117,457,088\n60,142,913\nㆍ단기금융상품\n72,850,000\n72,650,000\n47,500,000\nㆍ단기상각후원가채무증권\n23,013\n22,587\n38,570\nㆍ매출채권\n249,009,659\n248,778,294\n263,647,773\nㆍ미수금\n1,624,661\n2,924,888\n3,711,759\nㆍ재고자산\n1,465,622\n1,299,646\n1,111,165\nㆍ기타유동자산\n1,459,430\n1,100,296\n706,560\n[비유동자산]\n331,407,759\n334,036,813\n333,421,454\nㆍ당기손익-공정가치지분상품\n50,393\n50,393\n52,328\nㆍ당기손익-공정가치채무상품\n150,000\n60,000\n0\nㆍ장기상각후원가채무증권\n40,011\n37,919\n36,250\nㆍ유형자산\n318,876,632\n320,713,747\n316,816,605\nㆍ무형자산\n10,264,515\n10,748,546\n12,342,850\nㆍ기타비유동자산\n2,026,208\n2,426,208\n4,173,421\n자산총계\n740,046,090\n778,269,612\n710,280,194\n[유동부채]\n332,856,347\n375,912,237\n334,894,003\n[비유동부채]\n79,692,669\n81,867,302\n81,054,309\n부채총계\n412,549,016\n457,779,539\n415,948,312\n[자본금]\n11,792,657\n11,792,657\n11,792,657\n[연결자본잉여금]\n263,620,750\n263,620,750\n263,652,466\n[연결이익잉여금]\n51,787,670\n44,805,338\n18,552,160\n[기타자본구성요소]\n(149,680)\n(149,680)\n(149,680)\n[비지배지분]\n445,677\n421,008\n484,279\n자본총계\n327,497,074\n320,490,073\n294,331,882\n2019년 1월~3월\n2018년 1월~3월\n2017년 4월~12월\n매출액\n448,040,794\n476,928,086\n871,548,284\n영업이익\n13,969,483\n17,895,967\n21,664,503\n연결당기순이익\n11,137\n14,550\n17,798,556\n지배회사지분순이익\n11,107\n14,526\n17,776,894\n소수주주지분순이익\n30\n24\n21,662\n총포괄이익\n11,137\n14,550\n18,573,455\n주당순이익(원)\n2,356\n3,082\n3,771\n연결에 포함된 회사수\n4개사\n4개사\n4개사\n※ 연결회사는 2018년 1월 1일을 최초적용일로 하여 기준서 제1109호 및 제1115호를 적용하였으며, 경과규정에 따라 전기 재무제표는 재작성되지 않았습니다.(1) 연결대상회사 변동내용\n사업년도\n당기 연결에 포함된 회사\n전기대비 연결에 추가된 회사 \n전기대비 연결에서 제외된 회사\n제3기1분기\n1\n \xa0 경동강남서비스(주)\n-\n-\n2\n \xa0 경동강동서비스(주)\n3\n \xa0 경동강북서비스(주)\n4\n \xa0 경동양산서비스(주)\n제2기\n1\n \xa0 경동강남서비스(주)\n-\n-\n2\n \xa0 경동강동서비스(주)\n3\n \xa0 경동강북서비스(주)\n4\n \xa0 경동양산서비스(주)\n제1기\n1\n \xa0 경동강남서비스(주)\n-\n-\n2\n \xa0 경동강동서비스(주)\n3\n \xa0 경동강북서비스(주)\n4\n \xa0 경동양산서비스(주)\n2. 요약재무정보(별도)\n \xa0 \xa0 \xa0 \xa0 \xa0 \xa0 \xa0 \xa0 \xa0 \xa0 \xa0 \xa0 \xa0 \xa0 \xa0 \xa0 \xa0 \xa0 \xa0 \xa0 \xa0 \xa0 \xa0 \xa0 \xa0 \xa0 \xa0 \xa0 \xa0 \xa0 \xa0 \xa0 \xa0 \xa0 \xa0 \xa0 \xa0 \xa0 \xa0 \xa0 \xa0 \xa0 \xa0 \xa0 \xa0 \xa0 \xa0 \xa0 \xa0 \xa0 (단위 : 천원)\n구 분\n제 3 기 1분기\n제 2 기\n제 1 기\n[유동자산]\n406,270,336\n441,723,742\n374,489,353 \nㆍ현금및현금성자산\n81,027,602\n116,124,453\n58,793,029 \nㆍ단기금융상품\n71,700,000\n71,500,000\n46,500,000 \nㆍ단기상각후원가채무증권\n23,013\n22,587\n38,570 \nㆍ매출채권\n249,008,543\n248,781,273\n263,643,633 \nㆍ미수금\n1,619,933\n2,920,245\n3,712,166 \nㆍ재고자산\n1,465,622\n1,299,646\n1,111,166 \nㆍ기타유동자산\n1,425,623\n1,075,538\n690,789 \n[비유동자산]\n331,531,538\n334,157,171\n333,427,724 \nㆍ당기손익-공정가치지분상품\n50,392\n50,392\n52,328 \nㆍ당기손익-공정가치채무상품\n150,000\n60,000\n0\nㆍ장기상각후원가채무증권\n40,012\n37,919\n36,250 \nㆍ종속기업투자자산\n667,811\n667,811\n667,811 \nㆍ유형자산\n318,443,365\n320,275,132\n316,263,778 \nㆍ무형자산\n10,259,750\n10,745,709\n12,340,136 \nㆍ기타비유동자산\n1,920,208\n2,320,208\n4,067,421 \n자산총계\n737,801,874\n775,880,913\n707,917,077 \n[유동부채]\n332,682,025\n375,445,868\n334,399,752 \n[비유동부채]\n79,485,742\n81,674,508\n80,888,739 \n부채총계\n412,167,767\n457,120,376\n415,288,491 \n[자본금]\n11,792,657\n11,792,657\n11,792,657 \n[자본잉여금]\n262,530,105\n262,530,105\n262,530,105 \n[이익잉여금]\n51,461,025\n44,587,455\n18,455,504 \n[기타자본구성요소]\n(149,680)\n(149,680)\n(149,680)\n자본총계\n325,634,107\n318,760,537\n292,628,586 \n종속관계ㆍ공동기업 투자주식의 평가방법\n원가법\n원가법\n원가법\n2019년 1월~3월\n2018년 1월~3월\n2017년 4월~12월\n매출액\n447,832,888\n476,713,657\n870,828,897\n영업이익\n13,944,810\n17,794,269\n21,529,500\n당기순이익\n10,997,773\n14,447,636\n17,678,888\n총포괄이익\n10,997,773\n14,447,636\n18,455,504\n주당순이익(원)\n2,333\n3,065\n3,750\n※ 연결회사는 2018년 1월 1일을 최초적용일로 하여 기준서 제1109호 및 제1115호를 적용하였으며, 경과규정에 따라 전기 재무제표는 재작성되지 않았습니다.\n2. 연결재무제표\n연결 재무상태표\n제 3 기 1분기말 2019.03.31 현재\n제 2 기말 \xa0 \xa0 \xa0 \xa0 \xa02018.12.31 현재\n(단위 : 원)\n\u3000\n제 3 기 1분기말\n제 2 기말\n자산\n\u3000\n\u3000\n\u3000유동자산\n408,638,330,730\n444,232,799,134\n\u3000\u3000현금및현금성자산\n82,205,946,428\n117,457,088,325\n\u3000\u3000단기금융상품\n72,850,000,000\n72,650,000,000\n\u3000\u3000단기상각후원가채무증권\n23,013,119\n22,586,662\n\u3000\u3000매출채권\n249,009,658,637\n248,778,294,005\n\u3000\u3000미수금\n1,624,660,971\n2,924,888,096\n\u3000\u3000미수수익\n898,784,814\n512,235,768\n\u3000\u3000선급금\n284,432,108\n359,168,124\n\u3000\u3000선급비용\n184,264,106\n180,260,907\n\u3000\u3000단기대여금\n54,896,487\n48,631,487\n\u3000\u3000재고자산\n1,465,622,040\n1,299,645,760\n\u3000\u3000기타유동자산\n37,052,020\n0\n\u3000비유동자산\n331,407,759,721\n334,036,813,305\n\u3000\u3000당기손익-공정가치지분상품\n50,392,650\n50,392,650\n\u3000\u3000당기손익-공정가치채무상품\n150,000,000\n60,000,000\n\u3000\u3000장기상각후원가채무증권\n40,011,512\n37,919,174\n\u3000\u3000유형자산\n318,876,632,323\n320,713,746,889\n\u3000\u3000무형자산\n10,264,515,236\n10,748,546,592\n\u3000\u3000순확정급여자산\n0\n0\n\u3000\u3000보증금\n2,026,208,000\n2,426,208,000\n\u3000자산총계\n740,046,090,451\n778,269,612,439\n부채\n\u3000\n\u3000\n\u3000유동부채\n332,856,347,002\n375,912,236,950\n\u3000\u3000단기매입채무\n287,379,270,414\n328,641,464,566\n\u3000\u3000단기미지급금\n11,408,890,554\n17,416,755,538\n\u3000\u3000단기미지급비용\n718,482,141\n902,070,973\n\u3000\u3000단기예수금\n19,478,755,343\n20,570,190,448\n\u3000\u3000미지급법인세\n12,256,625,243\n6,740,980,598\n\u3000\u3000유동성장기차입금\n1,614,323,307\n1,640,774,827\n\u3000비유동부채\n79,692,668,949\n81,867,301,905\n\u3000\u3000장기차입금\n11,739,009,383\n12,123,581,595\n\u3000\u3000순확정급여부채\n1,490,616,255\n806,036,526\n\u3000\u3000이연수익\n43,254,835,197\n43,711,888,532\n\u3000\u3000이연법인세부채\n23,208,208,114\n25,225,795,252\n\u3000부채총계\n412,549,015,951\n457,779,538,855\n자본\n\u3000\n\u3000\n\u3000지배기업 소유주지분\n327,051,397,692\n320,069,065,007\n\u3000\u3000자본금\n11,792,657,500\n11,792,657,500\n\u3000\u3000\u3000보통주자본금\n11,792,657,500\n11,792,657,500\n\u3000\u3000자본잉여금\n263,620,749,536\n263,620,749,536\n\u3000\u3000\u3000주식발행초과금\n262,530,104,935\n262,530,104,935\n\u3000\u3000\u3000기타자본잉여금\n1,090,644,601\n1,090,644,601\n\u3000\u3000이익잉여금\n51,787,670,998\n44,805,338,313\n\u3000\u3000기타자본구성요소\n(149,680,342)\n(149,680,342)\n\u3000비지배지분\n445,676,808\n421,008,577\n\u3000자본총계\n327,497,074,500\n320,490,073,584\n자본과부채총계\n740,046,090,451\n778,269,612,439\n연결 포괄손익계산서\n제 3 기 1분기 2019.01.01 부터 2019.03.31 까지\n제 2 기 1분기 2018.01.01 부터 2018.03.31 까지\n(단위 : 원)\n\u3000\n제 3 기 1분기\n제 2 기 1분기\n3개월\n누적\n3개월\n누적\n매출액\n448,040,793,526\n448,040,793,526\n476,928,085,690\n476,928,085,690\n\u3000상품매출\n446,507,356,552\n446,507,356,552\n475,627,383,701\n475,627,383,701\n\u3000배관임대매출\n377,500,003\n377,500,003\n0\n0\n\u3000용역매출액\n207,905,622\n207,905,622\n214,428,311\n214,428,311\n\u3000공사부담금수익\n948,031,349\n948,031,349\n935,463,653\n935,463,653\n\u3000기타매출액\n0\n0\n150,810,025\n150,810,025\n매출원가\n412,843,431,536\n412,843,431,536\n438,808,690,159\n438,808,690,159\n\u3000상품매출원가\n412,720,901,731\n412,720,901,731\n438,423,977,800\n438,423,977,800\n\u3000배관임대매출원가\n122,529,805\n122,529,805\n0\n0\n\u3000기타매출원가\n0\n0\n384,712,359\n384,712,359\n매출총이익\n35,197,361,990\n35,197,361,990\n38,119,395,531\n38,119,395,531\n판매비와관리비\n21,227,878,502\n21,227,878,502\n20,223,428,902\n20,223,428,902\n영업이익\n13,969,483,488\n13,969,483,488\n17,895,966,629\n17,895,966,629\n기타수익\n249,794,140\n249,794,140\n194,593,311\n194,593,311\n기타비용\n556,238,329\n556,238,329\n250,905,507\n250,905,507\n금융수익\n1,153,502,989\n1,153,502,989\n926,009,551\n926,009,551\n\u3000이자수익\n877,860,103\n877,860,103\n598,396,114\n598,396,114\n\u3000기타금융수익\n275,642,886\n275,642,886\n327,613,437\n327,613,437\n금융비용\n101,917,398\n101,917,398\n112,162,794\n112,162,794\n법인세비용차감전순이익\n14,714,624,890\n14,714,624,890\n18,653,501,190\n18,653,501,190\n법인세비용\n3,577,795,849\n3,577,795,849\n4,103,287,182\n4,103,287,182\n당기순이익\n11,136,829,041\n11,136,829,041\n14,550,214,008\n14,550,214,008\n당기순이익의 귀속\n\u3000\n\u3000\n\u3000\n\u3000\n\u3000지배기업의 소유주\n11,106,535,810\n11,106,535,810\n14,526,307,609\n14,526,307,609\n\u3000비지배지분\n30,293,231\n30,293,231\n23,906,399\n23,906,399\n세후기타포괄손익\n0\n0\n0\n0\n당기총포괄손익\n11,136,829,041\n11,136,829,041\n14,550,214,008\n14,550,214,008\n당기총포괄손익의 귀속\n\u3000\n\u3000\n\u3000\n\u3000\n\u3000지배기업의 소유주\n11,106,535,810\n11,106,535,810\n14,526,307,609\n14,526,307,609\n\u3000비지배지분\n30,293,231\n30,293,231\n23,906,399\n23,906,399\n지배기업 소유주지분에 대한 주당순이익\n\u3000\n\u3000\n\u3000\n\u3000\n\u3000기본주당순이익 (단위 : 원)\n2,356\n2,356\n3,082\n3,082\n\u3000희석주당순이익 (단위 : 원)\n2,356\n2,356\n3,082\n3,082\n연결 자본변동표\n제 3 기 1분기 2019.01.01 부터 2019.03.31 까지\n제 2 기 1분기 2018.01.01 부터 2018.03.31 까지\n(단위 : 원)\n\u3000\n자본\n지배기업의 소유주에게 귀속되는 자본\n비지배지분\n자본 \xa0합계\n자본금\n자본잉여금\n이익잉여금\n기타자본구성요소\n지배기업의 소유주에게 귀속되는 자본 \xa0합계\n2018.01.01 (기초자본)\n11,792,657,500\n263,652,465,659\n18,552,160,277\n(149,680,342)\n293,847,603,094\n484,278,929\n294,331,882,023\n당기순이익\n0\n0\n14,526,307,609\n0\n14,526,307,609\n23,906,399\n14,550,214,008\n배당금의 지급\n0\n0\n(3,535,031,250)\n0\n(3,535,031,250)\n(7,125,000)\n(3,542,156,250)\n자본 증가(감소) 합계\n0\n0\n10,991,276,359\n0\n10,991,276,359\n16,781,399\n11,008,057,758\n2018.03.31 (기말자본)\n11,792,657,500\n263,652,465,659\n29,543,436,636\n(149,680,342)\n304,838,879,453\n501,060,328\n305,339,939,781\n2019.01.01 (기초자본)\n11,792,657,500\n263,620,749,536\n44,805,338,313\n(149,680,342)\n320,069,065,007\n421,008,577\n320,490,073,584\n당기순이익\n0\n0\n11,106,535,810\n0\n11,106,535,810\n30,293,231\n11,136,829,041\n배당금의 지급\n0\n0\n(4,124,203,125)\n0\n(4,124,203,125)\n(5,625,000)\n(4,129,828,125)\n자본 증가(감소) 합계\n0\n0\n6,982,332,685\n0\n6,982,332,685\n24,668,231\n7,007,000,916\n2019.03.31 (기말자본)\n11,792,657,500\n263,620,749,536\n51,787,670,998\n(149,680,342)\n327,051,397,692\n445,676,808\n327,497,074,500\n연결 현금흐름표\n제 3 기 1분기 2019.01.01 부터 2019.03.31 까지\n제 2 기 1분기 2018.01.01 부터 2018.03.31 까지\n(단위 : 원)\n\u3000\n제 3 기 1분기\n제 2 기 1분기\n영업활동현금흐름\n(25,296,884,295)\n49,720,511,005\n\u3000영업으로부터 창출된 현금흐름\n(25,639,631,435)\n50,455,556,855\n\u3000이자의 수취\n496,967,262\n406,670,305\n\u3000이자의 지급\n(77,097,232)\n(85,929,165)\n\u3000배당금의 수령\n0\n550,000\n\u3000법인세의 납부\n(77,122,890)\n(1,056,336,990)\n투자활동현금흐름\n(5,388,362,165)\n(11,515,365,529)\n\u3000단기금융상품의 감소\n0\n0\n\u3000단기대여금의 감소\n0\n0\n\u3000단기상각후원가채무증권의 처분\n330,000\n2,800,000\n\u3000유형자산의 처분\n255,412,000\n81,562,963\n\u3000보증금의 감소\n400,000,000\n0\n\u3000임대보증금의 증가\n0\n0\n\u3000단기금융상품의 증가\n(200,000,000)\n(100,000,000)\n\u3000단기대여금의 증가\n(6,265,000)\n(12,983,057)\n\u3000당기손익-공정가치지분상품의 취득\n0\n0\n\u3000당기손익-공정가치채무상품의 취득\n(90,000,000)\n0\n\u3000장기상각후원가채무증권의 취득\n(2,455,000)\n(235,000)\n\u3000유형자산의 취득\n(5,672,514,165)\n(11,484,290,435)\n\u3000무형자산의 취득\n(72,870,000)\n(2,220,000)\n\u3000보증금의 증가\n0\n0\n재무활동현금흐름\n(4,565,895,437)\n(583,570,529)\n\u3000장기차입금의 차입\n0\n0\n\u3000자기주식의 취득\n0\n0\n\u3000비지배지분의 감소\n0\n0\n\u3000유동성장기부채의 상환\n(437,567,312)\n(581,521,529)\n\u3000배당금의 지급\n(4,128,328,125)\n(2,049,000)\n현금및현금성자산의 증감\n(35,251,141,897)\n37,621,574,947\n기초현금및현금성자산\n117,457,088,325\n60,142,912,606\n기말현금및현금성자산\n82,205,946,428\n97,764,487,553\n3. 연결재무제표 주석\n제 3 기 1분기 : 2019년 \xa03월 31일 현재\n제 2 기 \xa0 \xa0 \xa0 \xa0 : 2018년 12월 31일 현재\n주식회사 경동도시가스와 그 종속기업\n1. 일반적 사항주식회사 경동도시가스(이하 ""회사"")와 종속기업(이하 회사와 그 종속기업을 합하여 ""연결회사"")의 일반적인 사항은 다음과 같습니다.(1) 회사의 개요회사는 2017년 4월 1일을 분할기일로 주식회사 경동인베스트(분할 전 주식회사 경동도시가스)에서 인적분할되어 도시가스 사업을 목적으로 신규 설립되었으며, 2017년 5월 12일자로 한국거래소에 상장되었습니다. 보고기간종료일 현재 회사의 납입자본금은 11,793백만원이며, 회사의 최대주주는 주식회사 경동인베스트로서 보고기간종료일 현재 회사에 대한 지분율은 35.04%입니다.(2) 종속기업 현황\n구분\n지분율(%)\n소재지\n 결산월 \n업종\n경동강남고객서비스(주)\n55.00\n한국\n 12월 \n가스 안전점검(용역)\n경동강북고객서비스(주)\n85.00\n한국\n 12월 \n가스 안전점검(용역)\n경동강동고객서비스(주)\n70.00\n한국\n 12월 \n가스 안전점검(용역)\n경동양산고객서비스(주)\n85.00\n한국\n 12월 \n가스 안전점검(용역)\n4. 공정가치(1) 금융상품의 공정가치\r\n(단위: 천원)\n구분\n당분기말\n전기말\n장부금액\n공정가치\n장부금액\n공정가치\n금융자산(*1)\n \xa0현금및현금성자산\n82,205,946\n82,205,946\n117,457,088\n117,457,088\n \xa0단기금융상품\n72,850,000\n72,850,000\n72,650,000\n72,650,000\n \xa0단기상각후원가채무증권\n23,013\n23,013\n22,587\n22,587\n \xa0단기대여금\n54,896\n54,896\n48,631\n48,631\n \xa0당기손익-공정가치지분상품\n50,393\n50,393\n50,393\n50,393\n \xa0당기손익-공정가치채무상품\n150,000\n150,000\n60,000\n60,000\n \xa0장기상각후원가채무증권\n40,012\n40,012\n37,919\n37,919\n \xa0보증금\n2,026,208\n2,026,208\n2,426,208\n2,426,208\n계\n157,400,468\n157,400,468\n192,752,826\n192,752,826\n금융부채(*1)\n\u3000\n \xa0차입금(*2)\n13,353,333\n13,353,333\n13,764,357\n13,764,357\n(*1) 장부금액이 공정가치의 합리적인 근사치인 항목은 공정가치 공시에서 제외하였 \xa0 \xa0 \xa0 습니다.(*2) 유동성장기부채와 장기차입금으로 구성됩니다.\n(2) 공정가치 서열체계\n공정가치로 측정되는 금융상품은 공정가치 서열체계에 따라 구분되며 정의된 수준들은 다음과 같습니다.\n-\n측정일에 동일한 자산이나 부채에 대해 접근할 수 있는 활성시장의 (조정하지 않은) 공시가격 (수준 1)\n-\n수준 1의 공시가격 외에 자산이나 부채에 대해 직접적으로나 간접적으로 관측할 수 있는 투입변수 (수준 2)\n-\n자산이나 부채에 대한 관측할 수 없는 투입변수 (수준 3)\n공정가치로 측정되는 금융상품의 공정가치 서열체계 구분은 다음과 같습니다.\n(단위: 천원)\n당분기말\n수준 1\n수준 2\n수준 3\n계\n반복적인 공정가치 측정치\n \xa0현금및현금성자산\n-\n42,123,226\n-\n42,123,226\n \xa0당기손익-공정가치지분상품\n-\n50,393\n-\n50,393\n \xa0당기손익-공정가치채무상품\n-\n150,000\n-\n150,000\n계\n-\n42,323,619\n-\n42,323,619\n5. 범주별 금융상품(1) 범주별 금융자산 내역\n(단위: 천원)\n구분\n당분기말\n전기말\n상각후원가금융자산\n당기손익-공정가치금융자산\n계\n상각후원가금융자산\n당기손익-공정가치금융자산\n계\n현금및현금성자산\n25,757,284\n56,448,662\n82,205,946\n61,008,426\n56,448,662\n117,457,088\n단기금융상품\n72,850,000\n-\n72,850,000\n72,650,000\n-\n72,650,000\n단기상각후원가채무증권\n23,013\n-\n23,013\n22,587\n-\n22,587\n매출채권\n249,009,659\n-\n249,009,659\n248,778,294\n-\n248,778,294\n미수금\n1,624,661\n-\n1,624,661\n2,924,888\n-\n2,924,888\n미수수익\n898,785\n-\n898,785\n512,236\n-\n512,236\n단기대여금\n54,896\n-\n54,896\n48,631\n-\n48,631\n당기손익-공정가치지분상품\n-\n50,393\n50,393\n-\n50,393\n50,393\n당기손익-공정가치채무상품\n-\n150,000\n150,000\n-\n60,000\n60,000\n장기상각후원가채무증권\n40,012\n-\n40,012\n37,919\n-\n37,919\n보증금\n2,026,208\n-\n2,026,208\n2,426,208\n-\n2,426,208\n계\n352,284,518\n56,649,055\n408,933,573\n388,409,189\n56,559,055\n444,968,244\n(2) 보고기간종료일 현재 금융부채는 모두 상각후원가로 측정하고 있습니다.\n(3) 금융상품 범주별 순손익 내역\r\n(단위: 천원)\n구분\n당분기\n전분기\n대여금 및 수취채권\n \xa0이자수익\n877,320\n597,769\n \xa0수입연체료\n275,093\n327,064\n당기손익-공정가치지분상품\n \xa0배당금수익\n550\n550\n상각후원가채무증권\n \xa0이자수익\n540\n627\n상각후원가로 측정하는 금융부채\n \xa0이자비용\n(101,917)\n(112,163)\n계\n1,051,586\n813,847\n6. 금융자산\n(1) 당기손익-공정가치금융자산\n(단위: 천원)\n구분\n종류\n당분기말\n전기말\n당기손익-공정가치지분상품\n당기손익-공정가치채무상품\n당기손익-공정가치지분상품\n당기손익-공정가치채무상품\n장기\n출자금\n50,393\n-\n50,393\n-\n연금보험\n-\n150,000\n-\n60,000\n계\n50,393\n150,000\n50,393\n60,000\n(2) 매출채권 및 손실충당금\n(단위: 천원) \n 구 \xa0 \xa0 분\n당분기말\n전기말\n매출채권 \n249,448,208\n249,114,243\n손실충당금 \n(438,549)\n(335,949)\n매출채권(순액) \n249,009,659\n248,778,294\n7. 유형자산(1) 변동내역\n(단위: 천원)\n구분\n당분기\n전분기\n기초 장부금액\n320,713,747\n316,816,604\n취득\n4,009,103\n3,711,878\n처분\n(344,147)\n(112,124)\n감가상각\n(5,502,071)\n(5,366,407)\n분기말 장부금액\n318,876,632\n315,049,951\n(2) 당분기 중 감가상각비가 포함되어 있는 계정과목별 금액은 다음과 같습니다.\n(단위: 천원)\n구분\n당분기\n전분기\n판매비와관리비\n5,454,151\n5,366,407\n매출원가\n47,920\n-\n계\n5,502,071\n5,366,407\n(3) 유형자산의 일부는 차입금과 관련하여 담보로 제공되어 있습니다(주석 17 참조).\n8. 무형자산(1) 변동내역\n(단위: 천원)\n구분\n당분기\n전분기\n기초 장부금액\n10,748,547\n12,342,850\n취득\n72,870\n2,220\n상각\n(556,902)\n(556,432)\n분기말 장부금액\n10,264,515\n11,788,638\n(2) 당분기의 무형자산상각비는 전액 판매비와관리비에 포함되어 있습니다(주석 13 \xa0참조).\n9. 유동성장기부채 및 장기차입금 변동내역\n(단위: 천원)\n구분\n당분기\n전분기\n유동성장기부채\n장기차입금\n유동성장기부채\n장기차입금\n기초 장부금액\n1,640,775\n12,123,582\n1,884,553\n12,987,389\n상환\n(437,567)\n-\n(581,522)\n-\n차입\n-\n-\n-\n-\n현재가치할인차금의 변동\n663\n25,880\n902\n29,421\n유동성대체\n410,452\n(410,452)\n437,567\n(437,567)\n분기말 장부금액\n1,614,323\n11,739,010\n1,741,500\n12,579,243\n차입금과 관련하여 유형자산의 일부가 담보로 제공되어 있습니다(주석 17 참조).\n10. 순확정급여부채(1) 순확정급여부채의 산정 내역\n(단위: 천원)\n구분\n당분기말\n전기말\n확정급여채무의 현재가치\n26,033,852\n25,583,505\n사외적립자산의 공정가치\n(24,543,236)\n(24,777,468)\n계\n1,490,616\n806,037\n(2) 순확정급여부채 관련 인식 손익\n(단위: 천원)\n구분\n당분기\n전분기\n확정급여제도\n - 당기근무원가\n533,352\n490,237\n - 순이자원가\n6,247\n(18,603)\n - 운영관리수수료\n15,796\n-\n소계\n555,395\n471,634\n확정기여제도\n - 당기납부\n21,678\n3,142\n합계\n577,073\n474,776\n(3) 퇴직급여관련 계정과목 내역\n(단위: 천원)\n구분\n당분기\n전분기\n판매비와관리비\n553,117\n462,449\n공급설비\n18,155\n12,327\n매출원가\n5,801\n-\n계\n577,073\n474,776\n11. 배당금2018년 12월 31일로 종료하는 회계기간에 대한 배당금 4,130백만원은 2019년 4월에 지급되었습니다(전기 지급액:3,542백만원).\n12. 비용의 성격별 분류\n(단위: 천원)\n구분\n당분기\n전분기\n상품의 판매\n412,843,432\n438,808,690\n종업원급여\n8,148,283\n8,020,452\n복리후생비\n950,106\n782,073\n감가상각비\n5,454,151\n5,366,407\n무형자산상각비\n556,902\n556,432\n지급수수료\n4,570,396\n3,861,927\n기타\n1,548,040\n1,636,138\n매출원가 및 판매비와관리비 계\n434,071,310\n459,032,119\n13. 판매비와관리비\n(단위: 천원)\n구분\n당분기\n전분기\n급여\n7,595,166\n7,558,003\n퇴직급여\n553,117\n462,449\n복리후생비\n950,106\n782,073\n회의비\n3,078\n7,650\n여비교통비\n104,805\n109,752\n교육훈련비\n35,262\n29,595\n접대비\n80,488\n86,778\n도서인쇄비\n43,805\n58,492\n통신비\n109,092\n120,972\n지급수수료\n4,570,396\n3,861,927\n소모품비\n62,082\n75,154\n차량유지비\n103,307\n116,862\n대손상각비\n102,650\n-\n광고선전비\n76,250\n94,475\n세금과공과\n104,039\n141,600\n수도광열비\n327,893\n334,376\n임차료\n140,508\n133,154\n보험료\n103,140\n125,483\n감가상각비\n5,454,151\n5,366,407\n무형자산상각비\n556,902\n556,432\n안전관리비\n73,843\n77,883\n수선유지비\n77,710\n123,747\n운반비\n88\n165\n계\n21,227,878\n20,223,429\n14. 기타수익 및 기타비용\n(1) 기타수익의 내역\n(단위: 천원)\n구분\n당분기\n전분기\n유형자산처분이익\n100,377\n62,885\n국고보조금수익\n26,544\n30,323\n잡이익\n122,873\n101,385\n계\n249,794\n194,593\n(2) 기타비용의 내역\n(단위: 천원)\n구분\n당분기\n전분기\n유형자산처분손실\n322,349\n93,474\n기부금\n189,113\n27,978\n소송충당부채전입액\n29,948\n119,021\n잡손실\n14,828\n10,433\n계\n556,238\n250,906\n15. 금융수익 및 금융비용(1) 금융수익의 내역\n(단위: 천원)\n구분\n당분기\n전분기\n이자수익\n877,860\n598,396\n수입배당금\n550\n550\n수입연체료\n275,093\n327,064\n계\n1,153,503\n926,010\n(2) 금융비용의 내역\n(단위: 천원)\n구분\n당분기\n전분기\n이자비용\n101,917\n112,163\n16. 법인세비용 및 이연법인세법인세비용은 전체 회계연도에 대해서 예상되는 최선의 가중평균 연간법인세율의 추정에 기초하여 인식하였습니다. 2019년 12월 31일로 종료하는 회계연도의 예상평균연간법인세율은 24.3%입니다.\n17. 우발부채와 약정사항(1) 천연가스 수급계약연결회사는 한국가스공사와의 천연가스수급계약과 관련하여 연결회사가 천연가스 매입대금을 지급기한까지 지불하지 못하는 등의 사유 발생시, 도시가스대금 입금계좌 예금채권을 한국가스공사에 양도하는 별도계약을 체결 할 수 있으나, 현재 예금채권양수도 계약은 체결되어 있지 않습니다.\r\n(2) 금융기관과 체결한 주요 금융거래 약정 사항\n(단위: 천원)\n내 역\n금융기관\n당분기말\n전기말\n약정한도\n사용금액\n약정한도\n사용금액\n구매카드\n삼성카드\n13,000,000\n4,266,212\n(3) 보고기간종료일 현재 금융기관과의 한도차입약정은 없습니다.\n(4) 타인에게 제공하고 있는 지급보증의 내역\n(단위: 천원)\n지급보증 제공자\n내역\n보증금액\n당분기말\n전기말\n서울보증보험(주)\n공사이행 및 인허가 등\n7,684,050\n연결회사는 기타특수관계자인 (주)케이디파워텍의 차입금과 관련하여 월간 SMP가격이 3개월 연속 115원/kWh이하이고 부채상환적립금 잔액이 상환원리금보다 부족할 경우에는 100억원의 예금을 질권설정하는 특별약정을 제공하고 있습니다.(5) 타인으로부터 제공받고 있는 지급보증의 내역\n(단위: 천원)\n지급보증 제공자\n내역\n보증금액\n당분기말\n전기말\n서울보증보험(주)\n공사이행 및 인허가 등\n4,012,328\n(6) 담보제공내역\n(단위: 천원)\n1) 당분기말\n담보제공자산\n장부금액\n담보설정금액\n관련 계정과목\n담보권자\n토지, 건물\n차입금\nKB국민은행\n2) 전기말\r\n담보제공자산\n장부금액\n담보설정금액\n관련 계정과목\n담보권자\n토지, 건물\n9,399,821\n8,500,000\n차입금\nKB국민은행\n(7) 계류중인 소송사건의 내역\n(단위: 천원)\n소송명\n원고\n피고\n소송가액\n비고\n토지인도\n개인\n회사\n11,440\n1심 진행 중\n(8) 상법 제530조의9 제1항의 규정에 의거 분할로 인하여 분할되는 회사 또는 분할신설회사는 분할되는 회사의 분할 전의 채무에 관하여 연대하여 변제할 책임을 부담합니다.\n18. 지배기업 소유주지분에 대한 주당순이익\n당분기 및 전분기의 지배기업 소유주지분에 대한 주당순이익 산출내역은 다음과 같습니다.\n구분\n당분기\n전분기\n가. 지배주주에게 귀속되는 분기순이익\n11,106,535,810원\n14,526,307,609원\n나. 가중평균유통보통주식수(*)\n4,713,375주\n4,713,375주\n다. 기본주당순이익(가/나)\n2,356원\n3,082원\n(*) 발행주식 중 연결회사의 자기주식 보유분을 제외하였습니다.연결회사는 당분기 및 전분기 중 중단사업이 존재하지 않으므로, 주당순이익과 주당계속사업이익은 동일합니다. 또한, 연결회사는 잠재적 보통주가 존재하지 않으므로 희석주당순이익은 기본주당순이익과 동일합니다.\n19. 특수관계자와의 거래(1) 종속기업 현황\n구분\n지분율(%)\n당분기말\n전기말\n경동강남고객서비스(주)\n55.00\n55.00\n경동강북고객서비스(주)\n85.00\n85.00\n경동강동고객서비스(주)\n70.00\n70.00\n경동양산고객서비스(주)\n85.00\n85.00\n(2) 기타 특수관계자 현황\n구분\n당분기말\n전기말\n지배기업\n(주)경동홀딩스\n(주)경동홀딩스\n유의적인 영향력을 행사하는 회사\n(주)경동인베스트\n(주)경동인베스트\n기타특수관계자\n(주)경동에너아이(주)경동이앤에스(주)경동건설(주)케이디파워텍(주)경동(주)경동바이오테크(주)그린바이오매스Kyungdong Australia Pty Ltd.(주)경동개발(주)경동월드와이드(주)원진월드와이드Wyong Areas Coal Joint Venture(주)경동나비엔(주)경동에버런\n(주)경동에너아이(주)경동이앤에스(주)경동건설(주)케이디파워텍(주)경동(주)경동바이오테크(주)그린바이오매스Kyungdong Australia Pty Ltd.(주)경동개발(주)경동월드와이드(주)원진월드와이드Wyong Areas Coal Joint Venture(주)경동나비엔(주)경동에버런\n개인 등\n주주 및 주요 경영진\n주주 및 주요 경영진\n(3) 특수관계자와의 거래내역\n1) 당분기 및 당분기말\n(단위: 천원)\n회사명\n매출 등(*1)\n매입 등\n채권\n채무\n매입(*2)\n배당금 지급(*3)\n지배기업\n \xa0(주)경동홀딩스\n-\n-\n401,881\n-\n-\n유의적인 영향력을 행사하는 회사\n \xa0(주)경동인베스트\n-\n448,454\n1,446,117\n-\n-\n기타 특수관계자\n \xa0(주)경동이앤에스\n3,336\n1,661,118\n-\n1,083\n1,307,581\n \xa0(주)경동월드와이드\n70,802\n-\n-\n52,890\n-\n \xa0(주)경동나비엔\n-\n14,320\n71,067\n-\n35,860\n계\n74,138\n2,123,892\n1,919,065\n53,973\n1,343,441\n(*1) 재화의 판매와 용역의 제공이 포함되어 있습니다.(*2) 재화와 용역의 구입이 포함되어 있습니다.(*3) 배당으로 인한 거래는 배당결의일 기준으로 분류되어 있습니다.\n연결회사는 (주)케이디파워텍의 차입금과 관련하여 연대보증 및 특별약정을 제공하고 있습니다(주석 17 참조).\n2) 전분기 및 전기말\n(단위: 천원)\n회사명\n매출 등(*1)\n매입 등\n채권\n채무\n매입(*2)\n배당금 지급(*3)\n지배기업\n \xa0(주)경동홀딩스\n-\n-\n597,502\n-\n-\n유의적인 영향력을 행사하는 회사\n \xa0(주)경동인베스트\n-\n24,879\n708,859\n-\n566,936\n기타 특수관계자\n \xa0(주)경동이앤에스\n2,519\n1,212,229\n-\n-\n6,109,095\n \xa0(주)경동월드와이드\n44,912\n-\n-\n16,910\n-\n \xa0(주)경동나비엔\n-\n41,005\n60,915\n-\n65,626\n계\n47,431\n1,278,113\n1,367,276\n16,910\n6,741,657\n(*1) 재화의 판매와 용역의 제공이 포함되어 있습니다.(*2) 재화와 용역의 구입이 포함되어 있습니다.(*3) 배당으로 인한 거래는 배당결의일 기준으로 분류되어 있습니다.\n연결회사는 (주)케이디파워텍의 차입금과 관련하여 연대보증 및 특별약정을 제공하고 있습니다(주석 17 참조).\n20. 영업으로부터 창출된 현금당분기 및 전분기 중 영업활동으로부터 창출된 현금흐름은 다음과 같습니다.\n(단위: 천원)\n구분\n당분기\n전분기\n분기순이익\n11,136,829\n14,550,214\n조정\n배관임대매출원가\n53,721\n-\n퇴직급여\n517,758\n462,449\n대손상각비\n102,650\n-\n감가상각비\n5,454,151\n5,366,407\n무형자산상각비\n556,902\n556,432\n유형자산처분손실\n189,113\n93,474\n이자비용\n101,917\n112,163\n법인세비용\n3,577,796\n4,103,287\n공사부담금수익\n(948,031)\n(935,464)\n유형자산처분이익\n(100,377)\n(62,885)\n국고보조금수익\n(26,544)\n(30,323)\n이자수익\n(877,860)\n(598,396)\n배당금수익\n(550)\n(550)\n소계\n8,600,646\n9,066,594\n영업활동으로 인한 자산부채의 변동\n매출채권\n(375,464)\n19,477,916\n미수금\n1,300,312\n2,059,347\n선급금\n74,736\n(144,550)\n선급비용\n(4,003)\n1,665\n재고자산\n(165,976)\n(240,237)\n기타비유동자산\n(37,052)\n(30,567)\n매입채무\n(41,262,194)\n3,245,621\n미지급금\n(4,312,922)\n2,723,881\n미지급비용\n(181,866)\n(134,105)\n예수금\n(1,073,065)\n(340,692)\n확정급여부채\n(262,995)\n(3,141)\n사외적립자산\n405,861\n-\n이연수익\n517,522\n223,611\n소계\n(45,377,106)\n26,838,749\n합계\n(25,639,631)\n50,455,557\n21. 영업부문\n당분기 중 회사 매출액의 10% 이상을 차지하는 외부고객은 다음과 같습니다.\n(단위: 천원)\n구분\n당분기\n주요고객 A\n50,957,351\n22. 재무위험관리연결회사는 여러 활동으로 인하여 시장위험(환위험, 공정가치 이자율 위험, 현금흐름이자율 위험 및 가격위험), 신용위험 및 유동성 위험과 같은 다양한 금융 위험에 노출되어 있습니다. 연결회사는 전반적인 위험관리 프로그램은 금융시장의 예측불가능성에 초점을 맞추고 있으며 재무성과에 잠재적으로 불리할 수 있는 효과를 최소화하는데 중점을 두고 있습니다. 연결회사의 위험관리는 이사회에서 승인한 정책에 따라 이루어지고 있습니다.\r\n요약분기연결재무제표는 연차재무제표에서 요구되는 모든 재무위험관리와 공시사항을 포함하지 않으므로 2017년 12월 31일의 연차재무제표를 참고하시기 바랍니다. 연결회사의 위험관리부서 및 기타 위험관리정책에는 전기말 이후 중요한 변동사항이없습니다.\n(1) 신용위험신용위험은 연결회사의 통상적인 거래 및 투자활동에서 발생하며 고객 또는 거래상대방이 계약조건상 의무사항을 지키지 못하였을때 발생합니다. 이러한 신용위험을 관리하기 위하여 연결회사는 주기적으로 고객과 거래상대방의 재무상태와 과거 경험및 기타 요소들을 고려하여 재무신용도를 평가하고 있으며 고객과 거래상대방 각각에 대한 신용한도를 설정하고 있습니다.\n신용위험은 현금 및 현금성자산, 각종 예금 그리고 파생금융상품 등과 같은 금융기관과의 거래에서도 발생할 수 있습니다. 이러한 위험을 줄이기 위해, 연결회사는 신용도가 높은 금융기관들에 대해서만 거래를 하고 있습니다.\n연결회사는 보고기간종료일 현재 해당 금융자산의 채무불이행 등이 발생할 징후는 낮은 것으로 판단하고 있습니다.\n(2) 유동성 위험연결회사는 적정 유동성의 유지를 위하여 주기적인 자금수지 예측, 조정을 통해 유동성 위험을 관리하고 있습니다. 유동성에 대한 예측시에는 당 부문의 자금조달계획, 약정준수, 연결회사 내부의 목표재무비율 및 통화에 대한 제한과 같은 외부 법규나 법률 요구사항이 있는 경우 그러한 요구사항을 고려하고 있습니다.\n(3) 시장위험\n1) 환율변동위험 \n연결회사는 국내영업만을 담당하며 원재료도 국내에서 매입하므로 외화 환포지션이 발생하고 있지 아니합니다.\n2) 이자율 위험\n연결회사는 차입금의 대부분을 변동이자율 차입금으로 유지하는 정책을 펴고 있으며이자율에 대한 노출에 대해 다각적인 분석을 실시하고 있습니다.\n(4) 자본위험관리\n연결회사의 자본관리 목적은 계속기업으로서 주주 및 이해당사자들에게 이익을 지속적으로 제공할 수 있는 능력을 보호하고 자본비용을 절감하기 위해 최적 자본구조를 유지하는 것입니다.\n연결회사는 부채비율에 기초하여 자본을 관리하고 있습니다. 이 비율은 총부채를 총자본으로 나누어 산출하고 있으며 총부채 및 총자본은 재무제표의 공시된 숫자로 계산합니다.\n23. 영업활동의 계절적인 특성연결회사의 주요 영업활동인 천연가스 판매는 동절기(12월 ~ 익년 3월)에 집중되는 계절적 특성을 보입니다. 따라서, 2018년 3월 31일로 종료하는 회계기간 동안의 영업활동이 2018년 12월 31일로 종료되는 회계연도에 대한 회사의 영업활동을 충분하게 설명하고 있지 아니할 수 있습니다.\n24. 회계정책의 변경23.1 기준서 제1109호 \'금융상품\'의 적용주석 2에서 설명한 바와 같이 연결회사는 2018년 1월 1일을 최초적용일로 하여 기준서 제1109호를 적용하였으며, 경과규정에 따라 전기 재무제표는 재작성되지 않았습니다. 기준서 제 1109호의 적용이 재무제표에 미치는 영향은 다음과 같습니다.(1) 금융상품의 분류 및 측정 경영진은 기준서 제1109호의 최초적용일인 2018년 1월 1일 현재 보유하고 있는 금융자산에 적용되는 사업모형을 평가하고 금융자산을 기준서 제1109호에 따라 분류하였습니다. 이러한 재분류로 인한 효과는 다음과 같습니다.\n① 매도가능금융자산에서 기타포괄손익-공정가치지분상품으로 재분류과거에 매도가능금융자산으로 분류했던 단기매매목적이 아닌 지분상품의 공정가치 변동을 기타포괄손익에 표시할 것을 선택했습니다. 이에 따라 52백만원이 기타포괄손익-공정가치측정지분상품으로 재분류되었습니다.\n② 만기보유금융자산에서 상각후원가 측정 금융자산으로 재분류국공채는 만기보유금융자산에서 상각후원가 측정 금융자산으로 재분류되었습니다. 연결회사는 계약상 현금흐름을 수취하기 위해 해당 금융자산을 보유하며 해당 채권의 계약상 현금흐름은 원금과 원금잔액에 대한 이자의 지급만으로 구성되어 있습니다.기타 상각후 원가로 측정하던 금융자산은 계속해서 상각후원가 금융자산으로 측정됩니다.\n③ 기준서 제1109호의 도입으로 인한 금융상품의 재분류\n최초적용일인 2018년 1월 1일 현재 기준서 제1109호의 도입으로 인한 금융자산의 재분류 내역은 다음과 같습니다.\n(단위: 천원)\n구분\n측정 범주\n장부금액\n기준서 제1039호\n기준서 제1109호\n기준서 제1039호\n기준서 제1109호\n차이\n유동금융자산\n \xa0현금및현금성자산\n상각후원가\n상각후원가\n60,142,913\n60,142,913\n-\n \xa0단기금융상품\n상각후원가\n상각후원가\n47,500,000\n47,500,000\n-\n \xa0단기상각후원가채무증권\n만기보유금융자산\n상각후원가\n38,571\n38,571\n-\n \xa0매출채권\n상각후원가\n상각후원가\n263,647,773\n263,647,773\n-\n \xa0미수금\n상각후원가\n상각후원가\n3,711,759\n3,711,759\n-\n \xa0미수수익\n상각후원가\n상각후원가\n305,695\n305,695\n-\n \xa0단기대여금\n상각후원가\n상각후원가\n35,648\n35,648\n-\n비유동금융자산\n \xa0기타포괄손익 \xa0-공정가치지분상품\n매도가능금융자산\n기타포괄손익- 공정가치(*)\n52,328\n52,328\n-\n \xa0장기상각후원가채무증권\n만기보유금융자산\n상각후원가\n36,250\n36,250\n-\n \xa0보증금\n상각후원가\n상각후원가\n2,106,437\n2,106,437\n-\n(2) 금융자산의 손상\n연결회사는 기준서 제1109호의 새로운 기대신용손실 모형 적용대상이 되는 두 가지 유형의 금융자산을 보유하고 있습니다. \nㆍ매출채권 \nㆍ상각후원가로 측정되는 채무상품 \n연결회사는 기준서 제1109호의 도입으로 손상차손의 인식 관련 정책을 변경하였습니다.\n ① 매출채권매출채권의 손상 시 간편법을 적용하고 있어 전체 매출채권에 대해 전체 기간 기대신용손실을 사용합니다. \n② 채무상품 \n상각후원가나 기타포괄손익-공정가치로 측정되는 채무상품은 신용위험이 낮은 것으로 판단하여 손실충당금은 12개월 기대신용손실로 인식됩니다. \n23.2 기준서 제1115호 \'고객과의 계약에서 생기는 수익\' 적용주석 2에 기재된 것처럼 연결회사는 당기부터 기준서 제1115호를 적용하였으며, 경과규정에 따라 비교표시된 전기 재무제표는 재작성되지 않았습니다. 동 기준서의 적용이 재무제표에 미치는 영향은 없습니다.\n4. 재무제표\n재무상태표\n제 3 기 1분기말 2019.03.31 현재\n제 2 기말 \xa0 \xa0 \xa0 \xa0 \xa02018.12.31 현재\n(단위 : 원)\n\u3000\n제 3 기 1분기말\n제 2 기말\n자산\n\u3000\n\u3000\n\u3000유동자산\n406,270,336,097\n441,723,741,978\n\u3000\u3000현금및현금성자산\n81,027,602,014\n116,124,452,661\n\u3000\u3000단기금융상품\n71,700,000,000\n71,500,000,000\n\u3000\u3000단기상각후원가채무증권\n23,013,119\n22,586,662\n\u3000\u3000매출채권\n249,008,543,031\n248,781,273,585\n\u3000\u3000미수금\n1,619,933,202\n2,920,245,150\n\u3000\u3000미수수익\n907,284,814\n512,235,768\n\u3000\u3000선급금\n283,126,118\n349,876,118\n\u3000\u3000선급비용\n180,315,272\n164,794,787\n\u3000\u3000단기대여금\n54,896,487\n48,631,487\n\u3000\u3000재고자산\n1,465,622,040\n1,299,645,760\n\u3000비유동자산\n331,531,538,053\n334,157,171,253\n\u3000\u3000당기손익-공정가치지분상품\n50,392,650\n50,392,650\n\u3000\u3000당기손익-공정가치채무상품\n150,000,000\n60,000,000\n\u3000\u3000장기상각후원가채무증권\n40,011,512\n37,919,174\n\u3000\u3000종속기업투자\n667,810,980\n667,810,980\n\u3000\u3000유형자산\n318,443,365,130\n320,275,131,727\n\u3000\u3000무형자산\n10,259,749,781\n10,745,708,722\n\u3000\u3000순확정급여자산\n0\n0\n\u3000\u3000보증금\n1,920,208,000\n2,320,208,000\n\u3000자산총계\n737,801,874,150\n775,880,913,231\n부채\n\u3000\n\u3000\n\u3000유동부채\n332,682,024,785\n375,445,868,268\n\u3000\u3000단기매입채무\n287,379,270,414\n328,641,464,566\n\u3000\u3000단기미지급금\n12,347,511,289\n18,235,874,185\n\u3000\u3000단기미지급비용\n11,037,775\n12,761,189\n\u3000\u3000단기예수금\n19,074,047,522\n20,177,419,120\n\u3000\u3000미지급법인세\n12,255,834,478\n6,737,574,381\n\u3000\u3000유동성장기차입금\n1,614,323,307\n1,640,774,827\n\u3000비유동부채\n79,485,741,818\n81,674,507,736\n\u3000\u3000장기차입금\n11,739,009,383\n12,123,581,595\n\u3000\u3000임대보증금\n20,000,000\n20,000,000\n\u3000\u3000순확정급여부채\n1,490,616,255\n806,036,526\n\u3000\u3000이연수익\n43,254,835,197\n43,711,888,532\n\u3000\u3000이연법인세부채\n22,981,280,983\n25,013,001,083\n\u3000부채총계\n412,167,766,603\n457,120,376,004\n자본\n\u3000\n\u3000\n\u3000자본금\n11,792,657,500\n11,792,657,500\n\u3000\u3000보통주자본금\n11,792,657,500\n11,792,657,500\n\u3000자본잉여금\n262,530,104,935\n262,530,104,935\n\u3000\u3000주식발행초과금\n262,530,104,935\n262,530,104,935\n\u3000이익잉여금\n51,461,025,454\n44,587,455,134\n\u3000기타자본구성요소\n(149,680,342)\n(149,680,342)\n\u3000자본총계\n325,634,107,547\n318,760,537,227\n자본과부채총계\n737,801,874,150\n775,880,913,231\n포괄손익계산서\n제 3 기 1분기 2019.01.01 부터 2019.03.31 까지\n제 2 기 1분기 2018.01.01 부터 2018.03.31 까지\n(단위 : 원)\n\u3000\n제 3 기 1분기\n제 2 기 1분기\n3개월\n누적\n3개월\n누적\n매출액\n447,832,887,904\n447,832,887,904\n476,713,657,379\n476,713,657,379\n\u3000상품매출\n446,507,356,552\n446,507,356,552\n475,627,383,701\n475,627,383,701\n\u3000배관임대매출\n377,500,003\n377,500,003\n0\n0\n\u3000공사부담금수익\n948,031,349\n948,031,349\n935,463,653\n935,463,653\n\u3000기타매출액\n0\n0\n150,810,025\n150,810,025\n매출원가\n412,843,431,536\n412,843,431,536\n438,951,527,661\n438,951,527,661\n\u3000상품매출원가\n412,720,901,731\n412,720,901,731\n438,423,977,800\n438,423,977,800\n\u3000배관임대매출원가\n122,529,805\n122,529,805\n0\n0\n\u3000기타매출원가\n0\n0\n527,549,861\n527,549,861\n매출총이익\n34,989,456,368\n34,989,456,368\n37,762,129,718\n37,762,129,718\n판매비와관리비\n21,044,646,499\n21,044,646,499\n19,967,860,864\n19,967,860,864\n영업이익\n13,944,809,869\n13,944,809,869\n17,794,268,854\n17,794,268,854\n기타수익\n251,337,027\n251,337,027\n161,645,176\n161,645,176\n기타비용\n705,188,776\n705,188,776\n250,853,629\n250,853,629\n금융수익\n1,172,395,610\n1,172,395,610\n947,802,981\n947,802,981\n\u3000이자수익\n869,377,724\n869,377,724\n592,814,544\n592,814,544\n\u3000기타금융수익\n303,017,886\n303,017,886\n354,988,437\n354,988,437\n금융비용\n101,917,398\n101,917,398\n112,162,794\n112,162,794\n법인세비용차감전순이익\n14,561,436,332\n14,561,436,332\n18,540,700,588\n18,540,700,588\n법인세비용\n3,563,662,887\n3,563,662,887\n4,093,064,348\n4,093,064,348\n당기순이익\n10,997,773,445\n10,997,773,445\n14,447,636,240\n14,447,636,240\n세후기타포괄손익\n0\n0\n0\n0\n당기총포괄손익\n10,997,773,445\n10,997,773,445\n14,447,636,240\n14,447,636,240\n지배기업 소유주지분에 대한 주당순이익\n\u3000\n\u3000\n\u3000\n\u3000\n\u3000기본주당순이익 (단위 : 원)\n2,333\n2,333\n3,065\n3,065\n\u3000희석주당순이익 (단위 : 원)\n2,333\n2,333\n3,065\n3,065\n자본변동표\n제 3 기 1분기 2019.01.01 부터 2019.03.31 까지\n제 2 기 1분기 2018.01.01 부터 2018.03.31 까지\n(단위 : 원)\n\u3000\n자본\n자본금\n자본잉여금\n이익잉여금\n기타자본구성요소\n자본 \xa0합계\n2018.01.01 (기초자본)\n11,792,657,500\n262,530,104,935\n18,455,504,181\n(149,680,342)\n292,628,586,274\n당기순이익\n0\n0\n14,447,636,240\n0\n14,447,636,240\n배당금의 지급\n0\n0\n(3,535,031,250)\n0\n(3,535,031,250)\n자본 증가(감소) 합계\n0\n0\n10,912,604,990\n0\n10,912,604,990\n2018.03.31 (기말자본)\n11,792,657,500\n262,530,104,935\n29,368,109,171\n(149,680,342)\n303,541,191,264\n2019.01.01 (기초자본)\n11,792,657,500\n262,530,104,935\n44,587,455,134\n(149,680,342)\n318,760,537,227\n당기순이익\n0\n0\n10,997,773,445\n0\n10,997,773,445\n배당금의 지급\n0\n0\n(4,124,203,125)\n0\n(4,124,203,125)\n자본 증가(감소) 합계\n0\n0\n6,873,570,320\n0\n6,873,570,320\n2019.03.31 (기말자본)\n11,792,657,500\n262,530,104,935\n51,461,025,454\n(149,680,342)\n325,634,107,547\n현금흐름표\n제 3 기 1분기 2019.01.01 부터 2019.03.31 까지\n제 2 기 1분기 2018.01.01 부터 2018.03.31 까지\n(단위 : 원)\n\u3000\n제 3 기 1분기\n제 2 기 1분기\n영업활동현금흐름\n(25,204,115,696)\n49,825,000,799\n\u3000영업으로부터 창출된 현금흐름\n(25,551,755,457)\n50,559,253,219\n\u3000이자의 수취\n488,484,883\n401,088,735\n\u3000이자의 지급\n(77,097,232)\n(85,929,165)\n\u3000배당금의 수령\n13,375,000\n6,925,000\n\u3000법인세의 납부\n(77,122,890)\n(1,056,336,990)\n투자활동현금흐름\n(5,330,964,514)\n(11,362,382,565)\n\u3000단기금융상품의 감소\n0\n0\n\u3000단기대여금의 감소\n0\n0\n\u3000단기상각후원가채무증권의 처분\n330,000\n2,800,000\n\u3000유형자산의 처분\n255,412,000\n80,535,963\n\u3000보증금의 감소\n400,000,000\n0\n\u3000임대보증금의 증가\n0\n0\n\u3000단기금융상품의 증가\n(200,000,000)\n0\n\u3000단기대여금의 증가\n(6,265,000)\n(12,983,057)\n\u3000당기손익-공정가치채무상품의 취득\n(90,000,000)\n0\n\u3000당기손익-공정가치지분상품의 취득\n0\n0\n\u3000장기상각후원가채무증권의 취득\n(2,455,000)\n(235,000)\n\u3000유형자산의 취득\n(5,617,486,514)\n(11,432,500,471)\n\u3000무형자산의 취득\n(70,500,000)\n0\n\u3000보증금의 증가\n0\n0\n재무활동현금흐름\n(4,561,770,437)\n(581,521,529)\n\u3000장기차입금의 차입\n0\n0\n\u3000유동성장기부채의 상환\n(437,567,312)\n(581,521,529)\n\u3000자기주식의 취득\n0\n0\n\u3000배당금의 지급\n(4,124,203,125)\n0\n현금및현금성자산의 증감\n(35,096,850,647)\n37,881,096,705\n기초현금및현금성자산\n116,124,452,661\n58,793,028,532\n기말현금및현금성자산\n81,027,602,014\n96,674,125,237\n5. 재무제표 주석\n제 3 기 1분기 : 2019년 \xa03월 31일 현재\n제 2 기 \xa0 \xa0 \xa0 \xa0 : 2018년 12월 31일 현재\n주식회사 경동도시가스\n1. 회사의 개요주식회사 경동도시가스(이하 ""회사"")는 2017년 4월 1일을 분할기일로 주식회사 경동인베스트(분할 전 주식회사 경동도시가스)에서 인적분할되어 도시가스 사업을 목적으로 신규 설립되었으며, 2017년 5월 12일자로 한국거래소에 상장되었습니다.보고기간종료일 현재 회사의 납입자본금은 11,793백만원이며, 회사의 최대주주는 주식회사 경동인베스트로서 보고기간종료일 현재 회사에 대한 지분율은 35.04%입니다.\n2. 중요한 회계정책\n2.1 재무제표 작성기준\n \n회사의 2019년 3월 31일로 종료하는 3개월 보고기간에 대한 요약분기재무제표는 기업회계기준서 제1034호 \'중간재무보고\'에 따라 작성되었습니다. 이 요약분기재무제표는 보고기간말인 2019년 3월 31일 현재 유효하거나 조기 도입한 한국채택국제회계기준에 따라 작성되었습니다.\n2.1.1 회사가 채택한 제ㆍ개정 기준서\n회사는 2019년 1월 1일로 개시하는 회계기간부터 다음의 제ㆍ개정 기준서 및 해석서를 신규로 적용하였습니다.\n(1) 기업회계기준서 제1116호 \'리스\' 제정\n기업회계기준서 제1116호 \'리스\'는 기업회계기준서 제1017호 \'리스\'를 대체합니다. 기업회계기준서 제1116호에서는 단일 리스이용자 모형을 도입하여 리스기간이 12개월을 초과하고 기초자산이 소액이 아닌 모든 리스에 대하여 리스이용자가 자산과 부채를 인식하도록 요구합니다. 리스이용자는 사용권자산과 리스료 지급의무를 나타내는 리스부채를 인식해야 합니다. 해당 기준서의 개정이 재무제표에 미치는 중요한 영향은 없습니다.\n(2) 기업회계기준서 제1109호 \'금융상품\' 개정\n부의 보상을 수반하는 일부 중도상환 가능한 금융자산을 상각후원가로 측정될 수 있도록 개정하였으며, 상각후원가로 측정되는 금융부채가 조건변경 되었으나 제거되지는 않은 경우 변경으로 인한 효과는 당기손익으로 인식되어야 합니다. 해당 기준서의개정이 재무제표에 미치는 중요한 영향은 없습니다.\n(3) 기업회계기준서 제1019호 \'종업원급여\' 개정\n확정급여제도의 변경으로 제도의 개정, 축소, 정산이 되는 경우 제도의 변경 이후 회계기간의 잔여기간에 대한 당기근무원가 및 순이자를 산정하기 위해 순확정급여부채(자산)의 재측정에 사용된 가정을 사용합니다. 또한, 자산인식상한의 영향으로 이전에 인식하지 않은 초과적립액의 감소도 과거근무원가나 정산손익의 일부로 당기손익에 반영합니다. 해당 기준서의 개정이 재무제표에 미치는 중요한 영향은 없습니다.\n(4) 기업회계기준서 제1028호 \'관계기업과 공동기업에 대한 투자\' 개정\n관계기업이나 공동기업에 대한 다른 금융상품(지분법을 적용하지 않는 금융상품)이 기업회계기준서 제1109호의 적용 대상임을 명확히 하였으며, 관계기업이나 공동기업에 대한 순투자의 일부를 구성하는 장기투자지분의 손상 회계처리에 대해서는 기업회계기준서 제1109호를 우선하여 적용하도록 개정하였습니다. 해당 기준서의 개정이 재무제표에 미치는 중요한 영향은 없습니다.\n(5) 기업회계기준해석서 제2123호 \'법인세 처리의 불확실성\' 제정\n제정된 해석서는 기업이 적용한 법인세 처리를 과세당국이 인정할지에 대한 불확실성이 존재하는 경우 당기법인세와 이연법인세 인식 및 측정에 적용하며, 법인세 처리 불확실성의 회계단위와 재평가가 필요한 상황 등에 대한 지침을 포함하고 있습니다. 해당 해석서의 제정이 재무제표에 미치는 중요한 영향은 없습니다.\n(6) 연차개선 2015-2017\n① 기업회계기준서 제1103호 \'사업결합\'\n공동영업과 관련된 자산에 대한 권리와 부채에 대한 의무를 보유하다가 해당 공동영업(사업의 정의 충족)에 대한 지배력을 획득하는 것은 단계적으로 이루어지는 사업결합이므로 취득자는 공동영업에 대하여 이전에 보유하고 있던 지분 전부를 재측정합니다. 해당 기준서의 개정이 재무제표에 미치는 중요한 영향은 없습니다.\n② 기업회계기준서 제1111호 \'공동약정\'\n공동영업에 참여는 하지만 공동지배력을 보유하지 않은 공동영업 당사자가 공동영업에 대한 공동지배력을 획득하는 경우 공동영업에 대하여 이전에 보유하고 있던 지분은 재측정하지 않습니다. 해당 기준서의 개정이 재무제표에 미치는 중요한 영향은 없습니다.\n③ 기업회계기준서 제1012호 \'법인세\'\n기업회계기준서 제1012호 문단 57A의 규정(배당의 세효과 인식시점과 인식항목을 규정)은 배당의 법인세효과 모두에 적용되며, 배당의 법인세효과를 원래 인식하였던 항목에 따라 당기손익, 기타포괄손익 또는 자본으로 인식하도록 개정되었습니다. 해당 기준서의 개정이 재무제표에 미치는 중요한 영향은 없습니다.\n④ 기업회계기준서 제1023호 \'차입원가\'\n적격자산을 의도된 용도로 사용(또는 판매) 가능하게 하는 데 필요한 대부분의 활동이 완료되면, 해당 자산을 취득하기 위해 특정 목적으로 차입한 자금을 일반차입금에포함한다는 사실을 명확히 하였습니다. 해당 기준서의 개정이 재무제표에 미치는 중요한 영향은 없습니다.\n2.2 회계정책요약분기재무제표의 작성에 적용된 유의적 회계정책과 계산방법은 주석 2.1.1에서 설명하는 제ㆍ개정 기준서의 적용으로 인한 변경 및 아래 문단에서 설명하는 사항을 제외하고는 전기 재무제표 작성에 적용된 회계정책이나 계산방법과 동일합니다. 2.2.1 법인세비용\n중간기간의 법인세비용은 전체 회계연도에 대해서 예상되는 최선의 가중평균연간법인세율, 즉 추정평균연간유효법인세율을 중간기간의 세전이익에 적용하여 계산합니다. \n3. 중요한 회계추정 및 가정\n회사는 미래에 대하여 추정 및 가정을 하고 있습니다. 추정 및 가정은 지속적으로 평가되며, 과거 경험과 현재의 상황에서 합리적으로 예측가능한 미래의 사건과 같은 다른 요소들을 고려하여 이루어집니다. 이러한 회계추정은 실제 결과와 다를 수도 있습니다. 요약분기재무제표 작성시 사용된 중요한 회계추정 및 가정은 법인세비용을 결정하는데 사용된 추정의 방법과 아래에서 설명하는 기업회계기준서 제1116호 도입으로 인한 회계추정 및 가정을 제외하고는 전기 재무제표 작성에 적용된 회계추정 및 가정과동일합니다.\n4. 공정가치\n(1) 금융상품의 공정가치\r\n(단위: 천원)\n구분\n당분기말\n전기말\n장부금액\n공정가치\n장부금액\n공정가치\n금융자산(*1)\n \xa0현금및현금성자산\n81,027,602\n81,027,602\n116,124,453\n116,124,453\n \xa0단기금융상품\n71,700,000\n71,700,000\n71,500,000\n71,500,000\n \xa0단기상각후원가채무증권\n23,013\n23,013\n22,587\n22,587\n \xa0단기대여금\n54,896\n54,896\n48,631\n48,631\n \xa0당기손익-공정가치지분상품\n50,393\n50,393\n50,393\n50,393\n \xa0당기손익-공정가치채무상품\n150,000\n150,000\n60,000\n60,000\n \xa0장기상각후원가채무증권\n40,012\n40,012\n37,919\n37,919\n \xa0보증금\n1,920,208\n1,920,208\n2,320,208\n2,320,208\n계\n154,966,124\n154,966,124\n190,164,191\n190,164,191\n금융부채(*1)\n\u3000\n \xa0차입금(*2)\n13,353,333\n13,353,333\n13,764,357\n13,764,357\n \xa0임대보증금\n20,000\n20,000\n20,000\n20,000\n계\n13,373,333\n13,373,333\n13,784,357\n13,784,357\n(*1) 장부금액이 공정가치의 합리적인 근사치인 항목은 공정가치 공시에서 제외하였습니다.(*2) 유동성장기부채와 장기차입금으로 구성됩니다.\n(2) 공정가치 서열체계\n회사는 공정가치를 산정하는 데 사용한 투입변수의 신뢰성에 대한 정보를 제공하기 위하여 금융상품을 기준서에서 정한 세 수준으로 분류합니다.공정가치로 측정되는 금융상품은 공정가치 서열체계에 따라 구분되며 정의된 수준들은 다음과 같습니다.\n-\n활성시장에서 거래되는 금융상품(예: 상장 파생상품 및 지분증권)의 공정가치는 보고기간 말의 공시된 시장가격에 기초합니다. 연결회사가 보유한 금융자산에 사용되는 공시된 시장가격은 현재의 매입가격입니다. 해당 금융상품은 수준 1로분류합니다.\n-\n활성시장에서 거래되지 않는 금융상품(예: 비상장 파생상품)의 공정가치를 산정하는 데에는 관측할 수 있는 시장자료를 최대한으로 사용하고 기업 특유의 추정치는 가능한 한 적게 사용하는 평가기법을 사용합니다. 공정가치 산정에 사용된 모든 유의적인 투입변수를 관측할 수 있다면 해당 금융상품은 수준 2로 분류합니다.\n-\n관측할 수 있는 시장자료를 기초로 하지 않은 하나 이상의 유의적인 투입변수를 사용한 경우 해당 금융상품은 수준 3으로 분류합니다. 이러한 금융상품에는 비상장 지분증권이 있습니다.\n공정가치로 측정되는 금융상품의 공정가치 서열체계 구분은 다음과 같습니다.\n(단위: 천원)\n당분기말\n수준 1\n수준 2\n수준 3\n계\n반복적인 공정가치 측정치\n \xa0당기손익-공정가치금융자산\n-\n42,323,619\n-\n42,323,619\n5. 범주별 금융상품\n(1) 범주별 금융자산 내역\n(단위: 천원)\n구분\n당분기말\n전기말\n상각후원가금융자산\n당기손익-공정가치금융자산\n계\n상각후원가금융자산\n당기손익-공정가치금융자산\n계\n현금및현금성자산\n38,904,376\n42,123,226\n81,027,602\n59,675,791\n56,448,662\n116,124,453\n단기금융상품\n71,700,000\n-\n71,700,000\n71,500,000\n-\n71,500,000\n단기상각후원가채무증권\n23,013\n-\n23,013\n22,587\n-\n22,587\n매출채권\n249,008,543\n-\n249,008,543\n248,781,274\n-\n248,781,274\n미수금\n1,619,933\n-\n1,619,933\n2,920,245\n-\n2,920,245\n미수수익\n907,285\n-\n907,285\n512,236\n-\n512,236\n단기대여금\n54,896\n-\n54,896\n48,631\n-\n48,631\n당기손익-공정가치지분상품\n-\n50,393\n50,393\n-\n50,393\n50,393\n당기손익-공정가치채무상품\n-\n150,000\n150,000\n-\n60,000\n60,000\n장기상각후원가채무증권\n40,012\n-\n40,012\n37,919\n-\n37,919\n보증금\n1,920,208\n-\n1,920,208\n2,320,208\n-\n2,320,208\n계\n364,178,266\n42,323,619\n406,501,885\n385,818,891\n56,559,055\n442,377,946\n(2) 보고기간종료일 현재 금융부채는 모두 상각후원가로 측정하고 있습니다.\n(3) 금융상품 범주별 순손익 내역\r\n(단위: 천원)\n구분\n당분기\n전분기\n대여금 및 수취채권\n \xa0이자수익\n868,838\n592,187\n \xa0수입연체료\n275,093\n327,064\n당기손익-공정가치지분상품\n \xa0배당금수익\n550\n550\n상각후원가채무증권\n \xa0이자수익\n540\n627\n상각후원가로 측정하는 금융부채\n \xa0이자비용\n(101,917)\n(112,163)\n계\n1,043,104\n808,265\n6. 금융자산\n(1) 매출채권 및 손실충당금\n(단위: 천원) \n 구 \xa0 \xa0 분\n당분기말\n전기말\n매출채권 \n249,447,028\n249,117,109\n손실충당금 \n(438,485)\n(335,835)\n매출채권(순액) \n249,008,543\n248,781,274\n7. 유형자산(1) 변동내역\n(단위: 천원)\n구분\n당분기\n전분기\n기초 장부금액\n320,275,132\n316,263,778\n취득\n3,982,062\n3,666,690\n처분\n(344,144)\n(112,096)\n감가상각\n(5,469,685)\n(5,317,470)\n분기말 장부금액\n318,443,365\n314,500,902\n(2) 당분기와 전분기 중 감가상각비가 포함되어 있는 계정과목별 금액은 다음과 같습니다.\n(단위: 천원)\n구분\n당분기\n전분기\n판매비와관리비\n5,421,765\n5,317,470\n매출원가\n47,920\n-\n계\n5,469,685\n5,317,470\n(3) 유형자산의 일부는 차입금과 관련하여 담보로 제공되어 있습니다(주석 17 참조).\n8. 무형자산(1) 변동내역\n(단위: 천원)\n구분\n당분기\n전분기\n기초 장부금액\n10,745,709\n12,340,136\n취득\n70,500\n-\n상각\n(556,459)\n(555,352)\n분기말 장부금액\n10,259,750\n11,784,784\n(2) 당분기 및 전분기의 무형자산상각비는 전액 판매비와관리비에 포함되어 있습니다(주석 13 \xa0참조).9. 유동성장기부채 및 장기차입금(1) 변동내역\n(단위: 천원)\n구분\n당분기\n전분기\n유동성장기부채\n장기차입금\n유동성장기부채\n장기차입금\n기초 장부금액\n1,640,775\n12,123,582\n1,884,553\n12,987,389\n상환\n(437,567)\n-\n(581,522)\n-\n현재가치할인차금의 변동\n663\n25,879\n902\n29,421\n유동성대체\n410,452\n(410,452)\n437,567\n(437,567)\n분기말 장부금액\n1,614,323\n11,739,009\n1,741,500\n12,579,243\n(2) 차입금과 관련하여 유형자산의 일부가 담보로 제공되어 있습니다(주석 17 참조).\n10. 순확정급여부채(1) 순확정급여부채의 산정내역\n(단위: 천원)\n구분\n당분기말\n전기말\n확정급여채무의 현재가치\n26,033,852\n25,583,505\n사외적립자산의 공정가치\n(24,543,236)\n(24,777,468)\n계\n1,490,616\n806,037\n(2) 순확정급여부채 관련 인식 손익\n(단위: 천원)\n구분\n당분기\n전분기\n확정급여제도\n - 당기근무원가\n500,924\n490,237\n - 순이자원가\n6,247\n(18,603)\n - 운영관리수수료\n15,796\n-\n소계\n522,967\n471,634\n확정기여제도\n - 당기납부\n2,931\n2,892\n합계\n525,898\n474,526\n(3) 퇴직급여관련 계정과목 내역\n(단위: 천원)\n구분\n당분기\n전분기\n판매비와관리비\n534,370\n462,199\n매출원가\n5,801\n-\n공급설비\n18,155\n12,327\n계\n558,326\n474,526\n11. 배당금2018년 12월 31일로 종료하는 회계기간에 대한 배당금 4,124백만원은 2019년 3월에 지급되었습니다(전기 지급액 : 3,535백만원).\n12. 비용의 성격별 분류\n(단위: 천원)\n구분\n당분기\n전분기\n상품의 판매\n412,720,902\n438,951,528\n종업원급여\n6,261,752\n6,314,698\n복리후생비\n750,398\n679,670\n감가상각비\n5,421,765\n5,317,470\n무형자산상각비\n556,459\n555,352\n지급수수료\n6,696,168\n5,762,584\n기타\n1,480,634\n1,338,087\n매출원가 및 판매비와관리비 계\n433,888,078\n458,919,389\n13. 판매비와관리비\n(단위: 천원)\n구분\n당분기\n전분기\n급여\n5,727,382\n5,852,499\n퇴직급여\n534,370\n462,199\n복리후생비\n750,398\n679,670\n회의비\n3,078\n2,972\n여비교통비\n99,040\n105,658\n교육훈련비\n33,177\n25,795\n접대비\n72,385\n80,186\n도서인쇄비\n37,675\n47,769\n통신비\n90,786\n100,119\n지급수수료\n6,696,168\n5,762,584\n소모품비\n37,341\n35,966\n차량유지비\n54,354\n59,832\n대손상각비\n102,650\n-\n광고선전비\n76,250\n94,475\n세금과공과\n90,558\n77,195\n수도광열비\n322,656\n328,385\n임차료\n122,176\n115,375\n보험료\n65,911\n64,499\n감가상각비\n5,421,765\n5,317,470\n무형자산상각비\n556,459\n555,352\n안전관리비\n73,843\n77,883\n수선유지비\n76,224\n121,978\n계\n21,044,646\n19,967,861\n14. 기타수익 및 기타비용(1) 기타수익의 내역\n(단위: 천원)\n구분\n당분기\n전분기\n유형자산처분이익\n100,377\n61,887\n국고보조금수익\n26,544\n30,323\n잡이익\n124,416\n69,435\n계\n251,337\n161,645\n(2) 기타비용의 내역\n(단위: 천원)\n구분\n당분기\n전분기\nG/M교체비\n471,442\n-\n유형자산처분손실\n189,109\n93,447\n기부금\n29,938\n27,968\n소송충당부채전입액\n-\n119,021\n잡손실\n14,700\n10,418\n계\n705,189\n250,854\n15. 금융수익 및 금융비용(1) 금융수익의 내역\n(단위: 천원)\n구분\n당분기\n전분기\n이자수익\n869,378\n592,815\n수입배당금\n27,925\n27,925\n수입연체료\n275,093\n327,063\n계\n1,172,396\n947,803\n(2) 금융비용의 내역\n(단위: 천원)\n구분\n당분기\n전분기\n이자비용\n101,917\n112,163\n16. 법인세비용 및 이연법인세법인세비용은 전체 회계연도에 대해서 예상되는 최선의 가중평균 연간법인세율의 추정에 기초하여 인식하였습니다. 2019년 12월 31일로 종료하는 회계연도의 예상평균연간법인세율은 24.5%(2018년 3월 31일에 예상된 전기의 예상평균연간법인세율 : 22.1%)입니다.\n17. 우발부채와 약정사항(1) 천연가스 수급계약회사는 한국가스공사와의 천연가스수급계약과 관련하여 회사가 천연가스 매입대금을 지급기한까지 지불하지 못하는 등의 사유 발생시, 도시가스대금 입금계좌 예금채권을 한국가스공사에 양도하는 별도계약을 체결 할 수 있으나, 현재 예금채권양수도 계약은 체결되어 있지 않습니다.\r\n(2) 금융기관과 체결한 주요 금융거래 약정 사항\n(단위: 천원)\n내 역\n금융기관\n당분기말\n전기말\n약정한도\n사용금액\n약정한도\n사용금액\n구매카드\n삼성카드\n13,000,000\n1,218,506\n13,000,000\n4,266,212\n(3) 보고기간종료일 현재 금융기관과의 한도차입약정은 없습니다.\n(4) 타인에게 제공하고 있는 지급보증의 내역\n(단위: 천원)\n구분\n제공받는 자\n연대보증처\n보증금액\n당분기말\n전기말\n차입금 지급보증\n(주)케이디파워텍\nKB국민은행\n7,684,050\n7,684,050\n회사는 기타특수관계자인 (주)케이디파워텍의 차입금과 관련하여 월간 SMP가격이 3개월 연속 115원/kWh이하이고 부채상환적립금 잔액이 상환원리금보다 부족할 경우에는 100억원의 예금을 질권설정하는 특별약정을 제공하고 있습니다.(5) 타인으로부터 제공받고 있는 지급보증의 내역\n(단위: 천원)\n지급보증 제공자\n내역\n보증금액\n당분기말\n전기말\n서울보증보험(주)\n공사이행 및 인허가 등\n2,719,353\n4,012,328\n(6) 담보제공내역\n(단위: 천원)\n1) 당분기말\n담보제공자산\n장부금액\n담보설정금액\n관련 계정과목\n담보권자\n토지, 건물\n9,324,942\n8,500,000\n차입금\nKB국민은행\n2) 전기말\r\n담보제공자산\n장부금액\n담보설정금액\n관련 계정과목\n담보권자\n토지, 건물\n9,399,821\n8,500,000\n차입금\nKB국민은행\n(7) 계류중인 소송사건의 내역\n(단위: 천원)\n소송명\n원고\n피고\n소송가액\n비고\n토지인도\n개인\n회사\n11,440\n1심 진행 중\n(8) 상법 제530조의9 제1항의 규정에 의거 분할로 인하여 분할되는 회사 또는 분할신설회사는 분할되는 회사의 분할 전의 채무에 관하여 연대하여 변제할 책임을 부담합니다.\n18. 주당분기순이익\n당분기 및 전분기의 주당순이익 산출내역은 다음과 같습니다.\n구분\n당분기\n전분기\n가. 보통주 분기순이익\n10,997,773,445원\n14,447,636,240원\n나. 가중평균유통보통주식수(*)\r\n4,713,375주\n4,713,375주\n다. 기본주당순이익(가/나)\n2,333원\n3,065원\n(*) 발행주식 중 회사의 자기주식 보유분을 제외하였습니다.회사는 당분기 및 전분기 중 중단사업이 존재하지 않으므로, 주당순이익과 주당계속사업이익은 동일합니다. 또한, 회사는 잠재적 보통주가 존재하지 않으므로 희석주당순이익은 기본주당순이익과 동일합니다.\n19. 특수관계자와의 거래(1) 종속기업 현황\n구분\n지분율(%)\n당분기말\n전기말\n경동강남고객서비스(주)\n55.00\n55.00\n경동강북고객서비스(주)\n85.00\n85.00\n경동강동고객서비스(주)\n70.00\n70.00\n경동양산고객서비스(주)\n85.00\n85.00\n(2) 기타 특수관계자 현황\n구분\n당분기말\n전기말\n지배기업\n(주)경동홀딩스\n(주)경동홀딩스\n유의적인 영향력을 행사하는 회사\n(주)경동인베스트\n(주)경동인베스트\n기타특수관계자\n(주)경동에너아이(주)경동이앤에스(주)경동건설(주)케이디파워텍(주)경동(주)경동바이오테크(주)그린바이오매스Kyungdong Australia Pty Ltd.(주)경동개발(주)경동월드와이드(주)원진월드와이드Wyong Areas Coal Joint Venture(주)경동나비엔(주)경동에버런\n(주)경동에너아이(주)경동이앤에스(주)경동건설(주)케이디파워텍(주)경동(주)경동바이오테크(주)그린바이오매스Kyungdong Australia Pty Ltd.(주)경동개발(주)경동월드와이드(주)원진월드와이드Wyong Areas Coal Joint Venture(주)경동나비엔(주)경동에버런\n개인 등\n주주 및 주요 경영진\n주주 및 주요 경영진\n(3) 특수관계자와의 거래내역1) 당분기 및 당분기말\n(단위: 천원)\n회사명\n매출 등\n매입 등\n채권\n채무\n매출(*1)\n배당금 수령(*3)\n매입(*2)\n배당금 지급(*3)\n지배기업\n \xa0(주)경동홀딩스\n-\n-\n-\n401,881\n-\n-\n유의적인 영향력을 행사하는 회사\n\u3000\n\u3000\n\u3000\n\u3000\n\u3000\n\u3000\n \xa0(주)경동인베스트\n-\n-\n448,454\n1,446,117\n-\n-\n종속기업\n\u3000\n\u3000\n\u3000\n\u3000\n\u3000\n\u3000\n \xa0경동강남고객서비스(주)\n-\n5,500\n836,963\n-\n-\n308,929\n \xa0경동강북고객서비스(주)\n900\n8,500\n615,075\n-\n-\n236,369\n \xa0경동강동고객서비스(주)\n-\n7,000\n622,911\n-\n-\n227,183\n \xa0경동양산고객서비스(주)\n1,977\n6,375\n692,355\n-\n310\n264,500\n기타 특수관계자\n\u3000\n\u3000\n\u3000\n\u3000\n\u3000\n\u3000\n \xa0(주)경동이앤에스\n3,336\n-\n1,661,118\n-\n1,083\n1,307,581\n \xa0(주)경동월드와이드\n70,803\n-\n-\n-\n52,890\n-\n \xa0(주)경동나비엔\n-\n-\n14,320\n71,067\n-\n35,860\n계\n77,016\n27,375\n4,891,196\n1,919,065\n54,283\n2,380,422\n2) 전분기 및 전기말\n(단위: 천원)\n회사명\n매출 등\n매입 등\n채권\n채무\n매출(*1)\n배당금 수령(*3)\n매입(*2)\n배당금 지급(*3)\n지배기업\n \xa0(주)경동홀딩스\n-\n-\n-\n597,502\n-\n-\n유의적인 영향력을 행사하는 회사\n \xa0(주)경동인베스트\n-\n-\n24,879\n708,859\n-\n566,936\n종속기업\n \xa0경동강남고객서비스(주)\n-\n5,500\n759,543\n-\n-\n294,040\n \xa0경동강북고객서비스(주)\n900\n8,500\n548,333\n-\n-\n227,069\n \xa0경동강동고객서비스(주)\n-\n7,000\n553,854\n-\n-\n222,105\n \xa0경동양산고객서비스(주)\n1,986\n6,375\n592,164\n-\n395\n252,320\n기타 특수관계자\n \xa0(주)경동이앤에스\n2,519\n-\n1,212,229\n-\n-\n6,109,095\n \xa0(주)경동월드와이드\n44,912\n-\n-\n-\n16,910\n-\n \xa0(주)경동나비엔\n-\n-\n41,005\n60,915\n-\n65,626\n계\n50,317\n27,375\n3,732,007\n1,367,276\n17,305\n7,737,191\n(*1) 재화의 판매와 용역의 제공이 포함되어 있습니다.(*2) 재화와 용역의 구입이 포함되어 있습니다.(*3) 배당으로 인한 거래는 배당결의일 기준으로 분류되어 있습니다.\n회사는 (주)케이디파워텍의 차입금과 관련하여 연대보증 및 특별약정을 제공하고 있습니다(주석 17 참조).\n20. 영업으로부터 창출된 현금당분기 및 전분기 중 영업활동으로부터 창출된 현금흐름은 다음과 같습니다.\n(단위: 천원)\n구분\n당분기\n전분기\n분기순이익\n10,997,773\n14,447,636\n조정\n퇴직급여\n504,812\n462,199\n대손상각비\n102,650\n-\n감가상각비\n5,469,685\n5,317,470\n무형자산상각비\n556,459\n555,352\n유형자산처분손실\n189,109\n93,447\n이자비용\n101,917\n112,163\n법인세비용\n3,563,663\n4,093,064\n공사부담금수익\n(948,031)\n(935,464)\n유형자산처분이익\n(100,377)\n(61,887)\n국고보조금수익\n(26,544)\n(30,323)\n이자수익\n(869,378)\n(592,815)\n배당금수익\n(27,925)\n(27,925)\n소계\n8,516,040\n8,985,281\n영업활동으로 인한 자산부채의 변동\n매출채권\n(329,920)\n19,534,481\n미수금\n1,300,312\n2,059,347\n선급금\n66,750\n(137,762)\n선급비용\n(15,520)\n(9,674)\n재고자산\n(165,976)\n(240,237)\n매입채무\n(41,262,194)\n3,245,621\n미지급금\n(4,234,783)\n2,824,999\n예수금\n(1,103,372)\n(371,159)\n확정급여부채\n(244,248)\n(2,891)\n사외적립자산\n405,861\n-\n이연수익\n517,522\n223,611\n소계\n(45,065,568)\n27,126,336\n합계\n(25,551,755)\n50,559,253\n21. 영업부문\n당분기 중 회사 매출액의 10% 이상을 차지하는 외부고객은 다음과 같습니다.\n(단위: 천원)\n구분\n당분기\n주요고객 A\n50,957,351\n22. 재무위험관리회사는 여러 활동으로 인하여 시장위험(환위험, 공정가치 이자율 위험, 현금흐름 이자율 위험 및 가격위험), 신용위험 및 유동성 위험과 같은 다양한 금융 위험에 노출되어 있습니다. 회사는 전반적인 위험관리 프로그램은 금융시장의 예측불가능성에 초점을 맞추고 있으며 재무성과에 잠재적으로 불리할 수 있는 효과를 최소화하는데 중점을 두고 있습니다. 회사의 위험관리는 이사회에서 승인한 정책에 따라 이루어지고있습니다.\r\n회사의 위험관리부서 및 기타 위험관리정책에는 전기말 이후 중요한 변동사항이 없습니다.\n23. 영업활동의 계절적인 특성회사의 주요 영업활동인 천연가스 판매는 동절기(12월 ~ 익년 3월)에 집중되는 계절적 특성을 보입니다. 따라서, 2019년 3월 31일로 종료하는 회계기간 동안의 영업활동이 2019년 12월 31일로 종료되는 회계연도에 대한 회사의 영업활동을 충분하게 설명하고 있지 아니할 수 있습니다.\n6. 기타 재무에 관한 사항\n1. 대손충당금 설정현황(연결기준)\n(1) 최근 3사업연도의 계정과목별 대손충당금 설정내역  \xa0 \xa0 \xa0 \xa0 \xa0 \xa0 \xa0 \xa0 \xa0 \xa0 \xa0 \xa0 \xa0 \xa0 \xa0 \xa0 \xa0 \xa0 \xa0 \xa0 \xa0 \xa0 \xa0 \xa0 \xa0 \xa0 \xa0 \xa0 \xa0 \xa0 \xa0 \xa0 \xa0 \xa0 \xa0 \xa0 \xa0 \xa0 \xa0 \xa0 \xa0 \xa0 \xa0 \xa0 \xa0 \xa0 \xa0 \xa0 \xa0(단위 : 백만원)\r\n구 분\n계정과목\n채권 총액\n대손충당금\n대손충당금설정률\n제3기 1분기\n매출채권\n249,448\n439\n0.18%\n제2기\n매출채권\n249,114\n336\n0.13%\n제1기\n매출채권\n263,648\n-\n-\n※ K-IFRS 제1109호에 따라 2018 사업연도부터 손상채권 및 정상채권 중 회수불가능 예상금액을 대손충당금으로 설정함.\n(2) 최근 3사업연도의 대손충당금 변동현황  \xa0 \xa0 \xa0 \xa0 \xa0 \xa0 \xa0 \xa0 \xa0 \xa0 \xa0 \xa0 \xa0 \xa0 \xa0 \xa0 \xa0 \xa0 \xa0 \xa0 \xa0 \xa0 \xa0 \xa0 \xa0 \xa0 \xa0 \xa0 \xa0 \xa0 \xa0 \xa0 \xa0 \xa0 \xa0 \xa0 \xa0 \xa0 \xa0 \xa0 \xa0 \xa0 \xa0 \xa0 \xa0 \xa0 \xa0 \xa0 \xa0(단위 : 백만원)\r\n구 \xa0 \xa0 분\n제3기 1분기\n제2기\n제1기\n1. 기초 대손충당금 잔액합계\n \xa0 \xa0 \xa0 \xa0 \xa0 \xa0 \xa0 \xa0 336 \n \xa0 \xa0 \xa0 \xa0 \xa0 \xa0 \xa0 \xa0 \xa0 \xa0- \n \xa0 \xa0 \xa0 \xa0 \xa0 \xa0 \xa0 \xa0 \xa0 \xa0- \n2. 순대손처리액(①－②±③)\n \xa0 \xa0 \xa0 \xa0 \xa0 \xa0 \xa0 \xa0 \xa0 \xa0- \n \xa0 \xa0 \xa0 \xa0 \xa0 \xa0 \xa0 \xa0 \xa0 \xa0- \n \xa0 \xa0 \xa0 \xa0 \xa0 \xa0 \xa0 \xa0 \xa0 \xa0- \n ① 대손처리액(상각채권액)\n \xa0 \xa0 \xa0 \xa0 \xa0 \xa0 \xa0 \xa0 \xa0 \xa0- \n \xa0 \xa0 \xa0 \xa0 \xa0 \xa0 \xa0 \xa0 \xa0 \xa0- \n \xa0 \xa0 \xa0 \xa0 \xa0 \xa0 \xa0 \xa0 \xa0 \xa0- \n ② 상각채권회수액\n \xa0 \xa0 \xa0 \xa0 \xa0 \xa0 \xa0 \xa0 \xa0 \xa0- \n \xa0 \xa0 \xa0 \xa0 \xa0 \xa0 \xa0 \xa0 \xa0 \xa0- \n \xa0 \xa0 \xa0 \xa0 \xa0 \xa0 \xa0 \xa0 \xa0 \xa0- \n ③ 기타증감액\n \xa0 \xa0 \xa0 \xa0 \xa0 \xa0 \xa0 \xa0 \xa0 \xa0- \n \xa0 \xa0 \xa0 \xa0 \xa0 \xa0 \xa0 \xa0 \xa0 \xa0- \n \xa0 \xa0 \xa0 \xa0 \xa0 \xa0 \xa0 \xa0 \xa0 \xa0- \n3. 대손상각비 계상(환입)액\n103\n336\n \xa0 \xa0 \xa0 \xa0 \xa0 \xa0 \xa0 \xa0 \xa0 \xa0- \n4. 기말 대손충당금 잔액합계\n439\n336\n \xa0 \xa0 \xa0 \xa0 \xa0 \xa0 \xa0 \xa0 \xa0 \xa0- \n1) 매출채권관련 대손충당금 설정방침 \xa0 부도,폐업등 객관적인 대손인식사유가 있는 경우에만 대손충당금을 설정. \xa0- 파산, 부도, 강제집행, 사업의 폐지, 채무자의 사망, 실종 등 행방불명으로 \xa0 \xa0 인해 채권의 회수불능이 객관적으로 입증된 경우 \xa0- 소송(최종심)에 패소하였거나 법적 청구권이 소멸한 경우 \xa0- 외부 채권회수 전문기관이 회수가 불가능하다고 통지한 경우 \xa0- 회수에 따른 비용이 채권금액을 초과하는 경우 \xa0- 채권회수에 대한 분쟁이 3년 이상 지속된 경우\n(3) 당해 사업연도말 현재 경과기간별 매출채권잔액 현황  \xa0 \xa0 \xa0 \xa0 \xa0 \xa0 \xa0 \xa0 \xa0 \xa0 \xa0 \xa0 \xa0 \xa0 \xa0 \xa0 \xa0 \xa0 \xa0 \xa0 \xa0 \xa0 \xa0 \xa0 \xa0 \xa0 \xa0 \xa0 \xa0 \xa0 \xa0 \xa0 \xa0 \xa0 \xa0 \xa0 \xa0 \xa0 \xa0 \xa0 \xa0 \xa0 \xa0 \xa0 \xa0 \xa0 \xa0 \xa0 \xa0(단위 : 백만원)\r\n구 \xa0분\n정상채권\n회수기일 경과채권\n합 \xa0 계\n6월 이하\n6월 초과1년 이하\n1년 초과3년 이하\n3년 초과\n매출채권\n235,276\n9,933\n241\n3,853\n145\n249,448\n구성비율\n94.32%\n3.98%\n0.10%\n1.54%\n0.06%\n100.00%\n2. 재고자산의 보유 및 실사내역 등(연결기준)\n(1) 최근 3사업연도의 재고자산의 사업부문별 보유현황  \xa0 \xa0 \xa0 \xa0 \xa0 \xa0 \xa0 \xa0 \xa0 \xa0 \xa0 \xa0 \xa0 \xa0 \xa0 \xa0 \xa0 \xa0 \xa0 \xa0 \xa0 \xa0 \xa0 \xa0 \xa0 \xa0 \xa0 \xa0 \xa0 \xa0 \xa0 \xa0 \xa0 \xa0 \xa0 \xa0 \xa0 \xa0 \xa0 \xa0 \xa0 \xa0 \xa0 \xa0 \xa0 \xa0 \xa0 \xa0 \xa0(단위 : 백만원)\r\n계정과목\n제3기1분기\n제2기\n제1기\n비고\n상품\n226\n223\n230\n저장품\n1,240\n1,077\n881\n합계\n1,466\n1,300\n1,111\n총자산대비 재고자산 구성비율(%)[재고자산합계÷기말자산총계×100]\n0.20%\n0.17%\n0.16%\n재고자산회전율(회수)[연환산 매출원가÷{(기초재고＋기말재고)÷2}]\n1,194.01회\n1,228.14회\n873.25회\n(2) 재고자산의 실사내역 등\n가. 상품(LNG)\n구 \xa0 분\n적 \xa0 \xa0요\n1. 실사일자\n매월 말일 24:00 시점으로 계량기 지침의 확인으로 재고실사를 갈음하고 있음.\n2. 재고실사시 독립성\n한국가스공사의 배관과 당사 배관의 접점에 설치된 계량기 지침숫자에 대해 한국가스공사의 직원과 당사 직원이 상호 확인하여 최종확인시점의 지침숫자와 전월말 확인시점의 지침숫자를 기준으로 매월의 송출량(공급량)을 확인하고 있으며, 이러한 상호확인의 증거로서 한국가스공사와 당사 직원간에 지침의 숫자와 공급량을 기재한 도시가스 공급물량확인서를 작성하여 상호간 서명날인하고 있음.\n3. 장기체화재고등 현황\n재고자산의 거의 모두는 LNG(상품)로서 한국가스공사의 공급배관과 당사의 공급배관이 직접 연결되어 당사의 매출처에 연속적으로 계속 공급되므로 장기체화 또는 진부화 등의 가능성은 없음.\n4. 기타사항\n당사의 주된 재고자산인 LNG(상품)는 미검침재고 및 당사 공급배관 내의 관내재고로 구성되어 있음. \n나. 상품(기타) 및 저장품\n구 \xa0 분\n적 \xa0 \xa0요\n1. 실사일자\n2018년 7월 9일, 2019년 1월 9일\n2. 재고실사시 전문기관 \xa0참여 및 입회 여부\n외부감사인은 회사의 재고실사에 입회하지 않으며, 재경팀에서항목별 그 실재성 및 완전성을 확인함.\n3. 장기체화재고등 현황\n해당사항없음\n4. 기타사항\n해당사항없음\n3. 공정가치평가 절차요약\n1) 금융자산\n(1) 분류\n2018년 1월 1일부터 연결회사는 다음의 측정 범주로 금융자산을 분류합니다.\n- 당기손익-공정가치 측정 금융자산\n- 기타포괄손익-공정가치 금융자산\n- 상각후원가 측정 금융자산\n금융자산은 금융자산의 관리를 위한 사업모형과 금융자산의 계약상 현금흐름 특성에근거하여 분류합니다.\n공정가치로 측정하는 금융자산의 손익은 당기손익 또는 기타포괄손익으로 인식합니다. 채무상품에 대한 투자는 해당 자산을 보유하는 사업모형에 따라 그 평가손익을 당기손익 또는 기타포괄손익으로 인식합니다. 연결회사는 금융자산을 관리하는 사업모형을 변경하는 경우에만 채무상품을 재분류합니다. \n단기매매항목이 아닌 지분상품에 대한 투자는 최초 인식시점에 후속적인 공정가치 변동을 기타포괄손익으로 표시할 것을 지정하는 취소불가능한 선택을 할 수 있습니다. 지정되지 않은 지분상품에 대한 투자의 공정가치 변동은 당기손익으로 인식합니다.\n(2) 측정\n연결회사는 최초 인식시점에 금융자산을 공정가치로 측정하며, 당기손익-공정가치 측정 금융자산이 아닌 경우에 해당 금융자산의 취득과 직접 관련되는 거래원가는 공정가치에 가산합니다. 당기손익-공정가치 측정 금융자산의 거래원가는 당기손익으로 비용처리합니다. \n내재파생상품을 포함하는 복합계약은 계약상 현금흐름이 원금과 이자로만 구성되어 있는지를 결정할 때 해당 복합계약 전체를 고려합니다.\n① 채무상품\n금융자산의 후속적인 측정은 금융자산의 계약상 현금흐름 특성과 그 금융자산을 관리하는 사업모형에 근거합니다. 연결회사는 채무상품을 다음의 세 범주로 분류합니다. (가) 상각후원가계약상 현금흐름을 수취하기 위해 보유하는 것이 목적인 사업모형 하에서 금융자산을 보유하고, 계약상 현금흐름이 원리금만으로 구성되어 있는 자산은 상각후원가로 측정합니다. 상각후원가로 측정하는 금융자산으로서 위험회피관계의 적용 대상이 아닌 금융자산의 손익은 해당 금융자산을 제거하거나 손상할 때 당기손익으로 인식합니다. 유효이자율법에 따라 인식하는 금융자산의 이자수익은 \'금융수익\'에 포함됩니다. (나) 기타포괄손익-공정가치 측정 금융자산계약상 현금흐름의 수취와 금융자산의 매도 둘 다를 통해 목적을 이루는 사업모형 하에서 금융자산을 보유하고, 계약상 현금흐름이 원리금만으로 구성되어 있는 금융자산은 기타포괄손익-공정가치로 측정합니다. 손상차손(환입)과 이자수익 및 외환손익을 제외하고는, 공정가치로 측정하는 금융자산의 평가손익은 기타포괄손익으로 인식합니다. 금융자산을 제거할 때에는 인식한 기타포괄손익누계액을 자본에서 당기손익으로 재분류합니다. 유효이자율법에 따라 인식하는 금융자산의 이자수익은  \'금융수익\'에 포함됩니다. 외환손익은 \'기타수익 또는 기타비용\'으로 표시하고 손상차손은 \'기타 비용\'으로 표시합니다.  (다) 당기손익-공정가치측정 금융자산상각후원가 측정이나 기타포괄손익-공정가치 측정 금융자산이 아닌 채무상품은 당기손익-공정가치로 측정됩니다. 위험회피관계가 적용되지 않는 당기손익-공정가치 측정 채무상품의 손익은 당기손익으로 인식하고 발생한 기간에 포괄손익계산서에 \'기타수익 또는 기타비용\'으로 표시합니다.\n② 지분상품\n연결회사는 모든 지분상품에 대한 투자를 후속적으로 공정가치로 측정합니다. 공정가치 변동을 기타포괄손익으로 표시할 것을 선택한 장기적 투자목적 또는 전략적 투자목적의 지분상품에 대해 기타포괄손익으로 인식한 금액은 해당 지분상품을 제거할때에도 당기손익으로 재분류하지 않습니다. 이러한 지분상품에 대한 배당수익은 연결회사가 배당을 받을 권리가 확정된 때 \'금융수익\'으로 당기손익으로 인식합니다.\n당기손익-공정가치로 측정하는 금융자산의 공정가치 변동은 포괄손익계산서에 \'기타수익 또는 기타비용\'으로 표시합니다. \xa0기타포괄손익-공정가치로 측정하는 지분상품에대한 손상차손(환입)은 별도로 구분하여 인식하지 않습니다.\n(3) 손상 \n연결회사는 미래전망정보에 근거하여 상각후원가로 측정하거나 기타포괄손익-공정가치로 측정하는 채무상품에 대한 기대신용손실을 평가합니다. 손상 방식은 신용위험의 유의적인 증가 여부에 따라 결정됩니다. 단, 매출채권 및 리스채권에 대해 연결회사는 채권의 최초 인식시점부터 전체기간 기대신용손실을 인식하는 간편법을 적용합니다.\n(4) 인식과 제거\n금융자산의 정형화된 매입 또는 매도는 매매일에 인식하거나 제거합니다. 금융자산은 현금흐름에 대한 계약상 권리가 소멸하거나 금융자산을 양도하고 소유에 따른 위험과 보상의 대부분을 이전한 경우에 제거됩니다.\n연결회사가 금융자산을 양도한 경우라도 채무자의 채무불이행시의 소구권 등으로 양도한 금융자산의 소유에 따른 위험과 보상의 대부분을 연결회사가 보유하는 경우에는 이를 제거하지 않고 그 양도자산 전체를 계속하여 인식하되, 수취한 대가를 금융부채로 인식합니다. 해당 금융부채는 재무상태표에 ""차입금""으로 분류하고 있습니다.\n(5) 금융상품의 상계\n금융자산과 부채는 인식한 자산과 부채에 대해 법적으로 집행가능한 상계권리를 현재 보유하고 있고, 순액으로 결제하거나 자산을 실현하는 동시에 부채를 결제할 의도를 가지고 있을 때 상계하여 재무상태표에 순액으로 표시합니다. 법적으로 집행가능한 상계권리는 미래사건에 좌우되지 않으며, 정상적인 사업과정의 경우와 채무불이행의 경우 및 지급불능이나 파산의 경우에도 집행가능한 것을 의미합니다.\n2) 금융부채\n(1) \xa0분류 및 측정\n연결회사의 당기손익-공정가치 측정 금융부채는 단기매매목적의 금융상품입니다. 주로 단기간 내에 재매입할 목적으로 부담하는 금융부채는 단기매매금융부채로 분류됩니다. 또한, 위험회피회계의 수단으로 지정되지 않은 파생상품이나 금융상품으로부터 분리된 내재파생상품도 단기매매금융부채로 분류됩니다.\n당기손익-공정가치 측정 금융부채, 금융보증계약, 금융자산의 양도가 제거조건을 충족하지 못하는 경우에 발생하는 금융부채를 제외한 모든 비파생금융부채는 상각후원가로 측정하는 금융부채로 분류되고 있으며, 재무상태표 상 ""매입채무"", ""미지급금"" 및 ""차입금"" 등으로 표시됩니다. \n(2) \xa0제거\n금융부채는 계약상 의무가 이행, 취소 또는 만료되어 소멸되거나 기존 금융부채의 조건이 실질적으로 변경된 경우에 재무상태표에서 제거됩니다. 소멸하거나 제3자에게 양도한 금융부채의 장부금액과 지급한 대가(양도한 비현금자산이나 부담한 부채를 포함)의 차액은 당기손익으로 인식합니다.\n3) 공정가치(1) 금융상품의 공정가치\r\n4.채무증권 발행실적\n(기준일 : \n2019년 03월 31일\n)\n(단위 : 원, %)\n발행회사\n증권종류\n발행방법\n발행일자\n권면총액\n이자율\n평가등급(평가기관)\n만기일\n상환여부\n주관회사\n-\n-\n-\n-\n-\n-\n-\n-\n-\n-\n-\n-\n-\n-\n-\n-\n-\n-\n-\n-\n합 \xa0계\n-\n-\n-\n-\n-\n-\n-\n-\n-\n5.기업어음증권 미상환 잔액\n(기준일 : \n2019년 03월 31일\n)\n(단위 : 원)\n잔여만기\n10일 이하\n10일초과30일이하\n30일초과90일이하\n90일초과180일이하\n180일초과1년이하\n1년초과2년이하\n2년초과3년이하\n3년 초과\n합 계\n미상환 잔액\n공모\n-\n-\n-\n-\n-\n-\n-\n-\n-\n사모\n-\n-\n-\n-\n-\n-\n-\n-\n-\n합계\n-\n-\n-\n-\n-\n-\n-\n-\n-\n6. 전자단기사채 미상환 잔액\n(기준일 : \n2019년 03월 31일\n)\n(단위 : 원)\n잔여만기\n10일 이하\n10일초과30일이하\n30일초과90일이하\n90일초과180일이하\n180일초과1년이하\n합 계\n발행 한도\n잔여 한도\n미상환 잔액\n공모\n-\n-\n-\n-\n-\n-\n-\n-\n사모\n-\n-\n-\n-\n-\n-\n-\n-\n합계\n-\n-\n-\n-\n-\n-\n-\n-\n7.회사채 미상환 잔액\n(기준일 : \n2019년 03월 31일\n)\n(단위 : 원)\n잔여만기\n1년 이하\n1년초과2년이하\n2년초과3년이하\n3년초과4년이하\n4년초과5년이하\n5년초과10년이하\n10년초과\n합 계\n미상환 잔액\n공모\n-\n-\n-\n-\n-\n-\n-\n-\n사모\n-\n-\n-\n-\n-\n-\n-\n-\n합계\n-\n-\n-\n-\n-\n-\n-\n-\n8.신종자본증권 미상환 잔액\n(기준일 : \n2019년 03월 31일\n)\n(단위 : 원)\n잔여만기\n1년 이하\n1년초과5년이하\n5년초과10년이하\n10년초과15년이하\n15년초과20년이하\n20년초과30년이하\n30년초과\n합 계\n미상환 잔액\n공모\n-\n-\n-\n-\n-\n-\n-\n-\n사모\n-\n-\n-\n-\n-\n-\n-\n-\n합계\n-\n-\n-\n-\n-\n-\n-\n-\n9.조건부자본증권 미상환 잔액\n(기준일 : \n2019년 03월 31일\n)\n(단위 : 원)\n잔여만기\n1년 이하\n1년초과2년이하\n2년초과3년이하\n3년초과4년이하\n4년초과5년이하\n5년초과10년이하\n10년초과20년이하\n20년초과30년이하\n30년초과\n합 계\n미상환 잔액\n공모\n-\n-\n-\n-\n-\n-\n-\n-\n-\n-\n사모\n-\n-\n-\n-\n-\n-\n-\n-\n-\n-\n합계\n-\n-\n-\n-\n-\n-\n-\n-\n-\n-\n']"
