text
"['\n3. 연결재무제표 주석\n1. 일반사항 (연결)\n보고기업의 명칭 또는 그 밖의 식별 수단\n롯데정밀화학주식회사(이하 ""지배기업"")는 1964년 8월 27일에 설립되었습니다. 또한, 지배기업은 1976년 4월 15일자로 주식을 한국거래소가 개설한 유가증권시장에 상장하였으며, 설립이래 수차의 증자를 거쳐 당분기말 현재 지배기업의 자본금은 129,000백만원이며 최대주주인 롯데케미칼주식회사의 총보유 지분율은 43.50%입니다. 한편, 지배기업은 2016년 2월에 사명을 ""삼성정밀화학주식회사""에서 ""롯데정밀화학주식회사""로 변경하였습니다.\n기업의 영업과 주요 활동의 내용에 대한 설명\n화학비료 및 관련 제품의 제조를 목적으로 하여 울산광역시에 본사를 두고 메셀로스, ECH, AnyCoat 등의 화학제품을 제조ㆍ판매하고 있습니다. \n기업의 기타 정보에 대한 공시\n기업의 기타 정보에 대한 공시\n\u3000\n(단위 : 백만원)\n\u3000\n보통주\n자본금\n129,000\n지배기업의 명칭\n롯데케미칼주식회사\n최대주주가 보유한 소유지분율\n0.4350\n종속기업에 대한 공시\n종속기업에 대한 공시\n당분기말\n\u3000\n\u3000\n\u3000\n주사업장\n주요영업활동\n지배지분율\n비지배지분율\n결산월\n종속기업투자에 대한 추가적인 설명\n전체 종속기업\xa0\nLOTTE Fine Chemical Trading(Shanghai) Co., Ltd.\n중국\n케미칼/그린소재 제품 판매\n1.0000\n0.0000\n2024-12-31\n\u3000\nLOTTE Fine Chemical Europe GmbH\n독일\n그린소재 제품 판매\n1.0000\n0.0000\n2024-12-31\n\u3000\n주식회사 파이넥스\n대한민국\n화학제품 제조\n1.0000\n0.0000\n2024-12-31\n당분기 중 신규 출자하였습니다.\n스카이스크래퍼 롱텀 스트래티직 사모투자 합자회사\n대한민국\n경영참여형 사모집합투자기구\n0.9663\n0.0337\n2024-12-31\n\u3000\n전기말\n\u3000\n\u3000\n\u3000\n주사업장\n주요영업활동\n지배지분율\n비지배지분율\n결산월\n종속기업투자에 대한 추가적인 설명\n전체 종속기업\xa0\nLOTTE Fine Chemical Trading(Shanghai) Co., Ltd.\n중국\n케미칼/그린소재 제품 판매\n1.0000\n0.0000\n2023-12-31\n\u3000\nLOTTE Fine Chemical Europe GmbH\n독일\n그린소재 제품 판매\n1.0000\n0.0000\n2023-12-31\n\u3000\n주식회사 파이넥스\n대한민국\n화학제품 제조\n0.0000\n0.0000\n2023-12-31\n\u3000\n스카이스크래퍼 롱텀 스트래티직 사모투자 합자회사\n대한민국\n경영참여형 사모집합투자기구\n0.9663\n0.0337\n2023-12-31\n\u3000\n종속기업의 재무정보에 대한 공시 (자산, 부채)\n종속기업의 재무정보에 대한 공시\n당분기말\n(단위 : 천원)\n\u3000\n\u3000\n자산\n부채\n전체 종속기업\xa0\nLOTTE Fine Chemical Trading(Shanghai) Co., Ltd.\n1,427,112\n216,878\nLOTTE Fine Chemical Europe GmbH\n23,016,916\n17,889,401\n주식회사 파이넥스\n7,144,313\n6,496,132\n스카이스크래퍼 롱텀 스트래티직 사모투자 합자회사\n75,461,294\n2,188,326\n전기말\n(단위 : 천원)\n\u3000\n\u3000\n자산\n부채\n전체 종속기업\xa0\nLOTTE Fine Chemical Trading(Shanghai) Co., Ltd.\n1,398,148\n269,736\nLOTTE Fine Chemical Europe GmbH\n15,536,434\n11,471,217\n주식회사 파이넥스\n0\n0\n스카이스크래퍼 롱텀 스트래티직 사모투자 합자회사\n96,012,669\n756,921\n종속기업의 재무정보에 대한 공시 (손익)\n\u3000\n종속기업의 재무정보에 대한 공시 (손익)\n당분기\n(단위 : 천원)\n\u3000\n\u3000\n매출액\n분기순손익\n전체 종속기업\xa0\nLOTTE Fine Chemical Trading(Shanghai) Co., Ltd.\n704,876\n32,327\nLOTTE Fine Chemical Europe GmbH\n49,291,521\n924,661\n주식회사 파이넥스\n8,416,728\n548,181\n스카이스크래퍼 롱텀 스트래티직 사모투자 합자회사\n0\n(21,982,779)\n전분기\n(단위 : 천원)\n\u3000\n\u3000\n매출액\n분기순손익\n전체 종속기업\xa0\nLOTTE Fine Chemical Trading(Shanghai) Co., Ltd.\n682,989\n24,852\nLOTTE Fine Chemical Europe GmbH\n35,926,456\n549,274\n주식회사 파이넥스\n0\n0\n스카이스크래퍼 롱텀 스트래티직 사모투자 합자회사\n0\n(15,091,696)\n금융부채로 분류된 비지배지분부채에 대한 기술\n지배기업과 그 종속기업(이하 ""연결실체"")은 종속기업 중 집합투자기구에 대한 비지배지분을 연결재무상태표에서 부채에 포함하여 지배기업 소유주지분과는 구분하여 표시합니다. 존속기한이 한정적인 발행자가 청산하는 경우에만 거래상대방에게 지분비율에 따라 발행자 순자산을 인도하는 금융상품은 연결재무제표에서는 잔여지분이 아닌 바, 비지배지분을 금융부채로 분류하였습니다.\n금융부채로 분류된 비지배지분부채의 변동 내역에 대한 공시\n비지배지분부채 평가손익은 종속기업인 집합투자기구의 업무집행사원에 대한 관리보수(투자잔액 평잔에 대하여 약정된 관리보수 요율 적용) 및 회사재산의 분배 시점의 성과보수(기준수익률을 초과한 수익 중 약정된 성과보수 요율 적용)를 고려하여 인식되었습니다.\n금융부채로 분류된 비지배지분부채의 변동 내역에 대한 공시\n당분기\n(단위 : 천원)\n\u3000\n비지배지분부채\n기초\n3,205,875\n평가손익\n(739,840)\n분기말\n2,466,035\n전분기\n(단위 : 천원)\n\u3000\n비지배지분부채\n기초\n4,713,734\n평가손익\n(507,917)\n분기말\n4,205,817\n2. 재무제표 작성기준 (연결)\n2.1 회계기준의 적용\n연결실체의 요약분기연결재무제표는 \'주식회사 등의 외부감사에 관한 법률\'에 따라 제정된 한국채택국제회계기준 기업회계기준서 제1034호에 따라 작성되었습니다.\n요약분기연결재무제표는 연차연결재무제표에 기재할 것으로 요구되는 모든 정보 및 주석사항을 포함하고 있지 않으므로, 2023년 12월 31일로 종료되는 회계기간에 대한 연차연결재무제표의 정보도 함께 참고하여야 합니다.\n2.2 제ㆍ개정된 기준서의 적용\n요약분기연결재무제표를 작성하기 위하여 채택한 중요한 회계정책은 다음의 \xa02024년 1월 1일부터 적용되는 기준서를 제외하고는 2023년 12월 31일로 종료되는 회계기간에 대한 연차연결재무제표 작성시 채택한 회계정책과 동일합니다. 연결실체는 공표되었으나 시행되지 않은 기준서, 해석서, 개정사항을 조기적용하지 않았습니다.\n기업회계기준서 제1007호 \'현금흐름표\', 제1107호 \'금융상품:공시\' 개정 - 공급자금융약정\n이 개정사항은 공급자금융약정의 특성을 명확히하고 그러한 약정에 대한 추가 공시를 요구합니다. 이 개정사항의 공시 요구사항은 공급자금융약정이 연결실체의 부채와 현금흐름 및 유동성위험에 미치는 영향을 재무제표이용자가 이해하는데 도움을 주기 위한 것입니다. 경과 규정은 연결실체가 개정사항을 최초로 적용하는 회계연도의 중간보고기간에는 공시할 필요가 없다는 점을 명확히 합니다. 따라서 이 개정사항이 연결실체의 요약분기연결재무제표에 미치는 영향은 없습니다.\n\xa0\n기업회계기준서 제1116호 \'리스\' 개정 - 판매후리스에서 생기는 리스부채\n기업회계기준서 제1116호 \'리스\' 개정사항은 판매자 - 리스이용자가 판매후리스 거래에서 생기는 리스부채 측정 시, 계속 보유하는 사용권에 대해서는 어떠한 차손익 금액도 인식하지 않는다는 요구사항을 명확히 합니다. 이 개정사항이 연결실체의 요약분기연결재무제표에 미치는 영향은 없습니다.\xa0\n기업회계기준서 제1001호 \'재무제표 표시\' 개정 - 부채의 유동ㆍ비유동 분류\n기업회계기준서 제1001호 문단 69~76에 대한 개정사항은 부채의 유동ㆍ비유동 분류에 대한 다음의 요구사항을 명확히 합니다.\nㆍ결제를 연기할 수 있는 권리의 의미ㆍ연기할 수 있는 권리가 보고기간말 현재 존재ㆍ기업이 연기할 수 있는 권리의 행사 가능성은 유동성 분류에 영향을 미치지 않음ㆍ전환부채의 내재파생상품 자체가 지분상품일 경우에만 부채의 조건이 유동성 분류에 영향을 미치지 않음\n또한, 기업이 차입약정으로 인해 발생한 부채를 비유동부채로 분류하고, 결제를 연기할 수 있는 권리가 보고기간 후 12개월 이내에 약정사항을 준수하는지 여부에 좌우될 때, 관련 정보 공시 요구사항이 도입되었습니다. 이 개정사항이 연결실체의 요약분기연결재무제표에 미치는 영향은 없습니다.\n3. 추정과 판단 (연결)\n3.1 경영진의 판단 및 가정과 추정의 불확실성\n한국채택국제회계기준에서는 중간연결재무제표를 작성함에 있어서 회계정책의 적용이나 중간보고기간말 현재 자산, 부채 및 수익, 비용의 보고금액에 영향을 미치는 사항에 대하여 경영진의 최선의 판단을 기준으로 한 추정치와 가정의 사용을 요구하고 있습니다. 중간보고기간말 현재 경영진의 최선의 판단을 기준으로 한 추정치와 가정이 실제 환경과 다를 경우 이러한 추정치와 실제결과는 다를 수 있습니다.분기연결재무제표에서 사용된 연결실체의 회계정책의 적용과 추정금액에 대한 경영진의 판단은 2023년 12월 31일로 종료되는 회계연도의 연차연결재무제표와 동일한 회계정책과 추정의 근거를 사용하였습니다.\n3.2 공정가치 측정연결실체의 공정가치평가 정책과 절차는 2023년 12월 31일로 종료되는 회계연도와 동일합니다.\xa0\n4. 범주별 금융상품 (연결)\n금융자산의 공시\n금융자산의 범주별 공시\n당분기말\n(단위 : 천원)\n\u3000\n\u3000\n상각후원가측정\n당기손익공정가치측정\n기타포괄손익공정가치측정\n금융자산, 범주 \xa0합계\n유동자산\n\u3000\n\u3000\n\u3000\n\u3000\n유동자산\n현금및현금성자산\n363,958,571\n0\n0\n363,958,571\n단기금융자산\n124,311,651\n0\n0\n124,311,651\n매출채권\n250,088,799\n0\n0\n250,088,799\n기타유동금융자산\n5,746,558\n0\n0\n5,746,558\n유동 금융자산 합계\n744,105,579\n0\n0\n744,105,579\n비유동자산\n\u3000\n\u3000\n\u3000\n\u3000\n비유동자산\n장기금융자산\n20,000\n0\n0\n20,000\n당기손익-공정가치측정 금융자산\n0\n75,302,678\n0\n75,302,678\n기타포괄손익-공정가치측정 금융자산\n0\n0\n10,043,410\n10,043,410\n기타비유동금융자산\n202,075,152\n0\n0\n202,075,152\n비유동 금융자산 합계\n202,095,152\n75,302,678\n10,043,410\n287,441,240\n금융자산\n946,200,731\n75,302,678\n10,043,410\n1,031,546,819\n전기말\n(단위 : 천원)\n\u3000\n\u3000\n상각후원가측정\n당기손익공정가치측정\n기타포괄손익공정가치측정\n금융자산, 범주 \xa0합계\n유동자산\n\u3000\n\u3000\n\u3000\n\u3000\n유동자산\n현금및현금성자산\n460,888,467\n0\n0\n460,888,467\n단기금융자산\n7,666,850\n0\n0\n7,666,850\n매출채권\n247,481,580\n0\n0\n247,481,580\n기타유동금융자산\n304,173,439\n0\n0\n304,173,439\n유동 금융자산 합계\n1,020,210,336\n0\n0\n1,020,210,336\n비유동자산\n\u3000\n\u3000\n\u3000\n\u3000\n비유동자산\n장기금융자산\n20,000\n0\n0\n20,000\n당기손익-공정가치측정 금융자산\n0\n95,039,868\n0\n95,039,868\n기타포괄손익-공정가치측정 금융자산\n0\n0\n10,043,410\n10,043,410\n기타비유동금융자산\n2,050,898\n0\n0\n2,050,898\n비유동 금융자산 합계\n2,070,898\n95,039,868\n10,043,410\n107,154,176\n금융자산\n1,022,281,234\n95,039,868\n10,043,410\n1,127,364,512\n금융부채의 공시\n금융부채의 범주별 공시\n당분기말\n(단위 : 천원)\n\u3000\n\u3000\n상각후원가측정\n당기손익공정가치측정\n금융부채, 범주 \xa0합계\n유동부채\n\u3000\n\u3000\n\u3000\n유동부채\n매입채무\n79,930,620\n0\n79,930,620\n기타유동금융부채\n96,657,257\n0\n96,657,257\n단기차입금\n792,209\n0\n792,209\n유동 금융부채 합계\n177,380,086\n0\n177,380,086\n비유동부채\n\u3000\n\u3000\n\u3000\n비유동부채\n기타비유동금융부채\n159,490,243\n2,466,035\n161,956,278\n금융부채\n336,870,329\n2,466,035\n339,336,364\n전기말\n(단위 : 천원)\n\u3000\n\u3000\n상각후원가측정\n당기손익공정가치측정\n금융부채, 범주 \xa0합계\n유동부채\n\u3000\n\u3000\n\u3000\n유동부채\n매입채무\n104,702,285\n0\n104,702,285\n기타유동금융부채\n85,982,216\n0\n85,982,216\n단기차입금\n713,295\n0\n713,295\n유동 금융부채 합계\n191,397,796\n0\n191,397,796\n비유동부채\n\u3000\n\u3000\n\u3000\n비유동부채\n기타비유동금융부채\n6,802,686\n3,205,875\n10,008,561\n금융부채\n198,200,482\n3,205,875\n201,406,357\n5. 매출채권 및 기타금융자산 (연결)\n매출채권 세부사항에 대한 공시\n매출채권 세부사항에 대한 공시\n당분기말\n(단위 : 천원)\n\u3000\n채권액\n대손충당금\n장부금액 \xa0합계\n매출채권\n251,066,228\n(977,429)\n250,088,799\n전기말\n(단위 : 천원)\n\u3000\n채권액\n대손충당금\n장부금액 \xa0합계\n매출채권\n248,459,009\n(977,429)\n247,481,580\n기타금융자산의 내역의 공시\n기타금융자산의 내역의 공시\n당분기말\n(단위 : 천원)\n\u3000\n\u3000\n채권액\n대손충당금\n장부금액 합계\n유동\n7,002,644\n(1,256,086)\n5,746,558\n유동\n미수금\n2,085,132\n(83,599)\n2,001,533\n미수수익\n3,330,025\n0\n3,330,025\n유동성 장기대여금\n1,172,487\n(1,172,487)\n0\n보증금\n415,000\n0\n415,000\n비유동\n202,075,152\n0\n202,075,152\n비유동\n장기대여금\n200,000,000\n0\n200,000,000\n장기미수금\n99,176\n0\n99,176\n장기보증금\n1,975,976\n0\n1,975,976\n기타금융자산\n209,077,796\n(1,256,086)\n207,821,710\n전기말\n(단위 : 천원)\n\u3000\n\u3000\n채권액\n대손충당금\n장부금액 합계\n유동\n305,429,525\n(1,256,086)\n304,173,439\n유동\n미수금\n2,273,057\n(83,599)\n2,189,458\n미수수익\n1,568,981\n0\n1,568,981\n유동성 장기대여금\n301,172,487\n(1,172,487)\n300,000,000\n보증금\n415,000\n0\n415,000\n비유동\n2,050,898\n0\n2,050,898\n비유동\n장기대여금\n0\n0\n0\n장기미수금\n16,704\n0\n16,704\n장기보증금\n2,034,194\n0\n2,034,194\n기타금융자산\n307,480,423\n(1,256,086)\n306,224,337\n6. 재고자산 (연결)\n재고자산 세부내역\n당분기말\n(단위 : 천원)\n\u3000\n취득원가\n평가충당금\n장부금액 합계\n상품\n2,252,322\n0\n2,252,322\n제품\n75,702,892\n(1,230,589)\n74,472,303\n반제품\n95,596,854\n(3,527,905)\n92,068,949\n원재료\n37,057,801\n0\n37,057,801\n저장품\n25,858,148\n0\n25,858,148\n미착품\n48,480,004\n0\n48,480,004\n적송품\n595,920\n0\n595,920\n합계\n285,543,941\n(4,758,494)\n280,785,447\n전기말\n(단위 : 천원)\n\u3000\n취득원가\n평가충당금\n장부금액 합계\n상품\n17,765,252\n0\n17,765,252\n제품\n60,361,136\n(540,111)\n59,821,025\n반제품\n93,479,758\n(3,073,435)\n90,406,323\n원재료\n43,417,546\n0\n43,417,546\n저장품\n26,979,348\n(1,735,124)\n25,244,224\n미착품\n68,809,441\n0\n68,809,441\n적송품\n426,867\n0\n426,867\n합계\n311,239,348\n(5,348,670)\n305,890,678\n매출원가로 반영한 재고자산평가손실(환입)\n\u3000\n매출원가로 반영한 재고자산평가손실(환입)\n당분기\n(단위 : 백만원)\n\u3000\n공시금액\n재고자산평가손실\n1,145\n전분기\n(단위 : 백만원)\n\u3000\n공시금액\n재고자산평가손실\n2,036\n7. 공정가치측정 금융자산 (연결)\n금융자산의 공시\n금융자산의 공시\n당분기말\n(단위 : 천원)\n\u3000\n공시금액\n비유동 당기손익-공정가치측정 금융자산\n75,302,678\n비유동 기타포괄손익-공정가치측정 금융자산\n10,043,410\n공정가치 측정 비유동 금융자산\n85,346,088\n전기말\n(단위 : 천원)\n\u3000\n공시금액\n비유동 당기손익-공정가치측정 금융자산\n95,039,868\n비유동 기타포괄손익-공정가치측정 금융자산\n10,043,410\n공정가치 측정 비유동 금융자산\n105,083,278\n당기손익인식금융자산에 대한 공시\n당기손익인식금융자산에 대한 공시\n당분기말\n(단위 : 천원)\n\u3000\n\u3000\n\u3000\n\u3000\n\u3000\n주식수\n지분율\n장부금액\n당기손익인식금융자산에 대한 추가적인 설명\n금융자산, 분류\xa0\n집합투자기구\n금융자산, 범주\xa0\n당기손익인식금융자산\xa0\n롯데스타트업펀드 1호\n465\n0.0184\n297,024\n당분기 중 조합원총회 특별결의에 따라 출자 원금 일부 분배가 발생하였으며, 지분율 변동은 없습니다.\n스카이레이크 롱텀 스트래티직 인베스트먼트 주식회사\xa0\n58,139,400\n0.4104\n75,005,654\n집합투자기구에 해당하는 스카이스크래퍼 롱텀 스트래티직 사모투자 합자회사를 통하여 보유하고 있는 관계기업투자자산을 당기손익-공정가치측정 항목으로 선택하였고, 이에 따라 연결재무제표상 당기손익-공정가치측정 금융자산으로 표시하였습니다.\n금융자산, 분류 \xa0합계\n\u3000\n\u3000\n75,302,678\n\u3000\n전기말\n(단위 : 천원)\n\u3000\n\u3000\n\u3000\n\u3000\n\u3000\n주식수\n지분율\n장부금액\n당기손익인식금융자산에 대한 추가적인 설명\n금융자산, 분류\xa0\n집합투자기구\n금융자산, 범주\xa0\n당기손익인식금융자산\xa0\n롯데스타트업펀드 1호\n470\n0.0184\n300,218\n\u3000\n스카이레이크 롱텀 스트래티직 인베스트먼트 주식회사\xa0\n58,139,400\n0.4104\n94,739,650\n집합투자기구에 해당하는 스카이스크래퍼 롱텀 스트래티직 사모투자 합자회사를 통하여 보유하고 있는 관계기업투자자산을 당기손익-공정가치측정 항목으로 선택하였고, 이에 따라 연결재무제표상 당기손익-공정가치측정 금융자산으로 표시하였습니다.\n금융자산, 분류 \xa0합계\n\u3000\n\u3000\n95,039,868\n\u3000\n기타포괄손익-공정가치 측정 금융자산에 대한 공시\n기타포괄손익-공정가치 측정 금융자산에 대한 공시\n당분기말\n(단위 : 천원)\n\u3000\n\u3000\n\u3000\n\u3000\n주식수(주)\n지분율\n취득원가\n장부금액\n금융자산, 범주\xa0\n공정가치평가를 기타포괄손익으로 인식하는 금융자산\xa0\n비상장 주식\xa0\n피피지에스에스씨(주)\xa0\n101,749\n0.1999\n35,981,929\n9,701,657\n기타 지분상품\xa0\n\u3000\n\u3000\n341,753\n341,753\n금융자산, 범주 \xa0합계\n\u3000\n\u3000\n36,323,682\n10,043,410\n전기말\n(단위 : 천원)\n\u3000\n\u3000\n\u3000\n\u3000\n주식수(주)\n지분율\n취득원가\n장부금액\n금융자산, 범주\xa0\n공정가치평가를 기타포괄손익으로 인식하는 금융자산\xa0\n비상장 주식\xa0\n피피지에스에스씨(주)\xa0\n101,749\n0.1999\n35,981,929\n9,701,657\n기타 지분상품\xa0\n\u3000\n\u3000\n341,753\n341,753\n금융자산, 범주 \xa0합계\n\u3000\n\u3000\n36,323,682\n10,043,410\n8. 관계기업투자 (연결)\n관계기업에 대한 공시\n관계기업에 대한 공시\n당분기말\n(단위 : 천원)\n\u3000\n\u3000\n주사업장\n지분율\n장부금액\n관계기업과의 관계의 성격에 대한 기술\n관계기업투자주식\n롯데케미칼이노베이션펀드 2호\n대한민국\n0.2285\n2,753,332\n해당 회사에 유한책임사원으로서 22.85% 지분을 투자하여 유의적인 영향력을 보유함에 따라 관계기업투자로 분류하였습니다.\n전기말\n(단위 : 천원)\n\u3000\n\u3000\n주사업장\n지분율\n장부금액\n관계기업과의 관계의 성격에 대한 기술\n관계기업투자주식\n롯데케미칼이노베이션펀드 2호\n대한민국\n0.2285\n2,805,174\n해당 회사에 유한책임사원으로서 22.85% 지분을 투자하여 유의적인 영향력을 보유함에 따라 관계기업투자로 분류하였습니다.\n관계기업의 장부금액 변동내역\n\u3000\n관계기업의 장부금액 변동내역\n당분기\n(단위 : 천원)\n\u3000\n관계기업\n기초\n2,805,174\n지분법손익\n(51,842)\n분기말\n2,753,332\n전분기\n(단위 : 천원)\n\u3000\n관계기업\n기초\n2,813,895\n지분법손익\n(51,968)\n분기말\n2,761,927\n9. 공동기업투자 (연결)\n공동약정의 지분에 대한 공시\n공동기업에 대한 공시\n연결실체가 공동지배력을 보유하고 있는 모든 공동약정들은 별도의 회사를 통하여 구조화되었으며, 공동약정에 대하여 공동지배력을 보유하는 당사자들이 약정의 순자산에 대한 권리를 보유하고 있다고 판단하여 공동기업으로 분류하고 있습니다.\n공동기업에 대한 공시\n당분기말\n(단위 : 천원)\n\u3000\n\u3000\n주사업장\n지분율\n장부금액\n공동기업과의 관계의 성격에 대한 기술\n전체 공동기업\xa0\n롯데이네오스화학주식회사\n대한민국\n0.4906\n302,595,528\n연결실체의 지분율이 50% 미만이나, 약정 등에 의하여 공동지배력을 보유하고 있어 공동기업투자로 분류하였습니다.\n전기말\n(단위 : 천원)\n\u3000\n\u3000\n주사업장\n지분율\n장부금액\n공동기업과의 관계의 성격에 대한 기술\n전체 공동기업\xa0\n롯데이네오스화학주식회사\n대한민국\n0.4906\n322,755,828\n연결실체의 지분율이 50% 미만이나, 약정 등에 의하여 공동지배력을 보유하고 있어 공동기업투자로 분류하였습니다.\n공동기업의 장부금액 변동내역\n\u3000\n공동기업의 장부금액 변동내역\n당분기\n(단위 : 천원)\n\u3000\n공동기업\n기초\n322,755,828\n지분법손익\n14,929,611\n지분법자본변동\n166,827\n배당\n(35,256,738)\n분기말\n302,595,528\n지분법을 사용하여 회계처리하는 공동기업의 자본변동에 대한 지분 상세\n공동기업 확정급여제도의 재측정요소 등이 포함된 금액입니다.\n전분기\n(단위 : 천원)\n\u3000\n공동기업\n기초\n328,822,822\n지분법손익\n38,505,669\n지분법자본변동\n(1,177)\n배당\n(50,737,917)\n분기말\n316,589,397\n지분법을 사용하여 회계처리하는 공동기업의 자본변동에 대한 지분 상세\n공동기업 확정급여제도의 재측정요소 등이 포함된 금액입니다.\n10. 유형자산 (연결)\n유형자산의 변동\n유형자산의 변동\n당분기\n(단위 : 천원)\n\u3000\n\u3000\n기초\n취득\n처분\n감가상각비\n대체\n외환차이\n분기말\n대체증감에 대한 추가설명, 유형자산\n유형자산\xa0\n토지\n47,176,296\n0\n0\n0\n9,759,787\n0\n56,936,083\n\u3000\n건물\n142,274,123\n0\n0\n(5,152,202)\n29,058,739\n0\n166,180,660\n\u3000\n구축물\n64,514,639\n0\n(1)\n(5,076,459)\n9,226,650\n0\n68,664,829\n\u3000\n기계장치\n417,294,244\n0\n(122,683)\n(77,521,525)\n55,206,751\n0\n394,856,787\n\u3000\n차량운반구\n66,870\n0\n(3)\n(53,555)\n0\n0\n13,312\n\u3000\n공구와기구\n3,768,063\n0\n(6)\n(950,699)\n147,750\n919\n2,966,027\n\u3000\n비품\n11,419,816\n6,012\n(80)\n(3,777,048)\n5,180,919\n1,136\n12,830,755\n\u3000\n건설중인자산\n97,608,848\n157,927,013\n0\n0\n(113,203,014)\n0\n142,332,847\n\u3000\n유형자산 \xa0합계\n784,122,899\n157,933,025\n(122,773)\n(92,531,488)\n(4,622,418)\n2,055\n844,781,300\n무형자산으로 대체 및 투자부동산으로부터 대체되었습니다.\n전분기\n(단위 : 천원)\n\u3000\n\u3000\n기초\n취득\n처분\n감가상각비\n대체\n외환차이\n분기말\n대체증감에 대한 추가설명, 유형자산\n유형자산\xa0\n토지\n41,687,467\n0\n(1,868)\n0\n5,378,776\n0\n47,064,375\n\u3000\n건물\n146,831,981\n0\n0\n(4,749,310)\n1,840,510\n0\n143,923,181\n\u3000\n구축물\n68,018,533\n0\n(4)\n(4,921,558)\n1,562,665\n0\n64,659,636\n\u3000\n기계장치\n448,567,182\n0\n(318,866)\n(72,261,595)\n51,655,942\n0\n427,642,663\n\u3000\n차량운반구\n161,633\n0\n(61,421)\n(73,456)\n63,915\n0\n90,671\n\u3000\n공구와기구\n3,581,667\n3,041\n(11)\n(938,479)\n1,023,975\n1,570\n3,671,763\n\u3000\n비품\n10,207,703\n4,865\n(144)\n(3,083,441)\n4,492,271\n1,059\n11,622,313\n\u3000\n건설중인자산\n79,544,312\n44,643,024\n0\n0\n(65,277,491)\n0\n58,909,845\n\u3000\n유형자산 \xa0합계\n798,600,478\n44,650,930\n(382,314)\n(86,027,839)\n740,563\n2,629\n757,584,447\n무형자산으로의 대체액과 재고자산으로부터의 대체액이 포함되어 있습니다.\n11. 투자부동산 (연결)\n투자부동산의 변동\n투자부동산의 변동\n당분기\n(단위 : 천원)\n\u3000\n\u3000\n기초\n대체\n감가상각비\n분기말\n대체증감에 대한 추가설명, 투자부동산\n투자부동산\xa0\n토지\n1,228,087\n(604,004)\n0\n624,083\n\u3000\n건물\n3,733,213\n(108,371)\n(91,650)\n3,533,192\n\u3000\n투자부동산 \xa0합계\n4,961,300\n(712,375)\n(91,650)\n4,157,275\n유형자산으로 대체되었습니다.\n전분기\n(단위 : 천원)\n\u3000\n\u3000\n기초\n대체\n감가상각비\n분기말\n대체증감에 대한 추가설명, 투자부동산\n투자부동산\xa0\n토지\n1,228,087\n\u3000\n0\n1,228,087\n\u3000\n건물\n3,840,726\n\u3000\n(80,634)\n3,760,092\n\u3000\n투자부동산 \xa0합계\n5,068,813\n\u3000\n(80,634)\n4,988,179\n\u3000\n투자부동산에서 발생한 임대수익, 순직접운영비용\n투자부동산에서 발생한 임대수익, 순직접운영비용\n당분기\n(단위 : 천원)\n\u3000\n공시금액\n임대수익\n913,367\n임대비용\n(91,650)\n계\n821,717\n전분기\n(단위 : 천원)\n\u3000\n공시금액\n임대수익\n901,434\n임대비용\n(80,634)\n계\n820,800\n12. 리스 (연결)\n사용권자산 변동내역\n\u3000\n사용권자산 변동내역\n당분기\n(단위 : 천원)\n\u3000\n\u3000\n\u3000\n기초\n취득\n처분\n변경\n감가상각비\n외환차이\n분기말\n자산\xa0\n사용권자산\xa0\n토지\n917,934\n5,099\n0\n(8,859)\n(275,145)\n0\n639,029\n건물\n8,425,475\n40,440,353\n(252,675)\n94,246\n(4,838,541)\n18,788\n43,887,646\n기계장치\n0\n89,395,097\n0\n0\n(5,959,673)\n0\n83,435,424\n차량운반구\n890,730\n1,619,697\n(34,880)\n10,860\n(841,715)\n1,755\n1,646,447\n기타자산\n12,930,810\n68,275,530\n(595,583)\n0\n(11,511,737)\n0\n69,099,020\n자산 \xa0합계\n23,164,949\n199,735,776\n(883,138)\n96,247\n(23,426,811)\n20,543\n198,707,566\n전분기\n(단위 : 천원)\n\u3000\n\u3000\n\u3000\n기초\n취득\n처분\n변경\n감가상각비\n외환차이\n분기말\n자산\xa0\n사용권자산\xa0\n토지\n1,292,550\n7,378\n0\n(15,203)\n(276,113)\n0\n1,008,612\n건물\n9,471,775\n1,326,868\n(7,192)\n477,842\n(2,251,099)\n25,236\n9,043,430\n기계장치\n\u3000\n\u3000\n\u3000\n\u3000\n\u3000\n\u3000\n\u3000\n차량운반구\n1,067,726\n623,726\n(33,669)\n0\n(710,444)\n3,972\n951,311\n기타자산\n10,745,882\n18,414,557\n(1,790,612)\n0\n(11,163,601)\n0\n16,206,226\n자산 \xa0합계\n22,577,933\n20,372,529\n(1,831,473)\n462,639\n(14,401,257)\n29,208\n27,209,579\n리스부채의 변동내역\n\u3000\n리스부채의 변동내역\n당분기\n(단위 : 천원)\n\u3000\n공시금액\n기초\n21,529,680\n증가\n199,735,776\n처분\n(875,047)\n변경\n96,247\n이자비용\n4,850,130\n리스료 지급\n(26,618,966)\n기타\n(534,246)\n분기말\n198,183,574\n기타 변동에 대한 추가설명, 리스부채\n외화환산손익 등이 포함되어 있습니다.\n전분기\n(단위 : 천원)\n\u3000\n공시금액\n기초\n20,479,698\n증가\n20,372,529\n처분\n(1,832,559)\n변경\n462,639\n이자비용\n554,709\n리스료 지급\n(14,186,941)\n기타\n731,063\n분기말\n26,581,138\n기타 변동에 대한 추가설명, 리스부채\n외화환산손익 등이 포함되어 있습니다.\n리스부채의 만기분석 공시\n\u3000\n리스부채의 만기분석 공시\n\u3000\n(단위 : 천원)\n\u3000\n부채\n\u3000\n리스 부채\n\u3000\n합계 구간\n합계 구간 \xa0합계\n\u3000\n1년 이내\n1년 초과 5년 이내\n5년 초과\n비파생금융부채, 할인되지 않은 현금흐름\n40,002,556\n123,802,210\n72,537,762\n236,342,528\n리스부채와 관련해서 연결손익계산서에 인식된 금액\n\u3000\n리스부채와 관련해서 연결손익계산서에 인식된 금액\n당분기\n(단위 : 천원)\n\u3000\n\u3000\n공시금액\n수익\n\u3000\n수익\n기타\n1,478\n비용\n\u3000\n비용\n리스부채 측정치에 포함되지 않는 변동리스료\n89,024\n인식면제 규정을 적용한 단기리스 관련 비용\n80,372\n인식면제 규정을 적용한 소액자산 리스 관련 비용(단기리스 제외)\n48,768\n감가상각비\n23,426,811\n기타(이자비용 등)\n4,859,699\n리스 관련 총 비용\n28,504,674\n리스순손익\n(28,503,196)\n전분기\n(단위 : 천원)\n\u3000\n\u3000\n공시금액\n수익\n\u3000\n수익\n기타\n1,687\n비용\n\u3000\n비용\n리스부채 측정치에 포함되지 않는 변동리스료\n8,123\n인식면제 규정을 적용한 단기리스 관련 비용\n96,963\n인식면제 규정을 적용한 소액자산 리스 관련 비용(단기리스 제외)\n59,588\n감가상각비\n14,401,257\n기타(이자비용 등)\n555,310\n리스 관련 총 비용\n15,121,241\n리스순손익\n(15,119,554)\n리스 현금유출\n\u3000\n리스 현금유출\n당분기\n(단위 : 천원)\n\u3000\n공시금액\n리스의 총 현금유출(소액, 단기, 변동리스 포함)\n26,837,130\n전분기\n(단위 : 천원)\n\u3000\n공시금액\n리스의 총 현금유출(소액, 단기, 변동리스 포함)\n14,351,615\n13. 무형자산 (연결)\n영업권 이외의 무형자산의 변동내역에 대한 공시\n영업권 이외의 무형자산의 변동내역에 대한 공시\n당분기\n(단위 : 천원)\n\u3000\n\u3000\n기초\n대체\n상각비\n처분\n분기말\n대체에 관한 추가공시, 영업권 이외의 무형자산\n영업권 이외의 무형자산\xa0\n산업재산권\n1,135,196\n121,582\n(163,352)\n\u3000\n1,093,426\n\u3000\n회원권\n8,398,571\n85,417\n0\n\u3000\n8,483,988\n\u3000\n소프트웨어\n10,180,363\n5,127,794\n(2,445,050)\n\u3000\n12,863,107\n\u3000\n기타무형자산\n805,117\n0\n(56,781)\n\u3000\n748,336\n\u3000\n영업권 이외의 무형자산 \xa0합계\n20,519,247\n5,334,793\n(2,665,183)\n\u3000\n23,188,857\n유형자산에서 대체되었습니다.\n전분기\n(단위 : 천원)\n\u3000\n\u3000\n기초\n대체\n상각비\n처분\n분기말\n대체에 관한 추가공시, 영업권 이외의 무형자산\n영업권 이외의 무형자산\xa0\n산업재산권\n1,180,878\n137,976\n(158,981)\n(12,077)\n1,147,796\n\u3000\n회원권\n8,100,147\n298,424\n0\n0\n8,398,571\n\u3000\n소프트웨어\n12,443,539\n357,196\n(2,146,927)\n(1)\n10,653,807\n\u3000\n기타무형자산\n880,825\n0\n(56,781)\n0\n824,044\n\u3000\n영업권 이외의 무형자산 \xa0합계\n22,605,389\n793,596\n(2,362,689)\n(12,078)\n21,024,218\n유형자산에서 대체되었습니다.\n14. 기타자산 (연결)\n기타자산에 대한 공시\n당분기말\n(단위 : 천원)\n\u3000\n공시금액\n유동선급금\n71,700\n유동선급비용\n8,683,426\n유동선급부가세\n11,039,792\n유동선급법인세\n18,413\n기타유동자산\n19,813,331\n비유동선급금\n362,406\n비유동선급비용\n11,907\n비유동선급부가세\n0\n비유동선급법인세\n0\n기타비유동자산\n374,313\n전기말\n(단위 : 천원)\n\u3000\n공시금액\n유동선급금\n99,087\n유동선급비용\n5,900,675\n유동선급부가세\n14,442,132\n유동선급법인세\n14,781\n기타유동자산\n20,456,675\n비유동선급금\n414,406\n비유동선급비용\n19,306\n비유동선급부가세\n0\n비유동선급법인세\n0\n기타비유동자산\n433,712\n15. 기타금융부채 및 기타부채 (연결)\n기타금융부채의 내역에 대한 공시\n기타금융부채의 내역에 대한 공시\n당분기말\n(단위 : 천원)\n\u3000\n\u3000\n기타금융부채\n유동\n96,657,257\n유동\n미지급금\n56,880,132\n미지급비용\n655,149\n리스부채\n39,121,976\n비유동\n161,956,278\n비유동\n장기미지급비용\n428,645\n리스부채\n159,061,598\n비지배지분부채\n2,466,035\n기타금융부채\n258,613,535\n비지배지분부채에 대한 추가적인 설명\n지배기업이 96.63% 지분을 투자한 스카이스크래퍼 롱텀 스트래티직 사모투자 합자회사 관련 비지배지분에 대하여 비지배지분부채를 인식하였습니다.\n전기말\n(단위 : 천원)\n\u3000\n\u3000\n기타금융부채\n유동\n85,982,216\n유동\n미지급금\n70,391,438\n미지급비용\n568,594\n리스부채\n15,022,184\n비유동\n10,008,561\n비유동\n장기미지급비용\n295,190\n리스부채\n6,507,496\n비지배지분부채\n3,205,875\n기타금융부채\n95,990,777\n비지배지분부채에 대한 추가적인 설명\n지배기업이 96.63% 지분을 투자한 스카이스크래퍼 롱텀 스트래티직 사모투자 합자회사 관련 비지배지분에 대하여 비지배지분부채를 인식하였습니다.\n기타유동부채의 내역에 대한 공시\n기타유동부채의 내역에 대한 공시\n당분기말\n(단위 : 천원)\n\u3000\n기타부채\n선수금\n3,175,562\n선수수익\n0\n예수금\n2,145,041\n미지급비용\n12,824,514\n합계\n18,145,117\n전기말\n(단위 : 천원)\n\u3000\n기타부채\n선수금\n2,499,169\n선수수익\n7,459,016\n예수금\n1,061,555\n미지급비용\n20,603,734\n합계\n31,623,474\n16. 단기차입금 (연결)\n차입금에 대한 세부 정보\n당분기말\n(단위 : 천원)\n\u3000\n\u3000\n\u3000\n\u3000\n차입금, 이자율\n차입금, 기준이자율\n차입금, 기준이자율 조정\n단기차입금\n차입금명칭\xa0\n은행차입금\n거래상대방\xa0\n(주)신한은행\n0.0524\n\u3000\n\u3000\n55,179\nShinhan Bank Europe GmbH\n\u3000\n3M EURIBOR\n0.0120\n737,030\n거래상대방 \xa0합계\n\u3000\n\u3000\n\u3000\n792,209\n전기말\n(단위 : 천원)\n\u3000\n\u3000\n\u3000\n\u3000\n차입금, 이자율\n차입금, 기준이자율\n차입금, 기준이자율 조정\n단기차입금\n차입금명칭\xa0\n은행차입금\n거래상대방\xa0\n(주)신한은행\n0.0000\n\u3000\n\u3000\n0\nShinhan Bank Europe GmbH\n\u3000\n3M EURIBOR\n0.0120\n713,295\n거래상대방 \xa0합계\n\u3000\n\u3000\n\u3000\n713,295\n17. 자본금과 주식발행초과금 (연결)\n주식의 분류에 대한 공시\n주식의 분류에 대한 공시\n\u3000\n(단위 : 천원)\n\u3000\n\u3000\n수권주식수(주)\n1주당 금액(원)\n발행주식수(주)\n보통주 자본금(천원)\n주식\xa0\n보통주\n50,000,000\n5,000\n25,800,000\n129,000,000\n주식발행초과금에 대한 회계정책\n지배기업의 주식발행초과금은 유상증자 시 액면가액을 초과하여 발행한 금액에서 신주발행비를 차감하여 산출된 금액입니다.\n18. 기타자본항목 (연결)\n기타자본구성요소\n당분기말\n(단위 : 천원)\n\u3000\n공시금액\n자기주식\n(9,363,721)\n기타자본조정\n(26,372)\n자기주식처분이익\n153,353\n기타자본잉여금\n28,038,627\n합계\n18,801,887\n전기말\n(단위 : 천원)\n\u3000\n공시금액\n자기주식\n(9,363,721)\n기타자본조정\n(26,372)\n자기주식처분이익\n153,353\n기타자본잉여금\n28,038,627\n합계\n18,801,887\n자기주식에 대한 공시\n보고기간종료일 현재 지배기업은 자기주식으로 보통주 330,000주를 보유하고 있습니다.\n자기주식에 대한 공시\n\u3000\n\u3000\n\u3000\n보통주\n자기주식 수량\n330,000\n19. 기타포괄손익누계액 (연결)\n기타포괄손익의 항목별 분석에 대한 공시\n당분기말\n(단위 : 천원)\n\u3000\n기타포괄손익누계액\n기타포괄손익-공정가치측정 금융자산평가손익\n(19,979,871)\n해외사업환산손익\n341,798\n공동기업의 기타포괄손익에 대한 지분\n(37,727)\n합계\n(19,675,800)\n전기말\n(단위 : 천원)\n\u3000\n기타포괄손익누계액\n기타포괄손익-공정가치측정 금융자산평가손익\n(19,979,871)\n해외사업환산손익\n154,665\n공동기업의 기타포괄손익에 대한 지분\n(42,937)\n합계\n(19,868,143)\n20. 비용의 성격별 분류 (연결)\n비용의 성격별 분류 공시\n당분기\n(단위 : 천원)\n\u3000\n장부금액\n\u3000\n공시금액\n\u3000\n3개월\n누적\n제품 및 반제품의 변동\n(22,207,166)\n(27,659,702)\n상품의 판매\n83,075,002\n257,415,816\n원재료와 저장품의 사용\n125,086,443\n350,854,275\n종업원급여\n43,316,468\n116,901,800\n감가상각 및 무형자산상각\n41,094,549\n118,715,132\n전력비 및 용수비 등\n75,878,280\n210,306,599\n대손상각비\n0\n0\n운반보관비\n23,661,089\n58,592,034\n지급수수료\n18,393,963\n56,073,429\n수선비\n6,079,439\n17,996,217\n기타\n15,709,288\n44,527,448\n합계\n410,087,355\n1,203,723,048\n성격별 비용 합계 설명\n\u3000\n연결포괄손익계산서의 매출원가, 판매비와관리비 및 물류비를 합한 금액입니다.\n전분기\n(단위 : 천원)\n\u3000\n장부금액\n\u3000\n공시금액\n\u3000\n3개월\n누적\n제품 및 반제품의 변동\n(14,123,286)\n(34,363,532)\n상품의 판매\n81,744,014\n336,214,571\n원재료와 저장품의 사용\n110,331,780\n347,021,532\n종업원급여\n35,388,067\n109,999,085\n감가상각 및 무형자산상각\n34,766,897\n102,872,419\n전력비 및 용수비 등\n68,943,695\n201,161,744\n대손상각비\n977,429\n977,429\n운반보관비\n13,243,872\n42,597,097\n지급수수료\n17,470,464\n53,739,546\n수선비\n6,480,279\n19,701,354\n기타\n10,838,093\n31,158,292\n합계\n366,061,304\n1,211,079,537\n성격별 비용 합계 설명\n\u3000\n연결포괄손익계산서의 매출원가, 판매비와관리비 및 물류비를 합한 금액입니다.\n21. 판매비와 관리비 (연결)\n판매비와관리비에 대한 공시\n당분기\n(단위 : 천원)\n\u3000\n기능별 항목\n\u3000\n판매비와 일반관리비\n\u3000\n3개월\n누적\n급여\n5,618,312\n17,092,731\n퇴직급여\n345,150\n1,046,421\n복리후생비\n1,610,577\n4,775,118\n감가상각비\n2,467,023\n7,311,312\n무형자산상각비\n404,976\n1,185,689\n대손상각비\n0\n0\n연구비\n4,961,223\n15,471,815\n지급임차료\n37,949\n125,827\n지급수수료\n4,620,516\n14,737,010\n광고선전비\n803,899\n2,774,144\n기타\n3,973,565\n8,142,628\n판매비및일반관리비 총계\n24,843,190\n72,662,695\n전분기\n(단위 : 천원)\n\u3000\n기능별 항목\n\u3000\n판매비와 일반관리비\n\u3000\n3개월\n누적\n급여\n5,413,139\n17,920,263\n퇴직급여\n272,948\n851,062\n복리후생비\n1,129,837\n4,093,116\n감가상각비\n2,332,769\n6,523,027\n무형자산상각비\n402,359\n1,231,022\n대손상각비\n977,429\n977,429\n연구비\n4,076,021\n12,380,730\n지급임차료\n32,837\n97,319\n지급수수료\n4,741,153\n15,032,110\n광고선전비\n645,857\n3,981,780\n기타\n3,503,830\n8,830,943\n판매비및일반관리비 총계\n23,528,179\n71,918,801\n22. 기타수익과 기타비용 (연결)\n기타영업외이익에 대한 공시\n\u3000\n기타영업외이익에 대한 공시\n당분기\n(단위 : 천원)\n\u3000\n기능별 항목\n\u3000\n기타영업외이익\n\u3000\n3개월\n누적\n배당금수익\n0\n1,366,890\n임대료수익\n294,122\n1,281,640\n외환차익\n3,890,767\n10,735,509\n외화환산이익\n(78,881)\n2,026,485\n유형자산처분이익\n0\n2,574\n사용권자산처분이익\n529\n1,478\n잡이익\n519,593\n2,619,858\n합계\n4,626,130\n18,034,434\n전분기\n(단위 : 천원)\n\u3000\n기능별 항목\n\u3000\n기타영업외이익\n\u3000\n3개월\n누적\n배당금수익\n0\n169,015\n임대료수익\n312,523\n937,698\n외환차익\n3,341,907\n14,873,893\n외화환산이익\n1,350,906\n2,393,560\n유형자산처분이익\n0\n108,894\n사용권자산처분이익\n1,687\n1,687\n잡이익\n1,275,481\n3,629,140\n합계\n6,282,504\n22,113,887\n기타영업외비용에 대한 공시\n\u3000\n기타영업외비용에 대한 공시\n당분기\n(단위 : 천원)\n\u3000\n기능별 항목\n\u3000\n기타영업외비용\n\u3000\n3개월\n누적\n외환차손\n3,487,992\n8,070,670\n외화환산손실\n2,773,811\n4,062,558\n유형자산처분손실\n23,584\n122,718\n사용권자산처분손실\n9,569\n9,569\n무형자산처분손실\n0\n0\n기부금\n50,000\n1,301,390\n잡손실\n170,059\n544,796\n합계\n6,515,015\n14,111,701\n전분기\n(단위 : 천원)\n\u3000\n기능별 항목\n\u3000\n기타영업외비용\n\u3000\n3개월\n누적\n외환차손\n4,409,429\n14,660,904\n외화환산손실\n225,736\n1,611,590\n유형자산처분손실\n551,626\n2,008,293\n사용권자산처분손실\n43\n601\n무형자산처분손실\n1\n12,078\n기부금\n0\n2,289,528\n잡손실\n316,085\n965,840\n합계\n5,502,920\n21,548,834\n23. 금융수익과 금융비용 (연결)\n금융수익 및 금융비용\n당분기\n(단위 : 천원)\n\u3000\n\u3000\n기능별 항목\n\u3000\n\u3000\n금융수익비용\n\u3000\n\u3000\n3개월\n누적\n금융수익\n(89,140,924)\n33,982,724\n금융수익\n이자수익\n9,928,036\n33,241,078\n당기손익-공정가치측정 금융자산평가이익\n(99,808,800)\n0\n당기손익-공정가치측정 금융자산처분이익\n0\n1,806\n비지배지분부채평가이익\n739,840\n739,840\n금융비용\n18,362,960\n24,630,937\n금융비용\n이자비용\n1,937,749\n4,896,940\n당기손익-공정가치측정 금융자산평가손실\n19,733,997\n19,733,997\n비지배지분부채평가손실\n(3,308,786)\n0\n전분기\n(단위 : 천원)\n\u3000\n\u3000\n기능별 항목\n\u3000\n\u3000\n금융수익비용\n\u3000\n\u3000\n3개월\n누적\n금융수익\n(54,840,071)\n42,276,431\n금융수익\n이자수익\n14,546,117\n41,768,514\n당기손익-공정가치측정 금융자산평가이익\n(69,894,105)\n0\n당기손익-공정가치측정 금융자산처분이익\n0\n0\n비지배지분부채평가이익\n507,917\n507,917\n금융비용\n10,861,619\n13,478,265\n금융비용\n이자비용\n278,893\n592,350\n당기손익-공정가치측정 금융자산평가손실\n12,885,915\n12,885,915\n비지배지분부채평가손실\n(2,303,189)\n0\n24. 법인세비용 (연결)\n법인세비용(수익)의 주요 구성요소\n법인세비용(수익)의 주요 구성요소\n당분기\n(단위 : 천원)\n\u3000\n공시금액\n당기법인세부담액\n17,673,754\n과거기간 법인세와 관련되어 인식한 당기 조정액\n(707,573)\n일시적차이의 발생 및 소멸로 인한 이연법인세증감액\n(5,737,003)\n법인세비용\n11,229,178\n전분기\n(단위 : 천원)\n\u3000\n공시금액\n당기법인세부담액\n52,958,125\n과거기간 법인세와 관련되어 인식한 당기 조정액\n(448,498)\n일시적차이의 발생 및 소멸로 인한 이연법인세증감액\n(10,746,840)\n법인세비용\n41,762,787\n법인세의 회계정책에 대한 기술\n글로벌 최저한세 도입에 따른 영향세원잠식 및 소득이전에 관한 OECD/G20 포괄적 이행체계는 글로벌 경제의 디지털화로 야기된 조세 과제를 해결하고자 필라2 모범규칙을 수립하였습니다.필라2 모범규칙으로 인한 일시적 차이의 추가 발생 여부, 이연법인세 재측정 여부, 재측정시 적용 세율 결정 등 필라2 모범규칙과 관련하여 불분명한 이슈가 존재합니다. 이러한 불확실성을 해결하기 위해 IASB와 AASB는 각각 2023년 5월 23일과 2023년 6월 27일에 IAS 12 규정에 대한 한시적인 예외 규정을 의무 적용하도록 하는 IAS 12 법인세 개정을 발표하였습니다. 이 개정에 따르면 기업은 OECD/G20 BEPS 필라2 모범규칙(안)과 관련되는 이연법인세자산 및 부채를 인식하지 않고 그 정보를 공시하지도 않습니다.연결실체는 2024년도 당분기에 한시적 예외 규정을 적용하였습니다. 또한, 연결실체는 각 구성기업이 속해 있는 여러 관할국에서 글로벌 최저한세 법률 도입의 영향을 검토하였습니다. 검토 결과 모든 관할국에서 전환기 적용면제 규정을 통과하거나 유효세율이 15% 이상이기 때문에 필라2 추가세액이 발생하지 않는다고 판단하였습니다. 따라서 분기연결재무제표에는 기업회계기준서 제1012호 문단 88A ~ 88D에서 요구하는 정보가 포함되어 있지 않습니다. 2024년 분기연결포괄손익계산서에 인식된 법인세비용에는 필라2 법인세와 관련된 금액이 없으며 이는 2024년 3분기의 재무정보에 기초하여 추정하였습니다.\n25. 배당금 (연결)\n배당금에 대한 공시\n당분기\n(단위 : 천원)\n\u3000\n보통주\n보통주에 지급된 배당금\n50,940\n전분기\n(단위 : 천원)\n\u3000\n보통주\n보통주에 지급된 배당금\n89,145\n26. 현금흐름표 (연결)\n영업활동현금흐름\n영업활동현금흐름\n당분기\n(단위 : 천원)\n\u3000\n\u3000\n공시금액\n분기순이익\n55,131,315\n비현금항목 조정\n112,831,593\n비현금항목 조정\n퇴직급여\n5,174,472\n감가상각비\n116,049,949\n무형자산상각비\n2,665,183\n외화환산손실\n4,062,558\n유형자산처분손실\n122,718\n사용권자산처분손실\n9,569\n무형자산처분손실\n0\n재고자산평가손실\n1,144,949\n대손상각비\n0\n당기손익-공정가치측정 금융자산평가손실\n19,733,997\n비지배지분부채평가이익\n(739,840)\n지분법투자이익\n(14,877,769)\n유형자산처분이익\n(2,574)\n사용권자산처분이익\n(1,478)\n법인세비용\n11,229,178\n외화환산이익\n(2,026,485)\n이자수익\n(33,241,078)\n이자비용\n4,896,940\n배당금수익\n(1,366,890)\n당기손익-공정가치측정 금융자산처분이익\n(1,806)\n순운전자본의 변동\n(23,955,523)\n순운전자본의 변동\n매출채권의 감소(증가)\n(6,246,642)\n기타유동금융자산의 증가\n(528,149)\n기타유동자산의 감소(증가)\n661,757\n재고자산의 감소\n23,960,282\n기타비유동금융자산의 증가\n(68,902)\n기타비유동자산의 감소\n7,399\n매입채무의 감소\n(23,780,219)\n기타유동금융부채의 감소\n(12,413,579)\n기타유동부채의 증가(감소)\n(5,854,124)\n기타비유동금융부채의 증가\n133,456\n기타장기종업원급여부채의 증가\n181,081\n확정급여채무의 감소\n(3,580,569)\n사외적립자산의 감소\n3,572,686\n영업에서 창출된 현금흐름\n144,007,385\n전분기\n(단위 : 천원)\n\u3000\n\u3000\n공시금액\n분기순이익\n172,330,712\n비현금항목 조정\n85,260,170\n비현금항목 조정\n퇴직급여\n3,903,653\n감가상각비\n100,509,730\n무형자산상각비\n2,362,689\n외화환산손실\n1,611,590\n유형자산처분손실\n2,008,293\n사용권자산처분손실\n601\n무형자산처분손실\n12,078\n재고자산평가손실\n2,036,343\n대손상각비\n977,429\n당기손익-공정가치측정 금융자산평가손실\n12,885,915\n비지배지분부채평가이익\n(507,917)\n지분법투자이익\n(38,453,701)\n유형자산처분이익\n(108,894)\n사용권자산처분이익\n(1,687)\n법인세비용\n41,762,787\n외화환산이익\n(2,393,560)\n이자수익\n(41,768,514)\n이자비용\n592,350\n배당금수익\n(169,015)\n당기손익-공정가치측정 금융자산처분이익\n0\n순운전자본의 변동\n(60,303,187)\n순운전자본의 변동\n매출채권의 감소(증가)\n30,249,992\n기타유동금융자산의 증가\n(1,347,886)\n기타유동자산의 감소(증가)\n(1,818,737)\n재고자산의 감소\n23,603,776\n기타비유동금융자산의 증가\n(1,708)\n기타비유동자산의 감소\n7,581\n매입채무의 감소\n(81,077,897)\n기타유동금융부채의 감소\n(43,726,965)\n기타유동부채의 증가(감소)\n13,568,337\n기타비유동금융부채의 증가\n166,322\n기타장기종업원급여부채의 증가\n87,948\n확정급여채무의 감소\n(2,533,934)\n사외적립자산의 감소\n2,519,984\n영업에서 창출된 현금흐름\n197,287,695\n현금및현금성자산의 사용을 수반하지 않는 투자활동과 재무활동 거래\n현금및현금성자산의 사용을 수반하지 않는 투자활동과 재무활동 거래\n당분기\n(단위 : 천원)\n\u3000\n공시금액\n장기금융자산의 유동성 대체\n6,600,000\n장기대여금의 유동성 대체\n0\n저장품의 유형자산 대체\n0\n건설중인자산의 유형자산 대체\n106,864,148\n건설중인자산의 무형자산 대체\n5,334,793\n건설중인자산의 투자부동산 대체\n1,004,073\n투자부동산의 유형자산 대체\n1,716,448\n유형자산 처분 관련 미수금 증감\n0\n유형자산 취득 관련 미지급금 증감\n(1,177,365)\n사용권자산 및 리스부채의 증가\n199,735,776\n리스부채의 유동성 대체\n23,342,344\n전분기\n(단위 : 천원)\n\u3000\n공시금액\n장기금융자산의 유동성 대체\n0\n장기대여금의 유동성 대체\n300,000,000\n저장품의 유형자산 대체\n1,534,159\n건설중인자산의 유형자산 대체\n64,483,895\n건설중인자산의 무형자산 대체\n793,596\n건설중인자산의 투자부동산 대체\n0\n투자부동산의 유형자산 대체\n0\n유형자산 처분 관련 미수금 증감\n(838)\n유형자산 취득 관련 미지급금 증감\n428,855\n사용권자산 및 리스부채의 증가\n20,372,529\n리스부채의 유동성 대체\n12,968,263\n재무제표이용자들이 재무활동에서 생기는 부채의 변동을 평가할 수 있게 하는 정보의 공시\n재무활동에서 생기는 부채의 조정에 관한 공시\n\u3000\n재무활동에서 생기는 부채의 조정에 관한 공시\n당분기\n(단위 : 천원)\n\u3000\n\u3000\n기초\n재무활동현금흐름\n대체 등\n분기말\n재무활동에서 생기는 부채의 조정에 관한 공시\n재무활동에서 생기는 부채\xa0\n단기차입금\n713,295\n55,179\n23,735\n792,209\n\u3000\n유동성리스부채\n15,022,184\n(21,768,836)\n45,868,628\n39,121,976\n\u3000\n유동부채\n15,735,479\n(21,713,657)\n45,892,363\n39,914,185\n\u3000\n리스부채\n6,507,496\n0\n152,554,102\n159,061,598\n\u3000\n비지배지분부채\n3,205,875\n0\n(739,840)\n2,466,035\n\u3000\n비유동부채\n9,713,371\n0\n151,814,262\n161,527,633\n\u3000\n재무활동에서 생기는 부채 \xa0합계\n25,448,850\n(21,713,657)\n197,706,625\n201,441,818\n리스부채의 인식, 처분 및 외화환산효과, 비지배지분부채평가손익이 포함되어 있습니다.\n전분기\n(단위 : 천원)\n\u3000\n\u3000\n기초\n재무활동현금흐름\n대체 등\n분기말\n재무활동에서 생기는 부채의 조정에 관한 공시\n재무활동에서 생기는 부채\xa0\n단기차입금\n1,351,200\n(691,535)\n51,195\n710,860\n\u3000\n유동성리스부채\n12,580,002\n(13,632,232)\n20,024,663\n18,972,433\n\u3000\n유동부채\n13,931,202\n(14,323,767)\n20,075,858\n19,683,293\n\u3000\n리스부채\n7,899,696\n0\n(290,991)\n7,608,705\n\u3000\n비지배지분부채\n4,713,734\n0\n(507,917)\n4,205,817\n\u3000\n비유동부채\n12,613,430\n0\n(798,908)\n11,814,522\n\u3000\n재무활동에서 생기는 부채 \xa0합계\n26,544,632\n(14,323,767)\n19,276,950\n31,497,815\n리스부채의 인식, 처분 및 외화환산효과, 비지배지분부채평가손익이 포함되어 있습니다.\n27. 우발부채, 충당부채 및 약정사항 (연결)\n금융기관과의 주요 개별 약정내용\n\u3000\n금융기관과의 주요 개별 약정내용\n\u3000\n(단위 : 천원)\n\u3000\n\u3000\n\u3000\n\u3000\n개별한도계약\n포괄한도계약\n\u3000\n\u3000\n\u3000\n\u3000\n한도금액\n한도금액, 유로화\n약정금액\n약정금액, 유로화\n한도금액\n한도금액, 미국달러화\n약정금액\n약정금액, 미국달러화\n거래상대방\xa0\n㈜하나은행\n약정의 유형\xa0\n당좌차월\xa0\n5,000,000\n\u3000\n5,000,000\n\u3000\n\u3000\n\u3000\n\u3000\n\u3000\n수출입거래\xa0\n\u3000\n\u3000\n\u3000\n\u3000\n\u3000\nUSD 40,000,000\n\u3000\nUSD 40,000,000\n무역금융대출\xa0\n\u3000\n\u3000\n\u3000\n\u3000\n\u3000\n\u3000\n\u3000\n\u3000\n기업구매자금대출1\xa0\n\u3000\n\u3000\n\u3000\n\u3000\n\u3000\n\u3000\n\u3000\n\u3000\n기업구매자금대출2\xa0\n\u3000\n\u3000\n\u3000\n\u3000\n\u3000\n\u3000\n\u3000\n\u3000\n일반자금대출\xa0\n\u3000\n\u3000\n\u3000\n\u3000\n\u3000\n\u3000\n\u3000\n\u3000\n약정의 유형 \xa0합계\n\u3000\n\u3000\n\u3000\n\u3000\n\u3000\n\u3000\n\u3000\n\u3000\n㈜국민은행\xa0\n약정의 유형\xa0\n당좌차월\xa0\n\u3000\n\u3000\n\u3000\n\u3000\n\u3000\n\u3000\n\u3000\n\u3000\n수출입거래\xa0\n\u3000\n\u3000\n\u3000\n\u3000\n\u3000\nUSD 25,000,000\n\u3000\nUSD 25,000,000\n무역금융대출\xa0\n\u3000\n\u3000\n\u3000\n\u3000\n\u3000\n\u3000\n\u3000\n\u3000\n기업구매자금대출1\xa0\n\u3000\n\u3000\n\u3000\n\u3000\n\u3000\n\u3000\n\u3000\n\u3000\n기업구매자금대출2\xa0\n\u3000\n\u3000\n\u3000\n\u3000\n\u3000\n\u3000\n\u3000\n\u3000\n일반자금대출\xa0\n\u3000\n\u3000\n\u3000\n\u3000\n\u3000\n\u3000\n\u3000\n\u3000\n약정의 유형 \xa0합계\n\u3000\n\u3000\n\u3000\n\u3000\n\u3000\n\u3000\n\u3000\n\u3000\n㈜우리은행\n약정의 유형\xa0\n당좌차월\xa0\n\u3000\n\u3000\n\u3000\n\u3000\n\u3000\n\u3000\n2,400,000\n\u3000\n수출입거래\xa0\n\u3000\n\u3000\n\u3000\n\u3000\n\u3000\n\u3000\n\u3000\nUSD 29,200,000\n무역금융대출\xa0\n\u3000\n\u3000\n\u3000\n\u3000\n\u3000\n\u3000\n2,000,000\n\u3000\n기업구매자금대출1\xa0\n\u3000\n\u3000\n\u3000\n\u3000\n\u3000\n\u3000\n1,000,000\n\u3000\n기업구매자금대출2\xa0\n1,000,000\n\u3000\n1,000,000\n\u3000\n\u3000\n\u3000\n\u3000\n\u3000\n일반자금대출\xa0\n\u3000\n\u3000\n\u3000\n\u3000\n\u3000\n\u3000\n\u3000\n\u3000\n약정의 유형 \xa0합계\n\u3000\n\u3000\n\u3000\n\u3000\n45,000,000\n\u3000\n\u3000\n\u3000\n㈜신한은행\n약정의 유형\xa0\n당좌차월\xa0\n\u3000\n\u3000\n\u3000\n\u3000\n\u3000\n\u3000\n5,000,000\n\u3000\n수출입거래\xa0\n\u3000\n\u3000\n\u3000\n\u3000\n\u3000\n\u3000\n\u3000\n\u3000\n무역금융대출\xa0\n\u3000\n\u3000\n\u3000\n\u3000\n\u3000\n\u3000\n\u3000\nUSD 10,500,000\n기업구매자금대출1\xa0\n\u3000\n\u3000\n\u3000\n\u3000\n\u3000\n\u3000\n\u3000\n\u3000\n기업구매자금대출2\xa0\n\u3000\n\u3000\n\u3000\n\u3000\n\u3000\n\u3000\n\u3000\n\u3000\n일반자금대출\xa0\n3,000,000\n\u3000\n3,000,000\n\u3000\n\u3000\n\u3000\n\u3000\n\u3000\n약정의 유형 \xa0합계\n\u3000\n\u3000\n\u3000\n\u3000\n20,000,000\n\u3000\n\u3000\n\u3000\nShinhan Bank Europe GmbH\n약정의 유형\xa0\n당좌차월\xa0\n\u3000\n\u3000\n\u3000\n\u3000\n\u3000\n\u3000\n\u3000\n\u3000\n수출입거래\xa0\n\u3000\n\u3000\n\u3000\n\u3000\n\u3000\n\u3000\n\u3000\n\u3000\n무역금융대출\xa0\n\u3000\n\u3000\n\u3000\n\u3000\n\u3000\n\u3000\n\u3000\n\u3000\n기업구매자금대출1\xa0\n\u3000\n\u3000\n\u3000\n\u3000\n\u3000\n\u3000\n\u3000\n\u3000\n기업구매자금대출2\xa0\n\u3000\n\u3000\n\u3000\n\u3000\n\u3000\n\u3000\n\u3000\n\u3000\n일반자금대출\xa0\n\u3000\nEUR 500,000\n\u3000\nEUR 500,000\n\u3000\n\u3000\n\u3000\n\u3000\n약정의 유형 \xa0합계\n\u3000\n\u3000\n\u3000\n\u3000\n\u3000\n\u3000\n\u3000\n\u3000\n사후처리, 복구, 정화 비용을 위한 충당부채\n\u3000\n사후처리, 복구, 정화 비용을 위한 충당부채\n당분기말\n(단위 : 천원)\n\u3000\n\u3000\n공시금액\n유동충당부채\n\u3000\n유동충당부채\n기타충당부채\n1,572,838\n비유동충당부채\n\u3000\n비유동충당부채\n복구충당부채\n450,487\n전기말\n(단위 : 천원)\n\u3000\n\u3000\n공시금액\n유동충당부채\n\u3000\n유동충당부채\n기타충당부채\n1,572,838\n비유동충당부채\n\u3000\n비유동충당부채\n복구충당부채\n436,954\n제공받는 지급보증\n\u3000\n제공받는 지급보증\n\u3000\n(단위 : 백만원)\n\u3000\n제공받은 지급보증\n기업의(으로의) 보증금액 (비 PF)\n5,647\n보증처\n서울보증보험(주)\n지급보증에 대한 비고(설명)\n보고기간종료일 현재 연결실체는 제품의 납품 등과 관련하여 서울보증보험(주)로부터 5,647백만원의 지급보증을 제공받고 있습니다.\n계류 중인 소송 사건\n\u3000\n계류 중인 소송 사건\n\u3000\n(단위 : 백만원)\n\u3000\n법적소송우발부채\n소송 건수\n2\n소송 금액\n557\n유출될 경제적효익의 금액과 시기에 대한 불확실성 정도, 우발부채\n보고기간종료일 현재 소송의 결과가 연결실체의 재무제표에 미칠 영향은 합리적으로 추정할 수 없으므로, 연결실체의 연결재무제표에는 이로 인한 영향이 반영되지 아니하였습니다.\n집합투자기구가 투자한 당기손익공정가치측정금융자산평가손익 인식 방법\n연결실체의 종속기업 중 집합투자기구가 투자한 당기손익-공정가치측정 금융자산평가손익은 아래 주주 간 약정에 따라 인식합니다.(1) 우선주 보유 주주의 출자원금에 대한 내부수익률이 약정된 수익률에 달할 때까지해당 금액을 현금으로 보통주식에 우선하여 우선주식에 배당(2) 이후 남는 금액이 존재하는 경우, 보통주 보유 주주(지배기업의 종속회사 및 다른보통주 주주)의 출자원금에 대한 내부수익률이 각 약정된 수익률에 달할 때까지 해당금액을 납입한 출자원금 비율에 비례하여 현금으로 보통주식에 배당(3) 이후 남는 금액이 존재하는 경우, 우선주 및 보통주 보유 주주 각 당사자의 출자원금에 대한 내부수익률이 각 약정된 수익률에 달할 때까지 해당 금액을 납입한 출자원금 비율에 비례하여 현금으로 보통주식과 우선주식에 동순위로 배당(4) 이후 남는 금액이 존재하는 경우, 보통주 보유 주주의 출자원금 비율에 비례하여 현금으로 보통주식에 배당\n비지배지분부채에 대한 약정사항에 대한 공시\n연결실체의 종속기업 중 집합투자기구는 청산 시 잔여 재산 분배에 있어서 업무집행사원에 대한 관리보수, 성과보수 지급 및 우선순위 등에 관한 약정을 맺고 있습니다.\n28. 특수관계자와의 거래 (연결)\n특수관계자에 대한 공시\n\u3000\n특수관계자에 대한 공시\n\u3000\n\u3000\n\u3000\n\u3000\n\u3000\n회사명\n특수관계의 성격에 대한 기술\n전체 특수관계자\xa0\n특수관계자\xa0\n지배기업\n롯데케미칼 주식회사\n\u3000\n관계기업 등\n롯데케미칼이노베이션펀드 2호, 스카이레이크 롱텀 스트래티직 인베스트먼트 주식회사, 솔루스첨단소재(주)\n스카이레이크 롱텀 스트래티직 인베스트먼트 주식회사의 경우, 종속기업인 스카이스크래퍼 롱텀 스트래티직 사모투자 합자회사가 동 회사의 지분 취득을 통해 유의적인 영향력을 행사함에 따라 관계기업 등으로 분류하였습니다. 또한, 솔루스첨단소재(주)의 경우 스카이레이크 롱텀 스트래티직 인베스트먼트 주식회사가 솔루스첨단소재(주)의 지분 취득을 통해 지배력을 획득함에 따라 관계기업 등으로 분류하였습니다.\n공동기업\n롯데이네오스화학주식회사\n\u3000\n기타의 특수관계자\n한덕화학주식회사, 롯데엠시시(주), 롯데미쓰이화학(주), 롯데베르살리스 엘라스토머스(주), LOTTE Chemical USA Corporation, 롯데건설(주), 롯데지주(주), 롯데물산(주), 스카이레이크에쿼티파트너스 유한회사\n스카이레이크에쿼티파트너스 유한회사의 경우, 스카이스크래퍼 롱텀 스트래티직 사모투자 합자회사의 업무집행사원으로 기타의 특수관계자로 분류하였습니다. 매출 등의 거래 또는 채권 등 잔액이 있는 기타 특수관계자만 포함하였습니다.\n기타\n롯데기업집단 계열회사\n기업회계기준서 제1024호에 따른 특수관계자 범위에는 포함되지 않으나 독점규제 및 공정거래법에 따른 동일한 대규모기업집단 소속회사 중 연결실체와 매출 등의 거래 또는 채권ㆍ채무잔액이 있는 회사만 포함하였습니다.\n특수관계자거래에 대한 공시\n\u3000\n특수관계자거래에 대한 공시\n당분기\n(단위 : 천원)\n\u3000\n\u3000\n\u3000\n\u3000\n특수관계자거래\n특수관계자거래에 대한 기술\n\u3000\n\u3000\n\u3000\n\u3000\n매출\n기타\n매입\n자산 취득\n기타\n전체 특수관계자\xa0\n특수관계자\xa0\n지배기업\n롯데케미칼 주식회사\n8,460,045\n179,846\n31,144,958\n1,308,152\n24,247,480\n지배기업에게 지급한 배당금이 포함되어 있습니다.\n공동기업\n롯데이네오스화학주식회사\n56,352\n35,256,738\n271,434\n0\n3,173\n공동기업으로부터 수령한 배당금수익이 포함되어 있습니다.\n기타의 특수관계자\n한덕화학주식회사\n45,763,931\n537,188\n0\n0\n114,846\n\u3000\n롯데엠시시(주)\n33,821\n0\n365,106\n0\n0\n\u3000\n롯데미쓰이화학(주)\n192,719\n0\n0\n0\n0\n\u3000\n롯데베르살리스 엘라스토머스(주)\n103,268\n0\n0\n0\n0\n\u3000\nLOTTE Chemical USA Corporation\n0\n0\n0\n0\n15,146\n\u3000\n롯데지주(주)\n0\n0\n0\n0\n3,931,058\n\u3000\n롯데물산(주)\n0\n0\n0\n0\n33,164\n\u3000\n롯데건설(주)\n0\n0\n0\n0\n36,794\n\u3000\n스카이레이크에쿼티파트너스 유한회사\n0\n0\n0\n0\n2,176,256\n\u3000\n기타\n롯데기업집단 계열회사\n434,187\n328,831\n5,568,157\n1,103,025\n13,166,016\n\u3000\n전분기\n(단위 : 천원)\n\u3000\n\u3000\n\u3000\n\u3000\n특수관계자거래\n특수관계자거래에 대한 기술\n\u3000\n\u3000\n\u3000\n\u3000\n매출\n기타\n매입\n자산 취득\n기타\n전체 특수관계자\xa0\n특수관계자\xa0\n지배기업\n롯데케미칼 주식회사\n10,851,245\n235,195\n11,864\n0\n39,793,161\n지배기업에게 지급한 배당금이 포함되어 있습니다.\n공동기업\n롯데이네오스화학주식회사\n140,945\n50,737,917\n283,362\n0\n3,846\n공동기업으로부터 수령한 배당금수익이 포함되어 있습니다.\n기타의 특수관계자\n한덕화학주식회사\n36,839,585\n597,832\n0\n0\n107,119\n\u3000\n롯데엠시시(주)\n27,923\n0\n178,466\n0\n0\n\u3000\n롯데미쓰이화학(주)\n279,043\n0\n0\n0\n0\n\u3000\n롯데베르살리스 엘라스토머스(주)\n51,129\n0\n0\n0\n0\n\u3000\nLOTTE Chemical USA Corporation\n0\n0\n0\n0\n20,608\n\u3000\n롯데지주(주)\n0\n0\n0\n0\n4,401,295\n\u3000\n롯데물산(주)\n0\n0\n0\n0\n50,810\n\u3000\n롯데건설(주)\n0\n0\n0\n0\n32,724\n\u3000\n스카이레이크에쿼티파트너스 유한회사\n0\n0\n0\n0\n2,174,254\n\u3000\n기타\n롯데기업집단 계열회사\n588,353\n263,783\n6,227,246\n1,822,865\n14,132,650\n\u3000\n특수관계자거래의 채권·채무 잔액에 대한 공시\n특수관계자거래의 채권·채무 잔액에 대한 공시\n당분기말\n(단위 : 천원)\n\u3000\n\u3000\n\u3000\n채권\n채무\n\u3000\n\u3000\n\u3000\n매출채권\n미수금 등\n매입채무\n미지급금 등\n전체 특수관계자\xa0\n지배기업\xa0\n롯데케미칼 주식회사\xa0\n1,055,092\n33,563\n721,074\n126,750,514\n공동기업\n롯데이네오스화학주식회사\n0\n0\n0\n301\n기타의 특수관계자\n한덕화학주식회사\xa0\n6,116,380\n62,147\n0\n14,037\n롯데엠시시(주)\xa0\n2,175\n0\n27,483\n0\n롯데미쓰이화학(주)\xa0\n21,320\n0\n0\n0\n롯데베르살리스 엘라스토머스(주)\xa0\n13,862\n0\n0\n0\nLOTTE Chemical USA Corporation\n0\n0\n0\n7,109\n롯데지주(주)\xa0\n0\n0\n0\n558,293\n롯데물산(주)\xa0\n\u3000\n\u3000\n\u3000\n\u3000\n롯데건설(주)\xa0\n0\n0\n0\n4,915\n스카이레이크 에쿼티파트너스 유한회사\xa0\n0\n0\n0\n2,176,256\n그 밖의 기타특수관계자\xa0\n롯데기업집단 계열회사\xa0\n24,795\n1,037,901\n803,728\n2,554,512\n전기말\n(단위 : 천원)\n\u3000\n\u3000\n\u3000\n채권\n채무\n\u3000\n\u3000\n\u3000\n매출채권\n미수금 등\n매입채무\n미지급금 등\n전체 특수관계자\xa0\n지배기업\xa0\n롯데케미칼 주식회사\xa0\n1,210,078\n0\n30,800\n810,859\n공동기업\n롯데이네오스화학주식회사\n32,949\n0\n56,270\n753\n기타의 특수관계자\n한덕화학주식회사\xa0\n5,300,368\n62,025\n0\n26,569\n롯데엠시시(주)\xa0\n6,190\n0\n175,306\n0\n롯데미쓰이화학(주)\xa0\n28,677\n0\n0\n0\n롯데베르살리스 엘라스토머스(주)\xa0\n14,785\n0\n0\n0\nLOTTE Chemical USA Corporation\n\u3000\n\u3000\n\u3000\n\u3000\n롯데지주(주)\xa0\n0\n0\n0\n494,945\n롯데물산(주)\xa0\n0\n0\n0\n6,178\n롯데건설(주)\xa0\n0\n0\n0\n3,930\n스카이레이크 에쿼티파트너스 유한회사\xa0\n0\n0\n0\n732,716\n그 밖의 기타특수관계자\xa0\n롯데기업집단 계열회사\xa0\n559,783\n941,020\n1,716,743\n3,487,560\n특수관계자로부터 제공받은 담보에 대한 공시\n\u3000\n특수관계자로부터 제공받은 담보에 대한 공시\n\u3000\n(단위 : 천원)\n\u3000\n금융상품\n\u3000\n기업대출\n\u3000\n거래상대방\n\u3000\n프로젝트샬롯(주)\n거래상대방의 성격에 대한 기술\n기타의 특수관계자인 롯데건설(주)가 신용공여한 사모사채를 매입할 목적으로 설립된 SPC\n장기대여금\n200,000,000\n보유하고 있는 담보와 그 밖의 신용보강에 대한 기술\n동 거래와 관련하여 롯데건설(주) 소유의 부동산 및 사업장 후순위 수익권을 담보로 제공받았습니다.\n주요 경영진에 대한 보상\n\u3000\n주요 경영진에 대한 보상\n당분기\n(단위 : 백만원)\n\u3000\n공시금액\n단기종업원급여\n1,077\n퇴직급여\n107\n주요 경영진에 대한 기술\n상기 주요 경영진은 연결실체의 활동의 계획, 운영 및 통제에 대한 중요한 권한과 책임을 가진 등기임원들로 구성되어 있습니다.\n전분기\n(단위 : 백만원)\n\u3000\n공시금액\n단기종업원급여\n1,092\n퇴직급여\n124\n주요 경영진에 대한 기술\n상기 주요 경영진은 연결실체의 활동의 계획, 운영 및 통제에 대한 중요한 권한과 책임을 가진 등기임원들로 구성되어 있습니다.\n29. 매출액 및 부문별 정보 (연결)\n제품과 용역에 대한 공시\n제품과 용역에 대한 공시\n\u3000\n\u3000\n\u3000\n\u3000\n주요 재화 및 용역\n보고부문을 식별하기 위하여 사용한 요소에 대한 기술\n부문\xa0\n케미칼부문\n염소 계열 : ECH, 가성소다암모니아 계열 : 암모니아, 요소수\n\u3000\n그린소재부문\n산업용 셀룰로스 계열 : 메셀로스, 헤셀로스식의약용 셀룰로스 계열 : AnyCoat, AnyAddy\n\u3000\n부문 \xa0합계\n\u3000\n연결실체의 보고부문은 연결실체의 최고영업의사결정자가 주기적으로 검토하는 내부보고자료에 기초하여 구분됩니다.\n영업부문에 대한 공시\n영업부문에 대한 공시\n당분기\n(단위 : 천원)\n\u3000\n케미칼부문\n그린소재부문\n공통 및 기타\n연결조정\n부문 \xa0합계\n매출액\n841,104,458\n452,344,297\n8,416,728\n(59,934,230)\n1,241,931,253\n영업이익\n(5,682,822)\n45,477,586\n(1,422,531)\n(164,028)\n38,208,205\n기타수익\n0\n0\n53,641,594\n(35,607,160)\n18,034,434\n기타비용\n0\n0\n14,119,655\n(7,954)\n14,111,701\n금융수익\n0\n0\n33,242,884\n739,840\n33,982,724\n금융비용\n0\n0\n24,663,610\n(32,673)\n24,630,937\n지분법손익\n0\n0\n0\n14,877,769\n14,877,769\n전분기\n(단위 : 천원)\n\u3000\n케미칼부문\n그린소재부문\n공통 및 기타\n연결조정\n부문 \xa0합계\n매출액\n968,590,065\n423,493,991\n0\n(34,727,939)\n1,357,356,117\n영업이익\n62,553,058\n85,788,086\n(2,040,245)\n(24,319)\n146,276,580\n기타수익\n0\n0\n72,852,634\n(50,738,747)\n22,113,887\n기타비용\n0\n0\n21,548,834\n0\n21,548,834\n금융수익\n0\n0\n41,768,513\n507,918\n42,276,431\n금융비용\n0\n0\n13,478,265\n0\n13,478,265\n지분법손익\n0\n0\n0\n38,453,701\n38,453,701\n지역에 대한 공시\n지역에 대한 공시\n당분기\n(단위 : 천원)\n\u3000\n\u3000\n수익(매출액)\n\u3000\n\u3000\n3개월\n누적\n지역\xa0\n국내\n206,802,371\n618,421,772\n아시아\n98,901,603\n297,875,559\n북미\n44,378,944\n120,304,136\n유럽\n47,024,180\n126,982,594\n기타\n23,307,623\n78,347,192\n지역 \xa0합계\n420,414,721\n1,241,931,253\n전분기\n(단위 : 천원)\n\u3000\n\u3000\n수익(매출액)\n\u3000\n\u3000\n3개월\n누적\n지역\xa0\n국내\n209,277,457\n752,838,802\n아시아\n99,719,053\n299,040,003\n북미\n26,165,037\n87,770,408\n유럽\n31,532,776\n105,400,697\n기타\n34,506,366\n112,306,207\n지역 \xa0합계\n401,200,689\n1,357,356,117\n주요 고객에 대한 공시\n\u3000\n(단위 : 백만원)\n\u3000\n매출액의 10% 이상 차지하는 고객\n주요 고객에 대한 정보\n당분기 및 전분기 중 연결실체 매출액의 10% 이상을 차지하는 단일 고객은 없습니다.\n고객과의 계약에서 생기는 수익\n0\n고객과의 계약에서 생기는 수익\n\u3000\n고객과의 계약에서 생기는 수익\n당분기\n(단위 : 천원)\n\u3000\n\u3000\n수익(매출액)\n\u3000\n\u3000\n3개월\n누적\n제품과 용역\xa0\n재화의 판매로 인한 수익\n403,619,138\n1,204,546,628\n용역의 제공으로 인한 수익\n16,795,583\n37,384,625\n제품과 용역 \xa0합계\n420,414,721\n1,241,931,253\n전분기\n(단위 : 천원)\n\u3000\n\u3000\n수익(매출액)\n\u3000\n\u3000\n3개월\n누적\n제품과 용역\xa0\n재화의 판매로 인한 수익\n395,060,411\n1,336,285,753\n용역의 제공으로 인한 수익\n6,140,278\n21,070,364\n제품과 용역 \xa0합계\n401,200,689\n1,357,356,117\n부문별 수익정보\n부문별 수익정보\n당분기\n(단위 : 천원)\n\u3000\n\u3000\n수익(매출액)\n\u3000\n\u3000\n3개월\n누적\n재화나 용역의 이전 시기\xa0\n한 시점에 인식\n403,619,138\n1,204,546,628\n기간에 걸쳐 인식\n16,795,583\n37,384,625\n재화나 용역의 이전 시기 \xa0합계\n420,414,721\n1,241,931,253\n전분기\n(단위 : 천원)\n\u3000\n\u3000\n수익(매출액)\n\u3000\n\u3000\n3개월\n누적\n재화나 용역의 이전 시기\xa0\n한 시점에 인식\n395,060,411\n1,336,285,753\n기간에 걸쳐 인식\n6,140,278\n21,070,364\n재화나 용역의 이전 시기 \xa0합계\n401,200,689\n1,357,356,117\n고객과의 계약에서 생기는 수취채권과 계약부채\n\u3000\n고객과의 계약에서 생기는 수취채권과 계약부채\n당분기말\n(단위 : 천원)\n\u3000\n\u3000\n공시금액\n수취채권\n\u3000\n수취채권\n매출채권\n250,088,799\n계약부채\n\u3000\n계약부채\n선수금\n3,175,095\n전기말\n(단위 : 천원)\n\u3000\n\u3000\n공시금액\n수취채권\n\u3000\n수취채권\n매출채권\n247,481,580\n계약부채\n\u3000\n계약부채\n선수금\n2,498,994\n30. 금융상품의 공정가치 (연결)\n금융자산의 장부금액 및 공정가치 공시\n\u3000\n금융자산의 장부금액 및 공정가치 공시\n당분기말\n(단위 : 천원)\n\u3000\n\u3000\n장부금액\n공정가치\n금융자산\n당기손익-공정가치측정 금융자산\n75,302,678\n75,302,678\n기타포괄손익-공정가치측정 금융자산\n10,043,410\n10,043,410\n전기말\n(단위 : 천원)\n\u3000\n\u3000\n장부금액\n공정가치\n금융자산\n당기손익-공정가치측정 금융자산\n95,039,868\n95,039,868\n기타포괄손익-공정가치측정 금융자산\n10,043,410\n10,043,410\n금융부채의 장부금액 및 공정가치 공시\n\u3000\n금융부채의 장부금액 및 공정가치 공시\n당분기말\n(단위 : 천원)\n\u3000\n\u3000\n장부금액\n공정가치\n금융부채\n기타비유동금융부채\n2,466,035\n2,466,035\n전기말\n(단위 : 천원)\n\u3000\n\u3000\n장부금액\n공정가치\n금융부채\n기타비유동금융부채\n3,205,875\n3,205,875\n공정가치측정 미공시 이유에 대한 공시, 금융상품\n한편, 현금및현금성자산, 매출채권, 기타금융자산, 장ㆍ단기금융자산, 매입채무, 단기차입금, 기타금융부채(비지배지분부채 제외) 등의 공정가치는 할인에 따른 효과가 유의적이지 않기 때문에 장부금액과 유사한 것으로 보아 공정가치 공시에서 제외하였습니다.\n공정가치 서열체계의 공시\n공정가치로 측정되거나 공정가치가 공시되는 자산은 공정가치 서열체계에 따라 구분하며, 정의된 수준들은 다음과 같습니다.- 동일한 자산이나 부채에 대한 활성시장의 (조정되지 않은) 공시가격(수준 1)- 직접적으로(예: 가격) 또는 간접적으로(예: 가격에서 도출되어) 관측가능한, 자산이나 부채에 대한 투입변수를 이용하여 산정한 공정가치. 단, 수준 1에 포함된 공시가격은 제외함(수준 2)- 관측가능한 시장자료에 기초하지 않은, 자산이나 부채에 대한 투입변수(관측가능하지 않은 투입변수)를 이용하여 산정한 공정가치(수준 3)연결실체는 계속적으로 공정가치로 인식하는 금융상품에 대해 매 보고기간말 분류를 재평가(측정치 전체에 유의적인 투입변수 중 가장 낮은 수준에 근거함)하여 수준간의 이동이 있는지를 판단하고 있습니다.\n공정가치 서열체계의 공시\n당분기말\n(단위 : 천원)\n\u3000\n\u3000\n수준 1\n수준 2\n수준 3\n공정가치 서열체계의 모든 수준 \xa0합계\n공정가치로 측정하는 금융자산\n\u3000\n\u3000\n\u3000\n\u3000\n공정가치로 측정하는 금융자산\n당기손익-공정가치측정 금융자산\n0\n75,005,654\n297,024\n75,302,678\n기타포괄손익-공정가치측정 금융자산\n0\n0\n10,043,410\n10,043,410\n공정가치 서열체계의 수준 1, 수준 2, 수준 3 사이에 이동이 없었다는 사실을 기술, 자산\n\u3000\n\u3000\n\u3000\n공정가치 수준 1과 수준 2 사이의 이동 및 공정가치 수준 3으로 또는 수준 3으로부터의 이동은 없습니다.\n공정가치로 측정하는 금융부채\n\u3000\n\u3000\n\u3000\n\u3000\n공정가치로 측정하는 금융부채\n기타비유동금융부채\n0\n0\n2,466,035\n2,466,035\n공정가치 서열체계의 수준 1, 수준 2, 수준 3 사이에 이동이 없었다는 사실을 기술, 부채\n\u3000\n\u3000\n\u3000\n공정가치 수준 1과 수준 2 사이의 이동 및 공정가치 수준 3으로 또는 수준 3으로부터의 이동은 없습니다.\n전기말\n(단위 : 천원)\n\u3000\n\u3000\n수준 1\n수준 2\n수준 3\n공정가치 서열체계의 모든 수준 \xa0합계\n공정가치로 측정하는 금융자산\n\u3000\n\u3000\n\u3000\n\u3000\n공정가치로 측정하는 금융자산\n당기손익-공정가치측정 금융자산\n0\n94,739,650\n300,218\n95,039,868\n기타포괄손익-공정가치측정 금융자산\n0\n0\n10,043,410\n10,043,410\n공정가치 서열체계의 수준 1, 수준 2, 수준 3 사이에 이동이 없었다는 사실을 기술, 자산\n\u3000\n\u3000\n\u3000\n공정가치 수준 1과 수준 2 사이의 이동 및 공정가치 수준 3으로 또는 수준 3으로부터의 이동은 없습니다.\n공정가치로 측정하는 금융부채\n\u3000\n\u3000\n\u3000\n\u3000\n공정가치로 측정하는 금융부채\n기타비유동금융부채\n0\n0\n3,205,875\n3,205,875\n공정가치 서열체계의 수준 1, 수준 2, 수준 3 사이에 이동이 없었다는 사실을 기술, 부채\n\u3000\n\u3000\n\u3000\n공정가치 수준 1과 수준 2 사이의 이동 및 공정가치 수준 3으로 또는 수준 3으로부터의 이동은 없습니다.\n']"
