text
"[""\nII. 사업의 내용\n1. 사업의 개요\n1. 주요 제품 및 매출\n\xa0 \xa0당사는 전문의약품 제조업체로 개량신약을 주로 판매하고 있습니다. 주요 제품은 블록버스터 개량신약 '실로스탄CR정', '아트맥콤비젤', '가스티인CR정' 등이 있습니다. 약 200여개 제품을 생산하여 2023년 매출 2,789억원을 달성하는 등 꾸준한 매출 성장과 함께 영업이익률 20% 수준을 유지하고 있습니다. 수출비중은 매출 대비 9%로\xa0전 세계 40여 개국에 완제의약품을 수출하고 있습니다. 2. 연구개발 전문기업\xa0 \xa0연구소는 1994년 설립된 이래, 우수한 연구진이 고품질 의약품과 신제품 개발에 몰두하고 있습니다. 업계 최상위 수준의 R&D 투자비율로 2004년에 산업통상자원부로부터 우수 제조 기술 연구 센터로 지정받을 만큼 R&D 능력이 우수합니다. 2012년에 정부로부터 혁신형 제약 기업으로 선정됐으며, 2014년에는 World Class 300 프로젝트에 선정되는 등 기술력을 꾸준히 인정 받고 있습니다. 개량신약 전문회사로 자리잡기 위해 꾸준히 노력하여 있으며, 매년 매출액 대비 11% 이상의 연구개발비를 투자한 결과 현재까지 총 14개의 개량신약 및 신 제제 개선품목을 출시했습니다. 신약 개발에도 지속적으로 투자하고 있습니다.\r\n※ 코로나19 치료제(UI030)은 코로나 엔데믹으로 인한 임상환자 모집 난항 및 시장성 악화로 2023년 2월 개발 중단 결정됨3. 첨단 생산 설비 및 시설을 위한 아낌없는 투자\xa0 \xa01992년 KGMP 적격업체로 지정된 이후 지속적인 투자를 통해 최신 설비와 장비를 구축하였고, 우수한 품질의 의약품 생산에 열성을 다하고 있습니다. 세종1공장에서는 여러 개량신약을 포함한 고형 제제의 생산이 활발히 진행되고 있으며, 2013년에는 cGMP, EUGMP 수준의 일반 주사제 전용 공장을 완공하여 주사제의 해외 수출 길도 열어 놓았습니다. 2017년에는 '고형제 스마트 공장'을 준공해 높은 생산성과 우수한 품질의 의약품을 자랑하고 있습니다.  \xa0 2013년부터 항암 치료제 전문 제조 공장으로 탈바꿈한 세종 2공장은 여러 우수한 항암 제품을 고도의 품질 보증 체계 하에 지속적으로 생산해 오고 있습니다. 현재 \xa0'흡입기 스마트 공장'은 KGMP 승인을 받았으며 최첨단 설비와 시설을 갖춘 항암제 신공장도 cGMP 승인을 목표로 준비하고 있습니다.\r\n2. 주요 제품 및 서비스\n가. 주요 제품 등의 현황\n(단위 : 백만원, %)\n매출유형\n2023년\n2022년\n2021년\n제품명\n실적\n비율\n제품명\n실적\n비율\n제품명\n실적\n비율\n제품\n실로스탄\n40,306\n14.4\n실로스탄\n39,527\n15.1\n실로스탄\n37,633\n17.0\n아트맥콤비젤\n30,741\n11.0\n아트맥콤비젤\n21,786\n8.3\n가스티인\n20,018\n9.1\n가스티인\n18,949\n6.8\n가스티인\n19,904\n7.6\n오메틸큐티렛\n9,352\n4.2\n오메틸큐티렛\n13,441\n4.8\n오메틸큐티렛\n12,176\n4.6\n아트맥콤비젤\n7,654\n3.5\n라베듀오\n11,518\n4.1\n라베듀오\n6,983\n2.7\n클란자\n6,872\n3.1\n나. 주요 제품 등의 가격변동추이\n\xa0 \xa0 \xa0 \xa0 \xa0 \xa0 \xa0 \xa0 \xa0 \xa0 \xa0 \xa0 \xa0 \xa0 \xa0 \xa0 \xa0 \xa0 \xa0 \xa0 \xa0 \xa0 \xa0 \xa0 \xa0 \xa0 \xa0 \xa0 \xa0 \xa0 \xa0 \xa0 \xa0 \xa0 \xa0 \xa0 \xa0 \xa0 \xa0 \xa0 \xa0 \xa0 \xa0 \xa0 \xa0 \xa0 \xa0 \xa0 \xa0 \xa0 \xa0 \xa0 \xa0 \xa0 (단위 : 원 )\n품 \xa0 \xa0 \xa0 \xa0 목\n제37기\n제36기\n제35기\n순환기계\n실로스탄씨알정 200mg\n1T\n1,025\n1,025\n1,025\n오메틸큐티렛연질캡슐 2g\n1포\n594\n594\n594\n아트맥콤비젤연질캡슐\xa0\n1C\n1,219\n1,219\n1,219\n소화기계\n가스티인씨알정 15mg\n1T\n340\n340\n340\n라베듀오정 20/800mg\n1T\n1,069\n1,069\n-\n3. 원재료 및 생산설비\n1. 주요 원재료\xa0 \xa0 국내 제약사들의 원료합성 국산화는 상당히 진전된 상태이나, 신제품에 대한 해외의존도가 심화되어 원료 및 완제의약품의 수입은 큰 폭으로 증가하고 있는 추세입니다. \xa0 \xa0 \xa0\xa0\r\n가. 주요원재료 등의 현황\n기준날짜: 2023.01~12월 \xa0 \xa0 \xa0 \xa0 \xa0 \xa0 \xa0 \xa0 \xa0 \xa0 \xa0 \xa0 \xa0 \xa0 \xa0 \xa0 \xa0 \xa0 \xa0 \xa0 \xa0 \xa0 \xa0 \xa0 \xa0 \xa0 \xa0 \xa0 \xa0 \xa0 \xa0 \xa0(단위 : 백만원, %)\n사업부문\n구체적용도\n품 목\n매입액\n비율\n제약\n순환기계\n(실로스탄 주원료)\n실로스타졸\n9,960\n19.2\n(아트맥콤비젤 주원료)\n아토르바스타틴칼슘수화물\n374\n0.7\n소화기계\n(가스티인 주원료)\n모사프리드\n708\n1.4\n(라베듀오정 주원료)\n라베프라졸\n1,069\n2.1\n탄산수소나트륨\n680\n1.3\n원재료\n기타\n기타\n48,836\n94.0\n부재료\n기타\n기타\n4,280\n8.2\n합 \xa0 \xa0 \xa0 \xa0 \xa0 \xa0계\n-\n51,977\n100.0\n나. 주요 원재료 등의 가격변동추이\n\xa0 \xa0 \xa0 \xa0 \xa0 \xa0 \xa0 \xa0 \xa0 \xa0 \xa0 \xa0 \xa0 \xa0 \xa0 \xa0 \xa0 \xa0 \xa0 \xa0 \xa0 \xa0 \xa0 \xa0 \xa0 \xa0 \xa0 \xa0 \xa0 \xa0 \xa0 \xa0 \xa0 \xa0 \xa0 \xa0 \xa0 \xa0 \xa0 \xa0 \xa0 \xa0 \xa0 \xa0 \xa0 \xa0 \xa0 \xa0 \xa0 \xa0 \xa0 \xa0 \xa0 (단위 : 천원)\n품 목\n제37기\n제36기\n제35기\n순환기계\n실로스타졸\nKg\n700\n659\n607\n아토르바스타틴칼슘수화물\nKg\n850\n850\n878\n소화기계\n모사프리드\nKg\n495\n526\n600\n라베프라졸\nKg\n1,800\n1,800\n-\n탄산수소나트륨\nKg\n41\n42\n-\n(1)산출기준\n\xa0 \xa0 원료단위별 구매단가를 산정하는 방법에는 단순평균에 의한 단가, 가중평균에의 단가, 연말단가를 기준으로 하는 방법 등이 있으며, 위 도표에 제시된 각 원료별 구매단가는 내수의 경우 단순평균단가를 이용하였고, 수입의 경우 단순평균단가를 이용하면서 수입시의 적정환율을 이용하였습니다. ※ 내수 및 수입단가는 매입액을 매입수량으로 나누어 계산한 값입니다.(2)주요 가격변동원인\n\xa0 \xa0 \xa0원재료의 주요 가격변동 요인으로는 환율변동과 원재료시장의 전체적인 가격변동 등이 있습니다.\n2. 생산 및 설비에 관한 사항\n가. 생산능력 및 생산능력의 산출근거\n(1) 생산능력\n(단위 : 천개)\n사업부문\n사업소\n품 목\n제37기\n제36기\n제35기\n제약\n전동공장\n(일반제 등)\n정제(일반)\n934,120\n934,120\n945,700\n경질캅셀(일반)\n164,560\n164,560\n166,600\n정제(페니실린계)\n36,300\n36,300\n36,750\n동결건조\n400\n429\n378\n분말Vial\n4,840\n4,840\n4,900\n액상Vial\n3,650\n3,525\n3,625\n액상Ample\n9,680\n9,680\n9,800\n연질캅셀\n77,440\n77,440\n78,400\n소 계\n1,230,990\n1,230,894\n1,246,153\n서면공장\n(항암제)\n정제\n40,656\n40,656\n41,160\n경질캅셀\n133,100\n133,100\n134,750\n동결건조\n1,580\n1,300\n1,070\n분말Vial\n4,840\n4,840\n4,900\n액상Vial\n1,260\n1,680\n2,040\n액상Ample\n4,840\n4,840\n4,900\n\xa0소 계\n186,276\n186,416\n188,820\n합 계\n1,417,266\n1,417,310\n1,434,973\n(2) 생산능력의 산출근거\n(가) 산출방법 등\n① 산출기준 \xa0 \xa0 \xa0 \xa0당사의 생산공정은 크게 경질캅셀, 정제, 연질캅셀, 동결건조, 분말Vial, 액상Ample, 액상Vial로 나눌수 있으며, 생산능력은 1일 생산가능량에 작업일수를 곱해서 산출되며, 인원 및 기계투입에 의해 생산량이 결정됩니다.\n② 산출방법\n\xa0 \xa0 \xa0 \xa0 \xa0 \xa0 \xa0 \xa0 \xa0 \xa0 \xa0 \xa0 \xa0 \xa0 \xa0 \xa0 \xa0 \xa0 \xa0 \xa0 \xa0 \xa0 \xa0 \xa0 \xa0 \xa0 \xa0 \xa0 \xa0 \xa0 \xa0 \xa0 \xa0 \xa0 \xa0 \xa0 \xa0 \xa0 \xa0 \xa0 \xa0 \xa0 \xa0 \xa0 \xa0 \xa0 \xa0 \xa0 \xa0 \xa0 \xa0 \xa0 \xa0 \xa0 \xa0 \xa0 \xa0 (단위 : 천개, 일)\n구분\n구분\n\xa0생산가능량\n가동가능일\n생산능력\n비고\n전동공장\n(일반제 등)\n정제(일반)\n3,860\n242\n934,120\n-\n경질캅셀(일반)\n680\n242\n164,560\n-\n정제(페니실린계)\n150\n242\n36,300\n-\n동결건조\n4\n94\n400\n-\n분말Vial\n20\n242\n4,840\n-\n액상Vial\n25\n146\n3,650\n-\n액상Ample\n40\n242\n9,680\n-\n연질캅셀\n320\n242\n77,440\n-\n서면공장(항암제)\n정제\n168\n242\n40,656\n-\n경질캅셀\n550\n242\n133,100\n-\n동결건조\n10\n158\n1,580\n-\n분말Vial\n20\n242\n4,840\n-\n액상Vial\n15\n84\n1,260\n-\n액상Ample\n20\n242\n4,840\n-\n※상기의 생산가능량은 1일기준 생산가능량입니다.\n※생산능력= 생산가능량 * 가동가능일수※가동가능일은 2023년 1월 1일~2023년 12월 31일 기준임\n(나) 평균가동시간\n\xa0 \xa0 \xa0 \xa0 \xa0 \xa0 \xa0 \xa0 \xa0 \xa0 \xa0 \xa0 \xa0 \xa0 \xa0 \xa0 \xa0 \xa0 \xa0 \xa0 \xa0 \xa0 \xa0 \xa0 \xa0 \xa0 \xa0 \xa0 \xa0 \xa0 \xa0 \xa0 \xa0 \xa0 \xa0 \xa0 \xa0 \xa0 \xa0 \xa0 \xa0 \xa0 \xa0 \xa0 \xa0 \xa0 \xa0 \xa0 \xa0 \xa0 \xa0 \xa0 \xa0 \xa0 \xa0 \xa0 \xa0 \xa0 \xa0 \xa0 \xa0 (단위 : 시간, 일)\n사업소\n구분\n일평균가동시간\n월평균가동일수\n가동일수\n총가동시간\n전동공장\n(일반제 등)\n정제(일반)\n4.9\n20\n242\n1,190\n경질캅셀(일반)\n2.1\n20\n242\n505\n정제(페니실린계)\n2.6\n20\n242\n639\n동결건조\n0.8\n8\n94\n78\n분말Vial\n0.0\n20\n242\n12\n액상Vial\n2.8\n12\n146\n415\n액상Ample\n0.6\n20\n242\n151\n연질캅셀\n6.5\n20\n242\n1,573\n서면공장(항암제)\n정제\n8.0\n20\n242\n1,937\n경질캅셀\n1.3\n20\n242\n316\n동결건조\n4.0\n13\n158\n625\n분말Vial\n0.0\n20\n242\n0\n액상Vial\n3.8\n7\n84\n320\n액상Ample\n0.1\n20\n242\n21\n※월평균가동일수 = 가동일수 / 가동월수※총가동시간 = 일평균가동시간 * 가동일수\n나. 생산실적 및 가동률\n(1) 생산실적\n(단위 : 천개)\n사업부문\n사업소\n품 목\n제37기\n제36기\n제35기\n제약\n전동공장\n(일반제 등)\n정제(일반)\n574,126\n440,453\n378,417\n경질캅셀(일반)\n42,964\n27,887\n24,930\n정제(페니실린계)\n11,983\n11,976\n6,271\n동결건조\n41\n42\n19\n분말Vial\n30\n36\n37\n액상Vial\n1,297\n1,183\n1,205\n액상Ample\n755\n2,157\n1,329\n연질캅셀\n62,923\n62,868\n61,128\n소 계\n694,119\n546,602\n473,336\n서면공장(항암제)서면공장(항암제)\n정제\n40,679\n31,892\n15,581\n경질캅셀\n21,704\n12,438\n21,509\n동결건조\n782\n833\n683\n분말Vial\n0\n78\n38\n액상Vial\n600\n1,204\n1,449\n액상Ample\n51\n354\n514\n\xa0소 계\n63,816\n46,799\n39,774\n합 계\n757,935\n593,401\n513,110\n(2) 당해 사업연도의 가동률\n(단위 : 시간, %)\n사업소(제품부문)\n품 \xa0목\n연간가동가능시간\n연간실제가동시간\n평균가동률\n전동공장(일반제 등)\n정제(일반)\n1,936\n1,190\n61.5\n경질캅셀(일반)\n1,936\n505\n26.1\n정제(페니실린계)\n1,936\n639\n33.0\n동결건조\n752\n78\n10.4\n분말Vial\n1,936\n12\n0.6\n액상Vial\n1,168\n415\n35.5\n액상Ample\n1,936\n151\n7.8\n연질캅셀\n1,936\n1,573\n81.3\n서면공장(항암제)\n정제\n1,936\n1,937\n100.1\n경질캅셀\n1,936\n316\n16.3\n동결건조\n1,264\n625\n49.4\n분말Vial\n1,936\n0\n0.0\n액상Vial\n672\n320\n47.6\n액상Ample\n1,936\n21\n1.1\n※연간가동가능시간 = 가동일수 * 8시간※평균가동률 = 연간실제가동시간 / 연간가동가능시간※연간가동가능시간 및 연간실제가동시간은 \xa01월 1일 ~ 12월 31일 기준임.\n다. 생산설비의 현황 등\n(1) 생산설비의 현황\n[자산항목 : 건물]\n(단위 : 천원)\n사업소\n소유형태\n소재지\n구분(㎡)\n기 \xa0 \xa0 초장부가액\n당기증감\n당기상각\n기말장부가액\n비고\n증가\n감소\n전동공장\n자가(등기)\n세종시 전동면\n노장공단길\n25-23,15,25-15\n22,553.26\n7,946,195\n11,851,662\n-\n529,151\n19,268,707\n-\n서면공장\n자가(등기)\n세종시 연서면\n공단로 107\n16,323.81\n9,250,418\n-\n-\n277,434\n8,972,984\n-\n합 계\n17,196,613\n11,851,662\n-\n806,585\n28,241,691\n-\n[자산항목 : 구축물 ]\n(단위 : 천원 )\n사업소\n소유형태\n소재지\n구분\n기 \xa0 \xa0 초장부가액\n당기증감\n당기상각\n기말장부가액\n비고\n증가\n감소\n전동공장\n자가(등기)\n세종시 전동면\n노장공단길\n25-23,15\n옹벽공사외\xa0\n149,724\n-\n-\n18,318\n131,406\n-\n서면공장\n자가(등기)\n세종시 연서면\n공단로 107\n지하수개발공사 외\n1,588,576\n40,000\n-\n83,056\n1,545,520\n-\n합 계\n1,738,300\n40,000\n-\n101,374\n1,676,926\n-\n[자산항목 : 기계장치 ]\n(단위 : 천원 )\n사업소\n소유형태\n소재지\n구분(대)\n기 \xa0 \xa0 초장부가액\n당기증감\n당기상각\n기말장부가액\n비고\n증가\n감소\n전동공장\n자가(등기)\n세종시 전동면\n노장공단길25-23,15\nDCM용출기 외\n3,160,823\n2,631,385\n277,363\n1,486,903\n4,027,942\n-\n서면공장\n자가(등기)\n세종시 연서면\n공단로 107\nHPLC 외\n7,728,679\n2,348,063\n151,431\n2,144,041\n7,781,271\n-\n합 계\n10,889,502\n4,979,448\n428,794\n3,630,944\n11,809,213\n-\n[자산항목 : 기타유형자산(건물부속설비,공구와기구) ]\n(단위 : 천원 )\n사업소\n소유형태\n소재지\n구분\n기 \xa0 \xa0 초장부가액\n당기증감\n당기상각\n기말장부가액\n비고\n증가\n감소\n전동공장\n건물부속설비\n세종시 전동면\n노장공단길25-23,15\n작업장 판넬 공사 외\n6,243,857\n738,390\n-\n549,439\n6,432,808\n-\n공구와기구\n세종시 전동면\n노장공단길25-23,15\n무균시험기기 외\n934,049\n979,585\n7,100\n378,031\n1,528,503\n-\n서면공장\n건물부속설비\n세종시 연서면\n공단로 107\n작업장 판넬 공사 외\n9,878,584\n47,990\n-\n588,459\n9,338,115\n-\n공구와기구\n세종시 연서면\n공단로 107\n자동경도계 외\n1,839,914\n1,067,882\n-\n415,069\n2,492,727\n-\n합 계\n18,896,404\n2,833,847\n7,100\n1,930,998\n19,792,153\n-\n[자산항목 : 토지 ]\n(단위 : 천원 )\n사업소\n소유형태\n소재지\n구분(㎡)\n기 \xa0 \xa0 초장부가액\n당기증감\n당기상각\n기말장부가액\n비고\n증가\n감소\n전동공장\n자가(등기)\n세종시 전동면\n노장공단길\n25-23\n2,231\n521,118\n-\n-\n-\n521,118\n-\n자가(등기)\n세종시 전동면\n노장공단길\n25-23(404-29,35)\n4,665\n1,030,965\n-\n-\n-\n1,030,965\n-\n자가(등기)\n세종시 전동면\n노장공단길\n25-23(404-30,39)\n706\n156,026\n-\n-\n-\n156,026\n-\n자가(등기)\n세종시 전동면\n노장공단길\n15(404-16)\n9,844\n2,697,256\n-\n-\n-\n2,697,256\n-\n자가(등기)\n세종시 전동면\n노장리 379-2\n1,425\n486,339\n-\n-\n-\n486,339\n-\n자가(등기)\n세종시 전동면\n노장리 404-24\n7,428\n3,027,841\n-\n-\n-\n3,027,841\n-\n서면공장\n자가(등기)\n세종시 연서면\n공단로 107\n7,630\n1,838,926\n-\n-\n-\n1,838,926\n-\n합 계\n9,758,471\n-\n-\n-\n9,758,471\n-\n4. 매출 및 수주상황\n1. 매출에 관한 사항\n가. 매출실적\n(단위 : 백만원)\n구분\n2023년\n2022년\n2021년\n제품명\n실적\n제품명\n실적\n제품명\n실적\n내수\n실로스탄\n40,306\n실로스탄\n39,527\n실로스탄\n37,633\n아트맥콤비젤\n30,741\n아트맥콤비젤\n21,786\n가스티인\n20,018\n가스티인\n18,949\n가스티인\n19,904\n오메틸큐티렛\n9,352\n오메틸큐티렛\n13,441\n오메틸큐티렛\n12,176\n아트맥콤비젤\n7,654\n라베듀오\n11,518\n라베듀오\n6,983\n클란자\n6,872\n글리세틸\n6,752\n글리세틸\n6,864\n글리세틸\n6,443\n옴니헥솔주\n6,521\n클란자\n6,597\n옴니헥솔주\n6,330\n클란자\n5,980\n뉴부틴\n6,203\n뉴부틴\n6,136\n뉴부틴\n5,920\n옴니헥솔주\n5,921\n유니그릴\n5,488\n유니그릴\n5,386\n유니그릴\n5,557\n반코진\n4,778\n기타\n109,679\n기타\n106,100\n기타\n87,013\n수출\n항암제 등\n23,750\n항암제 등\n24,904\n항암제 등\n23,323\n합계\n-\n278,943\n-\n262,522\n-\n221,040\n나. 판매경로 및 판매방법 등\n(1) 판매경로\n판매대상\n판매경로\n①국공립병원\n도매상에 가격제시 →도매상입찰→ \xa0도매상납품→병원납품\n②사립종합병원 및  \xa0 \xa0준종합병원\n1.입찰시 : 도매상에 가격제시 → 입찰 → 도매상납품 → 병원납품 2.단가계약시 : 단가계약 → 병원납품\n③의원, 약국\n기준출하가 → 의원, 약국 납품 *약국 : 거래약정서\n④도매\n단가계약 → 도매상납품 *도매상 : 거래약정서, 보증인, 담보, 선수금\n⑤군ㆍ관납\n1.직접입찰시 : 입찰 → 국방부납품 2.간접입찰시 : 도매상에 가격제시 → 입찰 → 도매상납품 → \xa0 \xa0 \xa0 \xa0 \xa0 \xa0 \xa0 \xa0 \xa0 \xa0 군ㆍ관납\n⑥수출\n바이어개발 → 품목등록(국가별) → 오더수주 → 생산 → 선적\n(2) 판매방법 및 조건\n①내수 \xa0 서울, 수도권 및 각 지방에 분실ㆍ사무소를 운영하여 거래처를 직접 방문하여 주문을 받아 직접배송 등을 통해 거래처 또는 도매상에 의약품을 공급하고 있으며, 거래조건으로는 병,의원 및 약국은 현금ㆍ어음 및 카드, 도매상에는 어음 및 수표로 거래가 이루어 지고 있다. ②수출 \xa0 당사의 수출비중은 전체매출의\xa09%내외로,\xa0판매방법으로는 수출의 대부분을 차지하는 바이어와의 직거래 방법과 그외 Agent를 통한 방법 및 해외지사를 통한 판매방법이 있는데, 향후엔 해외지사를 통한 현지공장생산,판매방법을 늘려나갈 예정이며, 판매조건은 신용장거래, D/A, D/P방식으로 판매된다.\xa0\r\n(3) 판매전략\n\xa0① 신제품 출시  ② 생동성시험 ③ PM제도 ④ 브로셔 및 판촉물 ⑤ 정기적인 영업 교육 2. 수주상황\n(단위 : USD)\n품목\n수주일자\n납기\n수주총액\n기납품액\n수주잔고\n수량\n금액\n수량\n금액\n수량\n금액\n하이드린캡슐 외 의약품 수출\n2023.01~ 2023.12\n-\n-\n22,216,244\n-\n17,945,046\n-\n24,507,436\n합 계\n-\n22,216,244\n-\n17,945,046\n-\n24,507,436\n※수주총액에는 이월금액(USD20,236,238)제외※당사는 국내매출의 경우 도매상 매출 및 병의원·약국에 직접매출 또는 군납 및 보건복지부의 입찰에 의하여 판매를 하기에 장기계약에 의한 수주의 판매가 일어나지 않고, 국외 매출의 경우에도 현지딜러를 통한 Order를 받아 통상 1 ~ 3개월내에 선적을 마치게 됨에 따라 장기계약에 따른 품목별 수주를 표기하기 곤란하기에 상기와 같이 국외매출의 수주상황을 총괄기재로 대체함.\n5. 위험관리 및 파생거래\n1. 시장위험과 위험관리\xa0가. 시장위험 \xa01) 금리위험당사는 정부의 기준금리 정책으로 인한 시장이자율의 변동으로 인하여 금융상품의 미래현금흐름이 변동할 위험입니다. 당사는 변동이자부 장기차입금이 시장이자율 변동위험에 노출되어있습니다. 2) 환위험당사는 환율 변동으로 인한 원재료 가격의 상승은 당사의 제품가격 정책에 영향을 끼칠 수 있습니다. 그러나 당사의 수출 매출액에 비해 수입원재료 구입액이 작은 규모이기 때문에 상쇄효과로 인한 환위험 헷지가 가능합니다. \xa0\xa0\xa03) 가격위험당사가 영위하는 의약품 산업은 정부의 약가 정책으로 인한 가격 변동 위험이 있습니다. 2000년 이후로 정부는 약가재평가, 포지티브 리스트, 기등재의약품 목록정비, 리베이트 - 약가 연동제, 시장형 실거래가 상환제도, 약가일괄 인하 정책 등을 시행하며 지속적으로 약가 인하 정책을 추진하고 있습니다.나.위험관리 1) 금리위험당사의 경영진은 이자율 현황을 주기적으로 검토하여 고정이자율차입금과 변동이자율차입금의 적절한 균형을 유지하고 있습니다. 2) 환위험당사는 환율변동으로 인한 Risk 최소화 및 안정적인 Cash Flow 확보를 외환관리 원칙으로 하며, 내부적으로 원화 환율 변동에 대한 환위험을 정기적으로 측정하고 투기적 외환관리를 금하고 있습니다.  3) 가격위험당사는 정부의 지속적인 약가정책 리스크를 극복하기 위하여 상대적으로 약가가 높은 제품인 개량신약 개발에 집중하고 있으며, 약가리스크에 노출되지 않는 수출 및 해외법인 매출 확대를 위해 노력하고 있습니다.\n2. 파생상품 등에 관한 사항\n당사는 보고서 제출일 현재 체결된 파생상품계약이 존재하지 않습니다.\n6. 주요계약 및 연구개발활동\n1. 경영상의 주요계약 등\n가.라이센스아웃(License-out) 계약\n\xa0\xa0\n공시서류 작성기준일 현재 당사가 체결 중인 라이센스아웃(License-out) 계약의 현황은 다음과 같습니다.\n\xa0\xa0\n<라이센스아웃 계약 총괄표>\n(단위: USD)\n품 목\n계약상대방\n대상지역\n계약체결일\n계약종료일\n총계약금액\n수취금액\n진행단계\n클란자CR정\nTeva pharmaceutical Industries LTD\n러시아, 우크라이나, 카자흐스탄, 우즈베키스탄, 벨라루스\n2013.02.05\n제품 시판후5년\n2,232,430\n2,886,265\n수출중\n실로스탄CR정\nBeijingMeonepharma.Technology\n중국(홍콩 및 마카오 포함)\n2016.11.15\n제품 등록후15년\n64,350,000\n202,120\n계약해지\n항암제\nArborMedPharmaceutical.\n미국\n2018.10.12\n2030.10.11\n62,750,000\n-\n제제연구\n레보틱스CR정\nMCQMedical Co.Ltd\n태국\n2023.09.05\n제품 발매 후5년\n53,085,298\n20,000\n허가 서류준비중\n합 계\n182,417,728\n3,108,385\n- \xa0\n\xa0\xa0\n(1)품 목 : 클란자CR정\n①계약상대방\nTeva pharmaceutical Industries LTD(Teva)-이스라엘\n②계약내용\nTeva는 클란자CR정에 대한 대상지역내 독점적 판매권리를 갖고 생동시험, 허가, 현지상업화등을 진행\n③대상지역\n러시아, 우크라이나, 카자흐스탄, 우즈베키스탄, 벨라루스\n④계약기간\n계약체결일 : 2013.02.05\n계약종료일 : 제품 시판후 5년\n⑤총계약금액\nUSD 2,232,430* 상기 금액은 계약서상에 합의된 허가완료 후 3년간의 수량과 단가로 산정된 금액에 마일스톤 합친 금액입니다.\n⑥수취금액\n1차 마일스톤(Milestione) : USD 40,000 2013년 09월 수취2차 마일스톤(Milestione) : USD 35,000 2013년 09월 수취3차 마일스톤(Milestione) :USD 80,000 2019년 02월 수취4차 마일스톤(Milestione) :USD 65,000 2019년 06월 수취2023.12.31까지 수출금액 USD 2,666,265\xa0\n⑦계약조건\n1. 마일스톤(Milestione): USD 220,000\n\xa0- 1차 마일스톤 : 계약서 체결 및 Teva 실사 통과 후 USD 40,000 - 2차 마일스톤 : 러시아 허가 신청 후 USD 35,000 - 3차 마일스톤 : 러시아 시판허가 완료 후 USD 80,000 - 4차 마일스톤 : 러시아에서 시판 후 USD 65,0002. 연차별 공급 금액 - 1년차 USD 254,310 - 2년차 USD 651,210 - 3년차 USD 1,106,910\n⑧회계처리방법\n1차, 2차 마일스톤 수취액 USD 75,000은 수취일 기준으로 일시 수익 인식3차, 4차 마일스톤 수취액 USD 145,000은 계약기간동안 정액법으로 수익 인식수출금액 USD 2,666,265 은 수취일 기준으로 일시 수익 인식\n⑨대상기술\n1일1회 1정을 복용하는 아세클로페낙 제제\n⑩개발진행경과\n<Teva>\n러시아 (수출중)2015.06 시판허가 신청2018.04 시판허가 취득2019.02 시판 \xa0\n우크라이나 (수출중)2015.03 시판허가 신청2016.11 시판허가 취득2019.08 시판\n⑪기타사항\n-\n\xa0\xa0\n(2)품 목 : 실로스탄CR정\n①계약상대방\nBeijing Meone pharma.Technology(Meone) - 중국\n②계약내용\nMeone는 실로스탄CR정에 대한 중국내 독점적 판매권리를 갖고 임상시험, 허가, 현지상업화등을 진행\n③대상지역\n중국(홍콩 및 마카오 포함)\n④계약기간\n계약체결일 : 2016.11.15\n계약종료일 : 제품 등록후 15년\n⑤총계약금액\nUSD 64,350,000* 상기 금액은 계약서상에 합의된 허가완료 후 15년간의 수량과 단가로 산정된 금액에 마일스톤 합친 금액입니다.\n⑥수취금액\n1차 마일스톤(Milestione) : USD 202,120(USD 37,880 세금 원천징수)\n\xa0 \xa0 \xa0 \xa0 \xa0 \xa0 \xa0 \xa0 \xa0 \xa0 \xa0 \xa0 \xa0 \xa0 \xa0 \xa0 \xa0 \xa0, 2017년 04월 수취\n⑦계약조건\n1. 마일스톤(Milestione): USD 800,000\n\xa0- 1차 마일스톤 : 계약서 날인 후 USD 240,000 - 2차 마일스톤 : 임상승인 완료 후 USD 240,000 - 3차 마일스톤 : 시판허가 완료 후 USD 320,0002. 연차별 공급 금액 - 1년차 USD 1,550,000 - 2년차 USD 2,170,000 - 3년차 USD 2,790,000 - 4년차 USD 3,410,000 - 5년차 USD 4,030,000 - 6~15년차는 매년 USD 4,960,000 공급예정입니다.\n⑧회계처리방법\n마일스톤 수취액 USD 202,120은 수취일 기준으로 일시 수익 인식\n⑨대상기술\n1일1회 1정을 복용하는 실로스타졸 제제\n⑩개발진행경과\n<Meone>\n2018.11 PK 윤리심사 완료\n⑪기타사항\n2023.06 계약해지(종료)\n\xa0 (3)품 목 : 항암제\n①계약상대방\nArborMed Pharmaceutical. - 미국\n②계약내용\n한국유나이티드제약에서 항암주사제 2품목을 생산하며, ArborMed사에서 미국 허가권 획득 및 공급을 한다.\n③대상지역\n미국\n④계약기간\n계약체결일 : 2018.10.02\n계약종료일 : 계약 체결일로부터 12년, 제품출시 후 최소 7년 판매보장, \xa0 \xa0 \xa0 \xa0 \xa0 \xa0 \xa0 \xa0 \xa0계약만료 6개월전 사전 통보 없을 경우 1년 단위 자동연장\n⑤총계약금액\nUSD 62,750,000* 상기 금액은 계약서상에 합의된 허가완료 후 5년간의 수량과 단가로 산정된 금액에 마일스톤 합친 금액입니다.\n⑥수취금액\n없음\n⑦계약조건\n1. 계약금 (Upfront Payment) : 없음2. 마일스톤(Milestione) : 없음\n3. 로열티 (Royalty) : 없음4. 연차별 공급 금액 - 1년차 ~ 5년차 매해 USD 12,550,000 - 2년차 이후는 재협상을 통한 공급 가격 재결정\n⑧회계처리방법\n수취일 기준으로 일시 수익 인식\n⑨대상기술\n항암주사제\n⑩개발진행경과\n<KUP>제제연구\n⑪기타사항\n-\n\xa0(4)품 목 : 레보틱스CR정\n①계약상대방\nMCQ Medical Co.Ltd.- 태국\n②계약내용\n한국유나이티드제약에서 태국 내 허가를 위한 자료를 제공하고, MCQ社는 현지에서 필요한 허가 요건을 갖춰서 허가 취득 후 유나이티드가 생산한 완제품 수입 및 유통\n③대상지역\n태국\n④계약기간\n계약체결일 : 2023.09.05\n계약종료일 : 제품 발매 후 5년 \xa0 \xa0 \xa0 \xa0 \xa0 \xa0 \xa0 \xa0 (계약 만료 6개월 전 사전 통보 없을 경우 3년 단위 자동연장)\n⑤총계약금액\nUSD 53,085,298* 상기 금액은 계약서상에 합의된 제품 발매 후 5년간의 수량과 단가로 산정된 금액에 마일스톤 합친 금액입니다.\n⑥수취금액\n1차 마일스톤(Milestione) : USD 20,000, 2023년 01월 수취\n⑦계약조건\n1. 마일스톤(Milestione): USD 300,000\n\xa0- 1차 마일스톤 : MOU, Term Sheet 사인 USD 20,000 - 2차 마일스톤 : Zone Ⅳb 6개월 안정성 자료 완료 USD 20,000 - 3차 마일스톤 : ACTD 자료 준비 USD 30,000 - 4차 마일스톤 : 태국 내 품목허가 USD 30,000 - 발매 후 5년간 매년 연말 USD 40,000 × 5년 = USD 200,0002. 연차별 공급 금액 - 1년차 USD 2,165,130 - 2년차 USD 3,429,216 - 3년차 USD 10,794,672 - 4년차 USD 17,849,354 - 5년차 USD 18,546,926\n⑧회계처리방법\n수취일 기준으로 일시 수익 인식\n⑨대상기술\n1일2회 1회1정을 복용하는 Levodropropizine 서방형 제제\n⑩개발진행경과\n<KUP>허가 서류 준비 중 (Zone Ⅳb 안정성 자료 등)\n⑪기타사항\n-\n2. 연구개발활동\n가. 연구개발활동의 개요 한국유나이티드제약은 인류의 건강을 위해 인적, 물적 투자를 아끼지 않고 있습니다. 최첨단 시설과 연구진의 풍부한 노하우, 그리고 업계 최상위의 R&D 투자비용으로 2004년 7월에는 산업통상자원부로부터 우수 제조 기술 연구 센터 (Advanced Technology Center)로 지정받을 만큼 R&D 능력이 우수합니다. 이러한 활발한 R&D는 유나이티드제약의 첨단 기술력으로 이어나가고 있습니다. 2012년에는 정부로부터 혁신형 제약 기업으로 선정됐으며, 2014년에는 World Class 300 프로젝트에 선정되는 등 기술력을 꾸준히 인정받고 있습니다. 당사의 연구소는 1994년 설립된 이래로 80여 명의 우수한 연구진이 고품질 의약품과 신제품 개발에 몰두하고 있습니다. 매년 매출액 대비 업계 최상위권의 연구개발비를 투자한 결과 실로스탄CR, 가스티인CR, 아트맥콤비젤 등 다양한 개량신약 및 신 제제 개선 품목을 개발했으며, 앞으로도 꾸준히 개량신약 개발 성과를 거둘 예정입니다. 이 세상 모든 사람들의 건강한 생명, 풍요로운 삶을 위한 한국유나이티드제약의 노력은 멈추지 않을 것입니다. \n나.연구개발 담당조직\n\xa0\xa0\n(1)연구개발 조직 개요\n\xa0\xa0\n당사의 연구개발 조직은 세종연구소(세종시소재), 전동연구소(세종시소재), 서울연구소(서울시소재) 등 총 3개 연구소로 구성되어 있으며, 그 현황은 다음과 같습니다. \n\xa0<연구개발 조직 구성>\n연구소\n주요 업무\n세종연구소\n개량신약 및 제네릭 제제연구, 생동재평가 및 제제개선, 기시법 및 허가자료 작성, 특허연구, 설비변경 비교용출 및 해외등록, 국책과제 진행, 등\n서울연구소\n전동연구소\n<조직도>\n조직도\n(2) 연구개발 인력 현황\n\xa0\xa0\n공시서류 작성기준일 현재 당사는 박사급 7명, 석사급 46명 등 총 72명의 연구인력을 보유하고 있으며, 그 현황은 다음과 같습니다. \n\xa0 <연구개발 인력 현황>\n(단위: 명)\n구 분\n인 원\n박 사\n석 사\n기 타\n합 계\n연구센터(연구소장)\n1\n-\n-\n1\n세종연구소\n3\n23\n-\n26\n서울연구소\n3\n16\n8\n27\n전동연구소\n-\n7\n11\n18\n합 계\n7\n46\n19\n72\n\xa0\xa0\n(3) 핵심 연구인력\n\xa0\xa0\n\xa0당사의 핵심 연구인력은 연구소장인 최연웅, 서울연구소 박사 조상민, 세종연구소 박사 하대철, 서울연구소 박사 민병구, 세종연구소 박사 송희용 입니다.  연구소장인 최연웅은 강원대학교에서 약제학 박사과정을 수료하였으며, (전)서울제약 및 (현)한국유나이티드제약의 연구소장으로서 연구센터를 총괄 관리하는 직무를 수행하고 있습니다.\n<핵심 연구인력 현황>\n직 위\n성 명\n담당업무\n주요 경력\n주요 연구실적\n연구소장\n(전무)\n최연웅\n연구총괄\n최종 학력: 강원대학교 약제학 박사(전)서울제약 연구소장 (00~08)(현)한국유나이티드제약 연구센터 연구소장\n[논문]Double Controlled release of highly insoluble cilostzol using surfactant-driven pH dependent and pH-independent polymeric blends and in vivo bioavailability in beagle dogs (18, International Journal of Pharmaceutics 등[연구관리]국책과제 총괄관리, 연구과제 총괄관리[제제연구]개량신약 및 제네릭 제제연구 총괄관리\n총괄팀장(이사)\n조상민\n서울제제\n최종학력: 아주대학교 약학 박사(현)한국유나이티드제약 서울연구소 제제2팀 팀장\n[논문]Double Controlled release of highly insoluble cilostzol using surfactant-driven pH dependent and pH-independent polymeric blends and in vivo bioavailability in beagle dogs (18, International Journal of Pharmaceutics 등[연구관리]국책과제 진행, 연구과제 종합보고서 작성 및 보고[제제연구] 페노릭스 EH 등 IND 신제품 제제연구 진행\n팀장\n하대철\n세종제제\n최종학력: 충남대학교 약학 박사(현)한국유나이티드제약 세종연구소 제제1팀 팀장\n[논문]Biodistribution of newly synthesized PHEA-based polymer-coated SPION in Sprague Dawley rats as magnetic resonance contrast agent (2013, International Journal of Nanomedicine) 등[연구관리]국책과제 진행, 연구과제 종합보고서 작성 및 보고[제제연구]유니그릴CR정, 아트맥콤비젤 연질캡슐 등 IND 신제품 제제연구 진행\n팀장\n민병구\n서울제제\n최종학력: 충남대학교 약학 박사(현)한국유나이티드제약 서울제제연구소 제제1팀 팀장\n[논문]Development of Chronic and Acute Respiratory Therapeutics through the Mixture of Pelargonium sidoides and Coptisjaponica[연구관리]국책과제 진행, 연구과제 종합보고서 작성 및 보고[제제연구]로민콤푸시럽,칼로민S정 등 IND 신제품 제제연구 진행\n팀장\n송희용\n세종제제\n최종학력: 충남대학교 약학 박사(현)한국유나이티드제약 세종연구소 제제2팀 팀장\n[논문]Development of controlled release bi-layer tablet containing mosapride citrate 등[연구관리]국책과제 진행, 연구과제 종합보고서 작성 및 보고[제제연구]가스티인CR정, 로수맥콤비젤 연질캡슐 등 IND 신제품 제제연구 진행\n다.연구개발비용\n\xa0\xa0\n당사의 최근 3년간 연구개발비용은 다음과 같습니다. \xa0\n(단위 : 천원)\n과 \xa0 \xa0 \xa0 목\n제37기\n제36기\n제35기\n비 고\n원 \xa0재 \xa0료 \xa0비\n4,838,942\n4,747,509\n3,886,210\n-\n인 \xa0 \xa0건 \xa0 \xa0비\n7,406,913\n7,385,801\n7,085,953\n-\n감 가 상 각 비\n1,904,730\n1,681,657\n1,629,657\n-\n위 탁 용 역 비\n6,192,166\n4,913,968\n6,827,075\n-\n기 \xa0 \xa0 \xa0 \xa0 \xa0 \xa0타\n12,854,480\n11,333,005\n6,595,341\n-\n연구개발비용 계\n33,197,231\n30,061,940\n26,024,236\n-\n(정부보조금)\n197,953\n397,113\n345,526\n-\n보조금 차감 후 금액\n32,999,278\n29,664,827\n25,678,710\n-\n회계처리\n\xa0판매비와 관리비\n17,303,588\n15,535,632\n13,791,509\n-\n\xa0제조경비\n15,893,643\n14,526,308\n12,232,727\n-\n\xa0개발비(무형자산)\n-\n-\n-\n-\n\xa0회계처리금액 계\n33,197,231\n30,061,940\n26,024,236\n-\n연구개발비 / 매출액 비율[연구개발비용계÷당기매출액×100]\n11.9%\n11.5%\n11.8%\n-\n라.연구개발실적\n\xa0\xa0\n(1)연구개발 진행 현황 및 향후계획\n\xa0\xa0\n공시서류 작성기준일 현재 당사가 연구개발 진행 중인 내역은 다음과 같습니다. \n\xa0\xa0<연구개발 진행 총괄표>\n구 분\n품 목\n적응증\n연구시작일\n현재 진행단계\n비 고\n단계(국가)\n승인일\n화학\n합성\n개량신약\nUI022UI023\n순환기질환\n2015년\n품목허가 자진취하\n-\n-\nUI074\n소염진통\n2021년\n임상 3상(한국)\n2022년\n-\nUI064\n호흡기질환\n2019년\n임상 3상(한국)\n2023년\n-\nUI028\n소화기질환\n2014년\n임상 3상(한국)\n2019년\n-\n\xa0\n(가)품 목: UI022, UI023\n①구 분\n화학합성 개량신약\n②적응증\n순환기 치료제\n③작용기전\n정보 및 전략 등 노출의 우려로 공개 불가\n④제품의특성\n정보 및 전략 등 노출의 우려로 공개 불가\n⑤진행경과\n품목허가 자진취하\n⑥향후계획\n유효성 입증방안 추가 확보 후 품목허가 신청\n⑦경쟁제품\n-\n⑧관련논문등\n-\n⑨시장규모\n약 300억 규모\n⑩기타사항\n'2023.10.18 투자판단 관련 주요경영사항' 공시 참조\n(나)품 목: UI074\n①구 분\n화학합성 개량신약\n②적응증\n소염진통제\n③작용기전\n정보 및 전략 등 노출의 우려로 공개 불가\n④제품의특성\n정보 및 전략 등 노출의 우려로 공개 불가\n⑤진행경과\n임상 3상\n⑥향후계획\n임상 3상 완료\n⑦경쟁제품\n-\n⑧관련논문등\n-\n⑨시장규모\n약 300억 규모\n⑩기타사항\n-\n(다)품 목: UI064\n①구 분\n화학합성 개량신약\n②적응증\n호흡기질환 치료제\n③작용기전\n정보 및 전략 등 노출의 우려로 공개 불가\n④제품의특성\n정보 및 전략 등 노출의 우려로 공개 불가\n⑤진행경과\n임상 3상\n⑥향후계획\n임상 3상 완료 후 허가 신청\n⑦경쟁제품\n-\n⑧관련논문등\n-\n⑨시장규모\n약 300억 규모\n⑩기타사항\n-\n(라)품 목: UI028\n①구 분\n화학합성 개량신약\n②적응증\n소화기 치료제\n③작용기전\n정보 및 전략 등 노출의 우려로 공개 불가\n④제품의특성\n정보 및 전략 등 노출의 우려로 공개 불가\n⑤진행경과\n임상 3상\n⑥향후계획\n임상 3상 변경 승인 후 재진행\n⑦경쟁제품\n-\n⑧관련논문등\n-\n⑨시장규모\n약 300억 규모\n⑩기타사항\n-\n(2)연구개발 완료 실적\n\xa0\xa0\n공시서류 작성기준일 현재 개발이 완료된 현황은 다음과 같습니다. \n<연구개발 완료 실적>\xa0\n구 분\n품 목\n적응증\n개발완료일\n현재 현황\n비 고\n화학\n합성\n개량신약/제제개선품목\n가스티인CR정\n소화기용치료제\n2016년 6월\n국내판매중\n-\n실로스탄CR정\n순환기용치료제\n2016년 12월\n국내판매중\n100mg\n레보틱스CR서방정\n호흡기용치료제\n2017년 4월\n국내판매중\n-\n클라빅신듀오캡슐75/75밀리그램\n순환기용치료제\n2018년 2월\n국내판매중\n-\n유니그릴CR정\n순환기용치료제\n2018년 2월\n국내판매중\n-\n글리세틸시럽\n뇌기능개선\n2019년 3월\n국내판매중\n-\n오메틸큐티렛연질캡슐\n순환기용치료제\n2019년 4월\n국내판매중\n-\n페노릭스EH정\n순환기용치료제\n2019년 6월\n국내판매중\n-\n로민콤프시럽\n호흡기용치료제\n2020년 3월\n국내판매중\n-\n아트맥콤비젤연질캡슐\n순환기용치료제\n2021년 1월\n국내판매중\n-\n※개발완료일 : 식약처 품목허가일\n(3)기타 연구개발 실적\n(단위 : 천원)\n순번\n구분\n과제명\n제품명\n적응증\n과제기간\n진행단계\n과제목표\n협약정부보조금\n협약자사부담금\n총연구개발비 예산\n직전년도까지집행된연구개발비\n당해연도집행된연구개발비\n집행된연구개발비누계\n1\n디바이스\n난치성 폐섬유증 치료를 위한 나노메디슨 플랫폼 치료기술 개발\n미정\n난치성 폐섬유증\n2022.04~2026.12\n제형적 특성 반영한 작동 메커니즘 연구 및 흡입장치 초기설계\n난치성 폐섬유증 치료를 위한 흡입장치의 개발\n1,400,000\n78,001\n1,478,001\n202,244\n212,453\n414,697\n합 \xa0계\n1,400,000\n78,001\n1,478,001\n202,244\n212,453\n414,697\n7. 기타 참고사항\n1. 그 밖에 투자의사결정에 필요한 사항\n※ 제약산업은 지식기반의 산업으로 지적재산권의 취득은 당사의 중요한 경영활동 중의 하나이며 그 내용은 다음과 같습니다.\n가. 국내외 특허 등록 및 출원 현황<특허>\n구분\n특허등록\n특허출원\n비고\n국내\n128\n25\n-\n해외\n87\n59\n-\n나. 국내외 상표권 등록 현황<상표권>\n구분\n상표등록\n상표등록 출원중\n비고\n국내\n415\n62\n-\n해외\n106\n11\n-\n다. 관련법령 또는 정부의 규제 및 지원 1) 관련법령 \xa0 제약산업은 국민의 생명과 건강에 직결되어 있는 분야입니다. 따라서, 제품의 생산, 품질관리, 유통, 판매 등의 전과정에 있어 타산업에 비해 많은 규제와 제약이 있으며, 약사법, 마약법, 향정신성의약품관리법 및 우수의약품제조관리기준(KGMP) 등의 각종 법령에 의하여 규제되고 있다.  \xa0 2010년 3월에는 건강보험약가 및 의약정책, 의약품 지적재산권, 의약품 등에 관한 GMP 및 제네릭 의약품 허가의 상호인정(MRA) 등의 내용을 골자로 하는 한미FTA의 협상이 재타결되었으며, 2012년 3월 발효되었다.2) 규제정책 \xa0 정부는 의약품 유통 질서 확립을 위해 리베이트 관련 규정을 확대하고 있다. 2009년 8월 리베이트-약가연동제, 2010년 11월 리베이트 쌍벌죄 등을 시행하였으며 2011년 4월 의약품 리베이트 수사 전담반을 설치하여 의약품 영업 활동을 규제하고 있다. 이외에도 의약품 안정성을 높이기 위해 시설 및 품질 규정을 강화하고 있습니다. 품목별 사전GMP 및 밸리데이션 제도를 도입하고 cGMP형 시설 의무화를 시행하고 있습니다.  \xa0 또한, 정부는 65세 이상의 노년층 인구 증가 및 의료 혜택 증가로 인한 건강보험 재정의 안정화를 위해 지속적인 약가인하 정책을 시행하고 있다. 2012년 4월에는 의약품 일괄 약가 인하 정책을 통해 평균 14%의 약가인하를 하였다.3) 지원정책 \xa0 정부는 2012년 3월 31일자로 시행된 '제약산업 육성 및 지원에 관한 특별법' 후속조치로 혁신형 제약기업을 선정하였으며, 선정기업을 대상으로 향후 인센티브 부여 및 각종 혜택을 통해 제약산업 발전 및 국제경쟁력의 강화를 촉진할 것으로 기대된다 \xa0또한, 최근 정부는 '글로벌10대 강국'을 목표로 제약산업을 신성장 동력 산업으로 지정하고 글로벌 경쟁력 제고를 위해 제약기업들의 해외M&A, 기술제휴 등을 자금지원을 위한 글로벌 제약산업 육성 펀드를 조성할 계획이다.\n2. 시장여건 및 영업의 개황\n가. 산업의 특성 \xa0 \xa0제약산업은 인간의 생명과 보건에 관련된 제품을 생산하는 국민의 건강과 직결된 산업으로서 제품의 개발에서 임상시험, 인ㆍ허가 및 제조, 유통, 판매 등 전 과정을 매우 엄격히 국가에서 규제하고 있습니다. 또한 정밀화학공의 일종인 제약산업은 신약개발을 위한 연구에서부터 원료 및 완제의약품의 생산과 판매 등 모든 과정을 포괄하는 첨단 부가가치 산업으로 기술 집약도가 높고 신제품 개발 여부에 따라 엄청난 부가가치를 창출할 수 있는 미래 신성장 동력산업입니다.  \xa0 \xa01990년 이전까지 일반의약품이 제약시장을 견인하는 동력이었습니다. 하지만 2000년7월 의약분업 이후, 의원급의약품 시장이 팽창하여, 전문의약품이 급성장하고 있는 추세에 있으며, 그 비중은 80%를 넘어서고 있습니다. 2005년에는 정부가 총량적인 약가억제목표를 설정한 이후, 여러가지 약가규제 제도가 시행되고 있는 중입니다. 하지만 전문의약품은 최종선택권이 소비자에게 있는 것이 아니라 처방의사에게 있습니다. 따라서 제약기업들은 전문의약품의 마케팅을 일반소비자가 아닌 의사 또는 의료 기관을 대상으로 실시하고 있습니다. 이러한 요인으로 정부는 제약산업 유통과정의 투명화를 위하여 리베이트 제공 및 수수에 대한 처벌기준을 강화하고 있습니다.  국내 제약산업은 1950년代 완제 의약품 수입을 시작으로 성장하여, 1993년 국산 1호 신약을 시초로 현재까지 약 30개 신약을 개발하며 발전하고 있습니다. \n나. 산업의 성장성 \xa0 \xa0고령인구 증가에 따라 지속적 치료를 요하는 만성질환 발병이 크게 증가하고 있는추세에 국민소득의 증가와 맞물려 의약품 수요량은 지속적으로 크게 증가하고 있는 실정입니다. 과거 의약품이 단순히 치료목적으로 사용되던 것에서 벗어나, 예방차원에서 의약품의 사용이 증가하고 있으며, 이러한 트렌드는 향후 소득이 증가할수록 삶의질을 개선하고, 질병을 예방하고, 치료하는 제약시장의 성장을 가져올 것입니다.  \xa0 \xa0이러한 성장의 원동력은 의약분업 이후, 전문의약품의 괄목한만한 성장에 있으며,전문의약품의 비중은 점점 증가하여 2009년에는 전문의약품의 비중이 80%을 넘어섰습니다. 경기변동에 민감하지 않은 전문의약품의 비중이 높아짐에 따라 전체 국내 제약시장 역시 매년 고성장이 지속될 것으로 전망하고 있습니다. \xa0 \xa0국내의약품 생산규모는 국내총생산 대비\xa01.3%\xa0수준을 유지하고 있으며, 우수의약품 제조기반 확대하여 선진화, 국제화 제약산업의 글로벌 경쟁력을 강화한다면 수출 비중이 점차적으로 향상될 것으로 예상됩니다.\n◆전문의약품 비중 추이 \xa0 \xa0 \xa0 \xa0 \xa0 \xa0 \xa0 \xa0 \xa0 \xa0 \xa0 \xa0 \xa0 \xa0 \xa0 \xa0 \xa0 \xa0 \xa0 \xa0 \xa0 \xa0 \xa0 \xa0 \xa0 \xa0 \xa0 \xa0 \xa0 \xa0 (단위: 십억원, %)\n구분\n2022\n2021\n2020\n2019\n2018\n금액\n비중\n금액\n비중\n금액\n비중\n금액\n비중\n금액\n비중\n일반의약품비중\n3,585\n14.0\n3,069\n13.7\n3,178\n15.1\n3,225\n16.2\n2,959\n16.0\n전문의약품비중\n21,986\n86.0\n19,376\n86.3\n17,846\n84.9\n16,618\n83.8\n15,585\n84.0\n(자료: 식품의약품안전처)◆의약품 연도별 생산실적 \xa0 \xa0 \xa0 \xa0 \xa0 \xa0 \xa0 \xa0 \xa0 \xa0 \xa0 \xa0 \xa0 \xa0 \xa0 \xa0 \xa0 \xa0 \xa0 \xa0 \xa0 \xa0 \xa0 \xa0 \xa0 \xa0 \xa0 \xa0 \xa0 (단위:십억원,%)\n구분\n2022\n2021\n2020\n2019\n2018\n의약품\n28,950\n25,491\n24,566\n22,313\n21,105\n제조업 GDP\n554,105\n527,484\n480,917\n485,401\n505,650\n비중\n5.2\n4.8\n5.1\n4.6\n4.2\n국내총생산(GDP)\n2,161,774\n2,071,658\n1,940,726\n1,924,498\n1,898,193\n비중\n1.3\n1.2\n1.3\n1.2\n1.1\n(자료: 식품의약품안전처)다. 경기변동의 특성 \xa0 \xa0 국민건강과 직접적으로 연관된 의약품을 연구ㆍ제조하는 제약산업의 특성상 경기 방어적인 성격을 갖고 있습니다. \xa0 \xa0일반의약품의 경우 일반적인 경기변동이나 계절적 경기변동에 다소 영향을 받는 편이며, 전문의약품은 상대적으로 경기변동에 덜 민감한 특성을 가지고 있습니다.\r\n라. 시장여건 완제의약품을 생산하는 국내제약사는 약 400여개 내외이고, 이 중, 연매출액이 1,000억원 이상인 곳은 전체 제약사중 약 15% 수준인 60여개 내외입니다. 국내 제약산업의 R&D 능력 및 투자가 선진국에 비해 낮은 수준이기 때문에 국내제약 시장은 특허만료 오리지널제품의 제네릭제품으로 경쟁하고 있습니다. 그 결과, 어느 한 제약사가 제품을 과점하지 못하고, 다수의 제약사가 시장을 분할점유하고 있으며, 업체간 경쟁이 치열한 편입니다. 또한 제네릭 제품의 특성상 제품간의 효능적 차이가 크지 않아 마케팅 능력이 매출 증가에 중요한 역할을 담당합니다. \xa0현재, 국내 제약회사들의 경우, 축척된 기술과 우수한 연구인력을 바탕으로 신약과 개량신약 개발에 대한 투자를 확대해 나가고 있으며, 이러한 성과를 바탕으로 경쟁력을 확보해 나가고 있습니다.\n\xa0◆국내의약품 시장규모 \xa0 \xa0 \xa0 \xa0 \xa0 \xa0 \xa0 \xa0 \xa0 \xa0 \xa0 \xa0 \xa0 \xa0 \xa0 \xa0 \xa0 \xa0 \xa0 \xa0 \xa0 \xa0 \xa0 \xa0 \xa0 \xa0 \xa0 \xa0 \xa0 \xa0 \xa0 \xa0(단위: 십억원)\n구분\n2022\n2021\n2020\n2019\n2018\n생산실적\n28,950\n25,491\n24,566\n22,313\n21,105\n증가율\n13.6%\n3.8%\n10.1%\n5.7%\n3.7%\n주: 생산실적 = 완제의약품 + 원료의약품 (자료: 식품의약품안전처)\xa0\n◆생산실적대비 당사의 비율 \xa0 \xa0 \xa0 \xa0 \xa0 \xa0 \xa0 \xa0 \xa0 \xa0 \xa0 \xa0 \xa0 \xa0 \xa0 \xa0 \xa0 \xa0 \xa0 \xa0 \xa0 \xa0 \xa0 \xa0 \xa0 \xa0 \xa0 \xa0 \xa0(단위 : 백만원)\n구분\n총생산실적\n당사 생산실적\n비율\n2018년\n18,544,000\n251,081\n1.4 %\n2019년\n19,843,000\n228,950\n1.2 %\n2020년\n21,024,000\n264,745\n1.3 %\n2021년\n22,445,000\n218,866\n1.0 %\n2022년\n25,571,000\n278,855\n1.1 %\n주: 완제의약품 기준 / (자료: 식품의약품안전처)\n마. 회사의 경쟁우위요소 \xa0 \xa0제약산업은 지식기반의 산업으로서, 첨단기술이 집약되어 특허기술의 보호장벽이높으며, 신약개발이 어렵기 때문에 기술우위에 따른 독점력이 강하며, 부가가치가 매우 높습니다. 특히나 신약개발의 경우 연구개발부터 제품화 \xa0단계까지 평균 개발기간이 10년에서 15년, 비용은 막대하게 소요되며, 제품개발의 확률도 매우 적을 뿐만 아니라, 제품개발이 성공한다 하더라도 시장성이 보호되는 것은 아닙니다. 하지만 신약개발을 위한 연구가 곧 산업의 경쟁력으로 직결되기 때문에 타산업에 비해 연구개발 비중이 높은 편입니다. \xa0당사의 경쟁우위 요소는 매출액 대비 높은 연구개발 투자와 그 결과물인 개량신약입니다. R&D투자비율은 매출액 대비\xa011.9%(2023년)로 최근 3사업연도 동안 매출액 대비 두자리수 이상의 투자를 하고 있다. 또한, 개량신약은 2010년 클란자CR를 시작으로 현재까지 14개의 개량신약 및 신 제제 개선 품목을 출시하였습니다. \xa0 이와함께, 당사는 글로벌제약사 및 바이어와의 계약을 통한 기술수출 및 해외임상을 통해 유럽, 중동, 아프리카 등의 진출을 통한 해외수출 전략을 목표로 하고 있습니다. 이로써, 기출시된 개량신약의 매출증가와 함께 매년 꾸준한 개량신약의 발매로 수익성이 높은 품목으로 제품 포트폴리오를 구성할 것입니다.\xa0\r\n""]"
