text
"['\nXI. 재무제표 등\n■ 연결재무제표(K-IFRS) \n제42기 3분기 및 비교 표시된 제41기, 제40기 연결재무제표는 한국채택국제회계기준 작성기준에 따라 작성하였습니다. 제42기 3분기 연결재무제표는 외부감사인의 검토를 받지 않은 연결재무제표 이며, 비교표시된 제41기 및 제40기 연결재무제표는 외부감사인의 감사를 받은 연결재무제표 입니다.\n연결 재무상태표\n제 42 기 3분기말 2014.09.30 현재\n제 41 기말 \xa0 \xa0 \xa0 \xa0 \xa02013.12.31 현재\n(단위 : 원)\n\u3000\n제 42 기 3분기말\n제 41 기말\n자산\n\u3000\n\u3000\n\u3000유동자산\n85,909,035,548\n133,615,741,942\n\u3000\u3000현금및현금성자산\n21,638,825,197\n24,424,582,625\n\u3000\u3000단기금융상품\n0\n171,000,000\n\u3000\u3000단기금융자산\n0\n43,264,636,782\n\u3000\u3000매출채권\n17,445,879,841\n16,068,678,821\n\u3000\u3000기타채권\n2,052,425,141\n2,084,090,550\n\u3000\u3000재고자산\n38,687,704,000\n41,826,914,014\n\u3000\u3000당기법인세자산\n918,700\n861,030\n\u3000\u3000기타유동자산\n6,083,282,669\n5,774,978,120\n\u3000비유동자산\n409,398,617,797\n307,706,342,123\n\u3000\u3000장기금융상품\n4,000,000\n4,000,000\n\u3000\u3000장기금융자산\n212,817,216,872\n117,093,309,243\n\u3000\u3000기타채권\n4,588,667,596\n3,051,517,596\n\u3000\u3000관계기업투자\n5,896,723,492\n4,492,857,365\n\u3000\u3000유형자산\n177,713,123,246\n174,691,771,122\n\u3000\u3000무형자산\n624,852,238\n648,811,238\n\u3000\u3000투자부동산\n7,751,457,005\n7,713,861,572\n\u3000\u3000이연법인세자산\n2,577,348\n10,213,987\n\u3000자산총계\n495,307,653,345\n441,322,084,065\n부채\n\u3000\n\u3000\n\u3000유동부채\n101,482,103,045\n87,263,109,783\n\u3000\u3000매입채무\n18,699,721,131\n17,318,552,212\n\u3000\u3000기타채무\n12,415,469,534\n10,365,208,229\n\u3000\u3000유동성장기부채\n0\n170,000,000\n\u3000\u3000당기법인세부채\n10,901,435,597\n15,114,411,013\n\u3000\u3000미지급주세\n50,747,882,628\n35,527,589,930\n\u3000\u3000기타유동부채\n8,717,594,155\n8,767,348,399\n\u3000비유동부채\n4,166,175,558\n7,643,804,967\n\u3000\u3000기타채무\n680,000,000\n680,000,000\n\u3000\u3000이연법인세부채\n3,486,175,558\n6,963,804,967\n\u3000부채총계\n105,648,278,603\n94,906,914,750\n자본\n\u3000\n\u3000\n\u3000지배기업의 소유주에게 귀속되는 자본\n389,659,374,742\n346,415,169,315\n\u3000\u3000자본금\n5,500,000,000\n5,400,000,000\n\u3000\u3000기타불입자본\n18,612,703,766\n21,364,595,064\n\u3000\u3000기타자본구성요소\n2,128,641,957\n13,510,952,942\n\u3000\u3000이익잉여금\n363,418,029,019\n306,139,621,309\n\u3000비지배지분\n\u3000\n\u3000\n\u3000자본총계\n389,659,374,742\n346,415,169,315\n자본과부채총계\n495,307,653,345\n441,322,084,065\n연결 손익계산서\n제 42 기 3분기 2014.01.01 부터 2014.09.30 까지\n제 41 기 3분기 2013.01.01 부터 2013.09.30 까지\n(단위 : 원)\n\u3000\n제 42 기 3분기\n제 41 기 3분기\n3개월\n누적\n3개월\n누적\n매출액\n70,213,643,909\n194,022,149,885\n55,578,437,797\n176,567,452,432\n매출원가\n37,050,974,634\n102,731,053,466\n30,943,261,394\n95,784,074,870\n매출총이익\n33,162,669,275\n91,291,096,419\n24,635,176,403\n80,783,377,562\n판매비와관리비\n14,823,711,382\n41,913,584,799\n12,091,419,689\n37,216,355,240\n영업이익\n18,338,957,893\n49,377,511,620\n12,543,756,714\n43,567,022,322\n금융손익\n66,217,324\n248,598,618\n(310,925,793)\n(380,608,215)\n지분법손익\n0\n74,848,102\n21,433,518\n78,934,783\n기타영업외 수익\n3,402,886,786\n26,652,361,990\n1,606,722,919\n14,978,368,740\n기타영업외 비용\n1,584,862,882\n2,193,440,066\n597,367,705\n4,320,923,543\n법인세비용차감전순이익\n20,223,199,121\n74,159,880,264\n13,263,619,653\n53,922,794,087\n법인세비용\n3,753,249,884\n16,781,472,554\n3,904,207,382\n13,503,716,735\n당기순이익\n16,469,949,237\n57,378,407,710\n9,359,412,271\n40,419,077,352\n연결 포괄손익계산서\n제 42 기 3분기 2014.01.01 부터 2014.09.30 까지\n제 41 기 3분기 2013.01.01 부터 2013.09.30 까지\n(단위 : 원)\n\u3000\n제 42 기 3분기\n제 41 기 3분기\n3개월\n누적\n3개월\n누적\n당기순이익\n16,469,949,237\n57,378,407,710\n9,359,412,271\n40,419,077,352\n기타포괄손익\n(11,382,310,985)\n(11,382,310,985)\n14,139,381,334\n(1,608,936,408)\n\u3000후속적으로 당기손익으로 재분류될 수 있는 항목\n(11,382,310,985)\n(11,382,310,985)\n14,139,381,334\n(1,608,936,408)\n\u3000\u3000매도가능금융자산평가손익\n(12,741,820,654)\n(12,741,820,654)\n14,188,601,123\n(2,297,110,456)\n\u3000\u3000지분법자본변동\n1,367,074,848\n1,367,074,848\n120,726,611\n603,925,925\n\u3000\u3000해외사업환산손익\n(7,565,179)\n(7,565,179)\n(169,946,400)\n84,248,123\n총포괄손익\n5,087,638,252\n45,996,096,725\n23,498,793,605\n38,810,140,944\n주당이익\n\u3000\n\u3000\n\u3000\n\u3000\n\u3000기본 및 희석주당이익\n609\n2,113\n343\n1,472\n연결 자본변동표\n제 42 기 3분기 2014.01.01 부터 2014.09.30 까지\n제 41 기 3분기 2013.01.01 부터 2013.09.30 까지\n(단위 : 원)\n\u3000\n자본\n자본금\n기타불입자본\n기타자본구성요소\n이익잉여금\n비지배지분\n자본 \xa0합계\n자본잉여금\n기타자본항목\n기타불입자본 합계\n2013.01.01 (보고금액)\n5,320,000,000\n9,923,496,628\n11,458,766,622\n21,382,263,250\n15,220,615,869\n252,578,185,181\n\u3000\n294,501,064,300\n연차배당\n80,000,000\n\u3000\n\u3000\n\u3000\n\u3000\n(1,399,649,400)\n\u3000\n(1,319,649,400)\n처분후이익잉여금\n\u3000\n\u3000\n\u3000\n\u3000\n\u3000\n251,178,535,781\n\u3000\n293,181,414,900\n자기주식의처분\n\u3000\n\u3000\n\u3000\n\u3000\n\u3000\n\u3000\n\u3000\n\u3000\n자기주식의취득\n\u3000\n\u3000\n(17,668,186)\n(17,668,186)\n\u3000\n\u3000\n\u3000\n(17,668,186)\n매도가능증권평가손익\n\u3000\n\u3000\n\u3000\n\u3000\n(2,297,110,456)\n\u3000\n\u3000\n(2,297,110,456)\n지분법자본변동\n\u3000\n\u3000\n\u3000\n\u3000\n603,925,925\n\u3000\n\u3000\n603,925,925\n해외사업환산손익\n\u3000\n\u3000\n\u3000\n\u3000\n84,248,123\n\u3000\n\u3000\n84,248,123\n당기순이익\n\u3000\n\u3000\n\u3000\n\u3000\n\u3000\n40,419,077,352\n\u3000\n40,419,077,352\n2013.09.30 (기말자본)\n5,400,000,000\n9,923,496,628\n11,441,098,436\n21,364,595,064\n13,611,679,461\n291,597,613,133\n\u3000\n331,973,887,658\n2014.01.01 (보고금액)\n5,400,000,000\n9,923,496,628\n11,441,098,436\n21,364,595,064\n13,510,952,942\n306,139,621,309\n\u3000\n346,415,169,315\n연차배당\n100,000,000\n\u3000\n\u3000\n\u3000\n\u3000\n(100,000,000)\n\u3000\n0\n처분후이익잉여금\n\u3000\n\u3000\n\u3000\n\u3000\n\u3000\n306,039,621,309\n\u3000\n346,415,169,315\n자기주식의처분\n\u3000\n\u3000\n\u3000\n\u3000\n\u3000\n\u3000\n\u3000\n\u3000\n자기주식의취득\n\u3000\n\u3000\n(2,751,891,298)\n(2,751,891,298)\n\u3000\n\u3000\n\u3000\n(2,751,891,298)\n매도가능증권평가손익\n\u3000\n\u3000\n\u3000\n\u3000\n(12,741,820,654)\n\u3000\n\u3000\n(12,741,820,654)\n지분법자본변동\n\u3000\n\u3000\n\u3000\n\u3000\n1,367,074,848\n\u3000\n\u3000\n1,367,074,848\n해외사업환산손익\n\u3000\n\u3000\n\u3000\n\u3000\n(7,565,179)\n\u3000\n\u3000\n(7,565,179)\n당기순이익\n\u3000\n\u3000\n\u3000\n\u3000\n\u3000\n57,378,407,710\n\u3000\n57,378,407,710\n2014.09.30 (기말자본)\n5,500,000,000\n9,923,496,628\n8,689,207,138\n18,612,703,766\n2,128,641,957\n363,418,029,019\n\u3000\n389,659,374,742\n연결 현금흐름표\n제 42 기 3분기 2014.01.01 부터 2014.09.30 까지\n제 41 기 3분기 2013.01.01 부터 2013.09.30 까지\n(단위 : 원)\n\u3000\n제 42 기 3분기\n제 41 기 3분기\n영업활동으로 인한 현금흐름\n67,578,413,158\n43,052,236,555\n\u3000영업에서 창출된 현금흐름\n88,308,862,637\n52,459,773,861\n\u3000반기순이익\n57,378,407,710\n40,419,077,352\n\u3000조 정\n13,502,096,959\n17,864,543,421\n\u3000\u3000법인세비용\n16,781,472,554\n13,503,716,735\n\u3000\u3000금융비용\n35,111,741\n644,153,119\n\u3000\u3000퇴직급여\n791,578,230\n748,888,050\n\u3000\u3000감가상각비\n17,123,296,843\n13,616,254,621\n\u3000\u3000무형자산상각비\n24,719,000\n20,988,333\n\u3000\u3000투자자산상각비\n148,600,877\n143,852,871\n\u3000\u3000광고선전비\n17,000,000\n\u3000\n\u3000\u3000수선비\n2,500,000\n\u3000\n\u3000\u3000외화환산손실\n62,092,871\n3,017,260\n\u3000\u3000유형자산처분손실\n320,986,750\n165,083\n\u3000\u3000매도가능증권평가손실\n182,016,442\n\u3000\n\u3000\u3000매도가능금융자산손상차손\n\u3000\n\u3000\n\u3000\u3000매도가능금융자산처분손실\n\u3000\n2,680,471,381\n\u3000\u3000잡손실 등\n17\n1,181,818\n\u3000\u3000금융수익\n(277,102,686)\n(263,544,904)\n\u3000\u3000당기손익인식금융자산평가이익\n\u3000\n\u3000\n\u3000\u3000기부금\n458,007,920\n\u3000\n\u3000\u3000매도가능금융자산처분이익\n(21,506,217,147)\n(12,661,053,972)\n\u3000\u3000지분법이익\n(74,848,102)\n(78,934,783)\n\u3000\u3000유형자산처분이익\n(502,783,576)\n(194,606,521)\n\u3000\u3000무형자산처분이익\n\u3000\n\u3000\n\u3000\u3000기타의대손충당금환입\n\u3000\n(300,000,000)\n\u3000\u3000기타의대손상각비\n\u3000\n\u3000\n\u3000\u3000잡이익\n(84,334,775)\n(5,670)\n\u3000\u3000대손상각비\n\u3000\n\u3000\n\u3000운전자본의 변동\n17,428,357,968\n(5,823,846,912)\n\u3000\u3000매출채권의감소(증가)\n(1,759,182,988)\n(1,736,815,829)\n\u3000\u3000기타채권의 감소(증가)\n373,818,480\n(93,875,047)\n\u3000\u3000재고자산의감소(증가)\n3,156,231,207\n402,052,398\n\u3000\u3000기타유동자산의 감소(증가)\n(188,867,636)\n(1,482,905,746)\n\u3000\u3000보증금의감소(증가)\n(2,214,800,000)\n135,672,000\n\u3000\u3000매입채무의증가(감소)\n1,377,977,511\n2,455,920,598\n\u3000\u3000기타채무의 증가(감소)\n1,577,281,147\n(4,824,862,679)\n\u3000\u3000기타유동부채의 증가(감소)\n15,170,991,297\n(733,826,987)\n\u3000\u3000미지급주세의증가(감소)\n\u3000\n\u3000\n\u3000\u3000퇴직금의지급\n(65,091,050)\n(75,205,620)\n\u3000\u3000퇴직금의승계\n\u3000\n130,000,000\n\u3000이자의수취\n205,249,886\n185,188,904\n\u3000배당금의수취\n71,852,800\n122,685,600\n\u3000이자의지급\n(35,111,741)\n(644,153,119)\n\u3000법인세의납부\n(20,972,440,424)\n(9,071,258,691)\n투자활동으로 인한 현금흐름\n(67,262,948,653)\n(68,599,633,610)\n\u3000단기금융상품의 감소\n171,000,000\n0\n\u3000단기금융자산의 처분\n44,268,612,292\n0\n\u3000장기금융자산의 처분\n179,737,604,855\n115,480,582,591\n\u3000매각예정비유동자산의처분\n\u3000\n\u3000\n\u3000국고보조금의수령\n\u3000\n\u3000\n\u3000유형자산의 처분\n1,082,819,078\n195,557,921\n\u3000무형자산의 처분\n5,000,000\n\u3000\n\u3000기타비유동자산의 감소\n537,800,000\n104,000,000\n\u3000장기금융자산의 취득\n(271,797,262,000)\n(161,000,000,000)\n\u3000유형자산의 취득\n(21,234,536,568)\n(23,269,044,122)\n\u3000투자부동산의 취득\n(18,076,310)\n\u3000\n\u3000무형자산의 취득\n(5,760,000)\n(60,730,000)\n\u3000기타비유동자산의증가\n(10,150,000)\n(50,000,000)\n재무활동으로 인한 현금흐름\n(3,061,891,298)\n12,647,682,414\n\u3000단기차입금의 차입\n57,000,000,000\n81,400,000,000\n\u3000임대보증금의 증가\n65,000,000\n\u3000\n\u3000단기차입금의 상환\n(57,000,000,000)\n(67,400,000,000)\n\u3000임대보증금의 감소\n(375,000,000)\n(15,000,000)\n\u3000유동성장기부채의상환(유출)\n\u3000\n\u3000\n\u3000장기차입금의상환\n\u3000\n\u3000\n\u3000자기주식의처분\n\u3000\n\u3000\n\u3000자본거래로인한 외화환산차이\n\u3000\n\u3000\n\u3000자기주식의취득\n(2,751,891,298)\n(17,668,186)\n\u3000배당금의지급\n\u3000\n(1,319,649,400)\n현금의 증감\n(2,785,757,428)\n(12,847,716,196)\n기초의 현금\n24,424,582,625\n19,385,780,470\n외화표시현금및현금성자산의환율변동효과\n(39,330,635)\n51,998,445\n기말의 현금\n21,638,825,197\n6,538,064,274\n■ 연결재무제표의 주석\n1. 지배기업의 개요[연결]\n한국채택국제회계기준 제1110호(연결재무제표)에 의한 지배기업인 주식회사 무학(이하 ""당사"")은 1973년 9월 19일 대한민국에서 설립되었으며, 1998년 1월 16일 현재의 상호로 변경하였고, 1998년 7월 27일에 한국증권선물거래소가 개설한 코스닥시장에 상장한 후 2010년 7월 20일 유가증권시장으로 이전 상장하였습니다. 당사는 희석식 소주 및 철강제품의 제조 및 판매를 주 영업목적으로 하고 있으며, 경상남도 창원시 마산회원구 봉암공단 2길 6에 본사를 두고 있으며, 당분기말 현재 당사의 자본금은 5,500백만원이고 최대주주는 49.76%의 지분을 소유한 최재호입니다.\n2. 재무제표 작성기준 및 유의적 회계정책[연결](1) 분기연결재무제표 작성기준당사와 당사의 종속기업(이하 ""연결실체"")의 요약연결재무제표는 연차재무제표가 속하는 기간의 일부에 대하여 기업회계기준서 제1034호 \'중간재무보고\'를 적용하여 작성하는 분기중간연결재무제표입니다. 동 요약분기연결재무제표에 대한 이해를 위해서는 한국채택국제회계기준에 따라 작성된 2013년 12월 31일자로 종료하는 회계연도에 대한 연차연결재무제표를 함께 이용하여야 합니다.\n요약분기연결재무제표의 작성에 적용된 중요한 회계정책은 아래에서 설명하는 기준서나 해석서의 도입 및 당분기부터 최초 적용되는 계정과목과 관련된 영향을 제외하고는 2013년 12월 31일로 종료하는 회계연도에 대한 연차연결재무제표 작성시 채택한 회계정책과 동일합니다.1) 당분기부터 새로 도입된 기준서 및 해석서와 그로 인한 회계정책 변경의 내용은 다음과 같습니다.- 기업회계기준서 제1019호 종업원급여(개정)근무연수의 경과와 무관한 기여금을 근무기간에 배분하지 않고 근무용역이 제공되는기간에 근무원가에서 차감하는 것을 허용하는 것을 주요 내용으로 하고 있습니다. 한편 동 개정사항이 연결실체의 요약분기연결재무제표에 미치는 중요한 영향은 없습니다.\n- 기업회계기준서 제1032호 금융상품: 표시(개정)동 개정사항은 금융자산과 금융부채의 상계 표시와 관련된 규정의 의미를 명확히 하여 상계의 권리는 미래사건에 따른 조건부여서는 안되며 약정기간 중 언제나 행사 가능하여야 하고 기업 자신과 거래상대방이 정상적인 사업과정인 경우뿐만 아니라 채무불이행, 지급불능 등인 경우에도 집행 가능하여야 한다는 것 등을 주요 내용으로 하고 있습니다. 한편 동 개정사항이 연결실체의 요약분기연결재무제표에 미치는 중요한 영향은 없습니다.\n- 기업회계기준서 제1110호, 1112호 및 1027호 투자기업(개정)\n동 개정사항은 기업은 자신이 지배하고 있는 모든 종속기업을 연결하여야 한다는 기업회계기준서 제1110호 \'연결재무제표\'의 일반원칙에 대한 예외규정이며, 지배기업이 투자기업의 정의를 충족하는 경우 종속기업을 연결하지 않고 공정가치로 측정하여 당기손익에 반영하도록 요구하는 것을 주요 내용으로 하고 있습니다. 그리고 투자기업과 관련된 새로운 공시규정들이 기업회계기준서 제1112호 \'타 기업에 대한 지분의 공시\'와 제1027호 \'별도재무제표\'에 도입되었습니다. 한편 동 개정사항이 연결실체의 요약분기연결재무제표에 미치는 중요한 영향은 없습니다.\n- 기업회계기준서 제1039호 금융상품: 인식과 측정(개정)\n동 개정사항은 법령이나 규정의 도입으로 파생상품의 원래 계약상대방을 중앙청산소또는 중앙청산소와의 청산효과를 내기 위한 거래상대방의 역할을 하는 기업으로 교체하고 일정 요건을 충족하는 경우에 위험회피회계를 계속 적용하는 것을 허용하는 것을 주요 내용으로 하고 있습니다. 한편 동 개정사항이 연결실체의 요약분기연결재무제표에 미치는 중요한 영향은 없습니다.- 기업회계기준해석서 제2121호 부담금(제정)\n동 해석서는 정부가 법규에 따라 기업들에게 부과하는 부담금과 관련된 부채는 법규에 명시된 부담금 납부를 유발하는 활동이 발생하는 시점에 인식하는 것을 주요 내용으로 하고 있습니다. 한편 동 회계정책의 변경이 요약분기연결재무제표에 미치는 중요한 영향은 없습니다.\n상기 기준서 외에도 회수가능액에 대한 공시규정과 관련된 기업회계기준서 제1036호의 개정사항이 존재하지만, 해당 개정사항이 동 요약분기연결재무제표에 미치는 중요한 영향은 없습니다.\n연결실체는 상기에 열거된 기준서가 요약분기연결재무제표에 미치는 영향이 중요하지 않을 것으로 판단하고 있습니다.\n3. 중요한 회계추정 및 판단[연결]\n요약분기연결재무제표를 작성함에 있어, 경영진은 회계정책 적용과 자산ㆍ부채 및 수익ㆍ비용에 영향을 미치는 판단, 추정 및 가정을 해야 합니다. 실제 결과는 이러한 추정치와 다를 수 있습니다.\n요약분기연결재무제표의 작성을 위해 연결실체 회계정책의 적용과 추정 불확실성의 주요원천에 대해 경영진이 내린 중요한 판단은 2013년 12월 31일로 종료하는 회계연도에 대한 연차연결재무제표와 동일합니다.\n4. 부문정보[연결]연결실체의 영업부문은 수익을 창출하고 비용을 발생시키는 사업활동을 영위하는 식별 가능한 구성단위로서 부문에 배분될 자원에 대한 의사결정과 성과평가를 위하여 최고영업의사결정자가 주기적으로 검토하는 내부 보고자료에 기초하여 주류사업부와 스틸사업부로 구분하였습니다.\n(1) 보고부문이 수익을 창출하는 영업의 유형주류사업부는 희석식 소주 제조 및 판매를 주요 영업으로 하고 있으며 이와 연관된 주류 및 음료사업을 영위하고 있습니다.\n스틸사업부는 전기강판, 스레인레스 및 냉연강판을 소재로 스리팅한 후 압연, 열처리, 코팅 등으로 가공한 제품을 제조, 판매하고 있습니다.\n(2) 부문수익 및 이익연결실체의 계속영업수익 및 계속영업이익에 대한 보고부문별 분석은 다음과 같습니다. 수익은 외부고객으로부터 발생한 수익입니다.보고부문의 회계정책은 주석 2에서 설명한 회계정책과 동일하며, 부문이익은 부문매출총이익에서 각 부문에서 발생한 판매비와관리비를 차감한 금액으로 표시합니다.부문이익은 자원을 배분하고부문의 성과를 평가하기 위해 최고영업의사결정자에게 보고되는 측정치입니다.\n(당분기)\n(단위 : 천원)\n구 \xa0분\n주류사업부문\n스틸사업부문\n합 \xa0계\n부문수익\n177,672,371\n16,349,778\n194,022,150\n부문이익\n49,497,555\n(120,043)\n49,377,512\n기타영업외손익\n24,461,961\n(3,039)\n24,458,922\n순금융손익\n247,927\n671\n248,599\n지분법손익\n74,848\n-\n74,848\n세전이익\n74,282,291\n(122,411)\n74,159,880\n(전분기)\n(단위 : 천원)\n구 \xa0분\n주류사업부문\n스틸사업부문\n합 \xa0계\n부문수익\n155,346,357\n21,221,095\n176,567,452\n부문이익\n44,072,823\n(505,801)\n43,567,022\n기타영업외손익\n10,810,751\n(153,306)\n10,657,445\n순금융손익\n(381,576)\n967\n(380,608)\n지분법손익\n78,935\n-\n78,935\n세전이익\n54,580,934\n(658,140)\n53,922,794\n(3) 부문자산 및 부채\n1) 보고기간 종료일 현재 보고부문별 자산 및 총자산으로의 조정 내용은 다음과 같습니다.\n(단위 : 천원)\n구 \xa0 분\n당분기말\n전기말\n주류사업부\n258,726,783\n243,204,369\n스틸사업부\n17,862,011\n33,080,837\n총부문자산\n276,588,794\n276,285,206\n미배분자산\n218,718,859\n165,036,878\n총자산\n495,307,653\n441,322,084\n 최고영업의사결정자는 부문성과를 관리하고 부문간 자원을 배분할 목적으로 장단기금융상품, 장단기금융자산, 관계기업투자, 당기법인세자산, 이연법인세자산을 제외한 모든 자산을 보고부문에 배분합니다. 보고부문이 공동으로 사용하는 자산은 각 보고부문의 수익을 기준으로 배분됩니다.2) 보고기간 종료일 현재 보고부문별 부채 및 총부채로의 조정 내용은 다음과 같습니다.\n(단위 : 천원)\n구 \xa0 분\n당분기말\n전기말\n주류사업부\n90,198,978\n65,046,264\n스틸사업부\n1,061,689\n7,782,435\n총부문부채\n91,260,667\n72,828,699\n미배분부채\n14,387,611\n22,078,216\n총부채\n105,648,279\n94,906,915\n최고영업의사결정자는 부문성과를 관리하고 부문간 자원을 배분할 목적으로 당기법인세부채, 이연법인세부채를 제외한 모든 부채를 보고부문에 배분합니다. 공동으로 부담하는 부채는 부문자산에 비례하여 배분됩니다.\n구 \xa0 분\n당분기\n전분기\n주류사업부\n16,415,769\n13,023,369\n스틸사업부\n284,972\n567,865\n합 \xa0 계\n16,700,740\n13,591,234\n(5) 지역에 대한 정보연결실체의 제품 및 상품은 대한민국 내에서 대부분 판매가 되고 있습니다.\n(6) 주요고객에 대한 정보\n당분기 및 전분기 중 연결실체 수익의 10% 이상을 차지하는 단일의 고객은 없습니다5. 사용이 제한된 금융상품[연결]\n보고기간 종료일 현재 사용이 제한된 금융상품의 내역은 다음과 같습니다.\n(단위 : 천원)\n계정과목\n당분기말\n전기말\n 제한내용\n현금및현금성자산\n171,000\n-\n \xa0보증서 담보\n단기금융상품\n-\n171,000\n""\n장기금융상품\n4,000\n4,000\n \xa0당좌개설보증금\n합 \xa0계\n175,000\n175,000\n\u3000\n6. 장단기금융자산(1) 보고기간 종료일 현재 금융자산의 내역은 다음과 같습니다.\n(단위 : 천원)\n계정과목\n당분기말\n전기말\n단기금융자산\n\u3000\n\u3000\n \xa0매도가능금융자산\n-\n43,264,637\n장기금융자산\n\u3000\n\u3000\n \xa0당기손익인식금융자산\n203,817,984\n0\n \xa0매도가능금융자산\n8,999,233\n117,093,309\n합 \xa0계\n212,817,217\n160,357,946\n(2) 당분기말 현재 당기손익인식금융자산의 내역은 다음과 같습니다.\n(단위 : 천원)\n계정과목\n취득금액\n장부금액\n평가손익\n파생결합상품\n204,000,000\n203,817,984\n(182,016)\n연결실체는 상기 파생결합상품이 주계약과 분리되어야 하는 내재파생상품으로 주계약과 분리하여 측정될 수 없는 경우에 해당되어 복합계약 전체를 당기손익인식항목으로 지정하였습니다.\n(3) 보고기간 종료일 현재 매도가능금융자산의 내역은 다음과 같습니다.\n(단위 : 천원)\n구 \xa0 분\n당분기말\n전기말\n유동\n비유동\n합 \xa0계\n유동\n비유동\n합 \xa0계\n매도가능지분상품\n\u3000\n\u3000\n\u3000\n\u3000\n\u3000\n\u3000\n 상장주식\n-\n4,844,017\n4,844,017\n-\n279,070\n279,070\n 비상장주식\n-\n4,155,216\n4,155,216\n-\n1,355,216\n1,355,216\n매도가능채무상품\n\u3000\n\u3000\n\u3000\n\u3000\n\u3000\n\u3000\n 수익증권\n-\n203,817,984\n203,817,984\n43,264,637\n115,459,023\n158,723,660\n합 \xa0 계\n-\n212,817,217\n212,817,217\n43,264,637\n117,093,309\n160,357,946\n(4) 보고기간 종료일 현재 상장주식의 내역은 다음과 같습니다.\n(단위 : 천원)\n회 사 명\n당분기말\n전기말\n주식수\n취득원가\n공정가액\n장부가액\n주식수\n취득원가\n공정가액\n장부가액\n 금비\n9,460\n349,947\n344,817\n344,817\n9,460\n349,947\n279,070\n279,070\n 삼성전자\n3,800\n4,997,262\n4,499,200\n4,499,200\n-\n-\n-\n-\n합 \xa0계\n13,260\n5,347,209\n4,844,017\n4,844,017\n9,460\n349,947\n279,070\n279,070\n(5) 보고기간 종료일 현재 비상장주식의 내역은 다음과 같습니다.\n(단위 : 천원)\n회 사 명\n당분기말\n전기말\n지분율(%)\n취득원가\n순자산가액\n장부가액\n지분율(%)\n취득원가\n순자산가액\n장부가액\n 세왕금속공업(주)\n13.15\n843,416\n4,636,994\n843,416\n13.15\n843,416\n4,587,576\n843,416\n 용원씨에스(주)\n1.67\n111,800\n92,782\n111,800\n1.67\n111,800\n92,782\n111,800\n 주머니이엔티\n16.67\n500,000\n-\n-\n16.67\n500,000\n-\n-\n 연합뉴스TV\n0.50\n300,000\n140,698\n300,000\n0.5\n300,000\n300,000\n300,000\n 밸류파트너스\n4.76\n100,000\n100,000\n100,000\n4.76\n100,000\n100,000\n100,000\n 스타뱅크\n-\n2,800,000\n2,800,000\n2,800,000\n-\n-\n-\n-\n합 \xa0계\n\u3000\n4,655,216\n7,770,474\n4,155,216\n\u3000\n1,855,216\n5,080,358\n1,355,216\n한편, 최초인식 후 공정가치를 측정함에 있어 상기 비상장주식은 활성거래시장이 존재하지 않고 공정가치를 신뢰성 있게 측정할 수 없어 취득원가로 측정하였습니다.\n(6) 전기말 현재 수익증권의 내역은 다음과 같습니다.\n(단위 : 천원)\n회 사 명\n취득원가\n공정가액\n장부가액\n 수익증권\n142,500,000\n158,723,660\n158,723,660\n7. 종속기업[연결]\n(1) 보고기간 종료일 현재 종속기업의 내역은 다음과 같습니다.\n (단위 : 천원)\n기업명\n주요영업활동\n법인설립 및영업소재지\n결산월\n연결실체 내 기업이 소유한지분율 및 의결권비율(%)\n당분기말\n전기말\n무학위드\n경남장애인표준사업장\n대한민국\n12월\n100\n100\n좋은데이디엔에프\n외식업관련 프랜차이즈\n대한민국\n12월\n100\n100\n무학월드\n용역알선업\n대한민국\n12월\n100\n100\n무학전기(혜주)유한공사\nEI코어 제조 및 판매\n중국\n12월\n100\n100\n(2) 보고기간 종료일 현재 종속기업의 요약 재무상태는 아래와 같습니다.\n(당분기말)\n(단위 : 천원)\n구 \xa0분\n무학위드\n좋은데이디엔에프\n무학월드\n무학전기(혜주)유한공사\n유동자산\n491,394\n806,669\n566,376\n3,088,100\n비유동자산\n88,853\n144,067\n10,000\n668,255\n자산계\n580,247\n950,736\n576,376\n3,756,355\n유동부채\n56,074\n138,259\n354,825\n907,340\n비유동부채\n-\n-\n-\n-\n부채계\n56,074\n138,259\n354,825\n907,340\n지배기업 소유주지분\n524,174\n812,477\n221,551\n2,849,015\n비지배지분\n-\n-\n-\n-\n자본계\n524,174\n812,477\n221,551\n2,849,015\n(전기말)\n(단위 : 천원)\n구 \xa0분\n무학위드\n좋은데이디엔에프\n무학월드\n무학전기(혜주)유한공사\n유동자산\n405,225\n558,114\n521,356\n3,259,988\n비유동자산\n103,005\n451,887\n14,900\n762,000\n자산계\n508,230\n1,010,001\n536,256\n4,021,988\n유동부채\n83,765\n161,504\n423,119\n876,364\n비유동부채\n-\n-\n-\n-\n부채계\n83,765\n161,504\n423,119\n876,364\n지배기업 소유주지분\n424,465\n848,497\n113,137\n3,145,624\n비지배지분\n-\n-\n-\n-\n자본계\n424,465\n848,497\n113,137\n3,145,624\n상기 요약 재무상태는 \xa0내부거래를 제거하기 전의 금액입니다.(3) 당분기 및 전분기 중 종속기업의 요약 경영성과는 아래와 같습니다.\n(당분기)\n(단위 : 천원)\n구 \xa0분\n무학위드\n좋은데이디엔에프\n무학월드\n무학전기(혜주)유한공사\n매출액\n381,955\n1,158,900\n2,135,810\n2,852,204\n당기순이익(손실)\n82,790\n(47,172)\n68,767\n(235,158)\n기타포괄손익\n-\n-\n-\n(61,451)\n총포괄손익\n82,790\n(47,172)\n68,767\n(296,609)\n(전 기)\n(단위 : 천원)\n구 \xa0분\n무학위드\n좋은데이디엔에프\n무학월드\n무학전기(혜주)유한공사\n매출액\n517,325 \n1,535,776 \n1,081,277 \n4,547,898 \n당기순이익(손실)\n147,593 \n398,399 \n13,137 \n(392,991)\n기타포괄손익\n-\n-\n-\n53,658\n총포괄손익\n147,593 \n398,399 \n13,137 \n(339,333)\n상기 요약 경영성과는 내부거래를 제거하기 전의 금액입니다.\n8. 관계기업투자[연결]\n(1) 보고기간 종료일 현재 관계기업투자의 내역은 다음과 같습니다.\n (단위 : 천원)\n종 \xa0목\n주요영업활동\n법인설립 및영업소재지\n당분기말\n전기말\n결산월\n지분율(%)\n취득원가\n장부금액\n지분율(%)\n취득원가\n장부금액\n지리산산청샘물\n생수제조 및 판매\n대한민국\n16.92\n1,550,627\n5,896,723\n21.91\n2,008,634\n4,492,857\n12월\n \xa0당분기 중 당사가 보유한 지리산산청샘물의 지분 일부를 처분하여 유의한 영향력을 상실한 것으로 고려되어 지분법 평가를 중단하였습니다.\n(2) 당분기 및 전기 중 관계기업투자의 변동 내역은 다음과 같습니다.\n(당분기)\n(단위 : 천원)\n종 \xa0목\n기 초\n처 분\n지분법손익\n기 타\n기 말\n지리산산청샘물\n4,492,857\n(458,008)\n74,848\n1,787,026\n5,896,723\n(전 기)\n(단위 : 천원)\n종 \xa0목\n기 초\n처 분\n지분법손익\n기 타\n기 말\n지리산산청샘물\n3,680,348\n-\n129,483\n683,026\n4,492,857\n기타는 지분법자본변동 및 배당에 의한 증감입니다.\n(3) 당분기 및 전기 중 관계기업의 요약 재무상태는 다음과 같습니다.\n (단위 : 천원)\n구 \xa0분\n당반기말\n전기말\n유동자산\n5,343,913\n3,794,503\n비유동자산\n34,110,797\n19,831,509\n자산계\n39,454,710\n23,626,012\n유동부채\n4,030,797\n1,096,272\n비유동부채\n6,423,828\n2,023,773\n부채계\n10,454,625\n3,120,045\n지배기업 소유주지분\n6,354,731\n4,492,857\n비지배지분\n22,645,354\n16,013,110\n자본계\n29,000,085\n20,505,967\n상기 요약 재무상태는 관계기업과의 내부거래를 반영하기 전 금액입니다.\n(4) 당분기 및 전기 중 관계기업의 요약 경영성과는 다음과 같습니다.\n (단위 : 천원)\n구 \xa0분\n당반기\n전 기\n매출\n5,268,105\n9,237,299\n당기순이익\n339,374\n590,978\n기타포괄손익\n-\n3,319,718\n총포괄손익\n339,374\n3,910,696\n상기 요약 경영성과는 관계기업과의 내부거래를 반영하기 전 금액입니다.\n(5) 보고기간 종료일 현재 관계기업의 순자산에서 관계기업에 대한 지분의 장부금액으로 조정한 내역은 \xa0다음과 같습니다.\n(단위 : 천원)\n구 \xa0분\n당분기말\n전기말\n기말 순자산(A)\n29,000,085\n20,505,967\n연결실체 지분율(B)\n21.91%\n21.91%\n순자산 지분금액(AXB)\n6,354,731\n4,492,857\n영업권\n-\n-\n기타\n(458,008)\n기말 장부금액\n5,896,723\n4,492,857\n9. 자본[연결]\n(1) 자기주식\n당분기 및 전기 중 자기주식의 변동 내역은 다음과 같습니다.\n(단위 : 천원)\n구 분\n당분기\n전 기\n주식수(주)\n장부금액\n주식수(주)\n장부금액\n기초금액\n208,195\n1,080,350\n207,012\n1,062,681\n매입\n151,343\n2,751,891\n1,183\n17,669\n처분\n-\n-\n-\n-\n기말금액\n359,538\n3,832,241\n208,195\n1,080,350\n한편, 상기 자기주식은 주가안정 및 주주가치 제고를 위하여 취득한 것으로 가까운 미래에 처분할 예정입니다.\n(2) 기타자본구성요소\n1) 보고기간 종료일 현재 \xa0기타자본구성요소의 내용은 다음과 같습니다. \n(단위 : 천원)\n구 \xa0분\n당분기말\n전기말\n 매도가능증권평가손익\n(384,942)\n12,356,879 \n 지분법자본변동\n2,675,944\n1,308,870 \n 해외사업환산손익\n(162,361)\n(154,796)\n합 \xa0계\n2,128,642\n13,510,953\n2) 배당금당분기 및 전기 중 지급된 당사의 배당금의 내역은 다음과 같습니다.\n구 \xa0분\n당분기\n전 기\n배당금총액\n100,000천원\n1,399,649천원\n배당성향\n0.18%\n3.89%\n배당주식수\n26,791,805주\n26,392,988주\n주당 배당금(주식배당포함)\n3.732원\n53.031원\n주당 액면금액\n200원\n200원\n배당률\n1.866%\n26.516%\n10. 매출액[연결]당분기 및 전분기 중 매출액의 내역은 다음과 같습니다.\n(단위 : 천원)\n구 \xa0 분\n당분기\n전분기\n3개월\n누적\n3개월\n누적\n제품매출\n60,662,730\n182,907,137\n54,735,642\n173,747,948\n상품매출\n694,649\n1,458,476\n463,304\n1,658,335\n기타매출\n8,856,265\n9,656,537\n379,491\n1,161,170\n합 \xa0계\n70,213,644\n194,022,150\n55,578,437\n176,567,453\n11. 지배기업 소유주지분 주당이익[연결]당분기 및 전분기의 기본 및 희석주당순이익의 산정내역은 다음과 같습니다.\n(단위 : 천원)\n구 \xa0분\n당분기\n전분기\n3개월\n누적\n3개월\n누적\n분기순이익\n16,469,949\n57,378,408\n9,359,412\n40,419,077\n가중평균유통보통주식수\n27,140,462주\n27,151,182주\n27,291,805주\n27,292,446주\n기본 및 희석주당이익\n606원\n2,113원\n342원\n1,480원\n \xa0한편, 전분기 기본 및 희석주당이익은 당기의 주식배당으로 인한 무상증자 효과를 반영하여 재산정한 것입니다.\n12. 금융상품[연결]\n(1) 위험관리 개념체계연결실체의 위험관리는 연결실체의 재무적 성과에 영향을 미치는 잠재적 위험을 식별하여 연결실체가 허용가능한 수준으로 위험을 감소, 제거 및 회피하는 것을 그 목적으로 하고 있습니다. 연결실체는 전사적인 수준의 위험관리 정책 및 절차를 마련하여 운영하고 있으며, 연결실체의 재무부문에서 위험관리에 대한 총괄책임을 담당하고 있습니다. 연결실체의 재무부문은 이사회에서 승인된 위험관리 정책 및 절차에 따라 연결실체의 영업과 관련한 금융위험을 감시하고 관리하는 역할을 하고 있으며, 금융위험의 성격과 노출정도를 분석한 주기적인 내부위험보고서를 위험관리위원회에 제출하고 있습니다. 연결실체의 위험관리위원회는 전반적인 금융위험 관리전략을 수립하고 위험회피 수단 및 절차를 결정하며 위험관리의 효과성에 대한 사후평가를 수행하고 있습니다. 또한, 연결실체의 내부감사인은 위험관리 정책 및 절차의 준수 여부와 위험노출 한도를 지속적으로 검토하고 있습니다. \n연결실체의 전반적인 금융위험 관리 전략은 전기와 동일합니다. 연결실체는 금융상품을 운용함에 따라 신용위험, 유동성위험, 시장위험, 자본위험에 노출되어 있습니다. \n(2) 신용위험당사는 금융상품의 당사자 중 일방이 의무를 이행하지 않아 상대방에게 재무손실을입힐 신용위험에 노출되어 있습니다. 당사의 경영진은 신용위험을 관리하기 위하여 신용도가 일정 수준 이상인 거래처와 거래하고 있으며, 금융자산의 신용보강을 위한 정책과 절차를 마련하여 운영하고 있습니다. 당사는 신규 거래처와 계약시 공개된 재무정보와 신용평가기관에 의하여 제공된 정보 등을 이용하여 거래처의 신용도를 평가하고 이를 근거로 신용거래한도를 결정하고 있으며, 담보 또는 지급보증을 제공받고 있습니다. \xa0또한, 당사는 주기적으로 거래처의 신용도를 재평가하여 신용거래한도를 재검토하고 담보수준을 재조정하고 있으며, 회수가 지연되는 금융자산에 대하여는 분기 단위로 회수지연 현황 및 회수대책을 보고하고 있으며 지연사유에 따라 적절한 조치를 취하고 있습니다. 금융자산의 장부금액은 신용위험에 대한 최대노출정도를 표시하고 있습니다.한편, 연결실체는 경남은행 등의 금융기관에 현금및현금성자산 및 장기예치금 등을 예치하고 있으며, 신용등급이 우수한 금융기관과 거래하고 있으므로 금융기관으로부터의 신용위험은 제한적입니다.\n(3) 유동성위험연결실체는 현금 등 금융자산을 인도하여 결제하는 금융부채에 관련된 의무를 충족하는데 어려움을 겪게 될 유동성위험에 노출되어 있습니다. 연결실체의 경영진은 유동성위험을 관리하기 위하여 단기 및 중장기 자금관리계획을 수립하고 현금유출예산과 실제현금유출액을 지속적으로 분석ㆍ검토하여 금융부채와 금융자산의 만기구조를 대응시키고 있습니다. 연결실체의 경영진은 영업활동현금흐름과 금융자산의 현금유입으로 금융부채를 상환가능하다고 판단하고 있습니다. 연결실체의 금융부채를 보고기간 종료일로부터 계약만기일까지의 전여기간에 따라 만기별로 구분한 내역은 다음과 같습니다. 다음 표에 표시된 현금흐름은 할인하지 아니한 금액입니다. 만기가 12개월 이내에 도래하는 잔액은 할인의 효과가 중요하지 아니하므로 장부금액과 동일합니다.\n(당분기말)\n(단위 : 천원)\n구 \xa0분\n3개월 미만\n3개월 ~ 1년\n1 ~ 5년\n합 \xa0계\n매입채무\n18,699,721\n-\n-\n18,699,721\n미지급금\n2,575,191\n170,000\n680,000\n3,425,191\n미지급비용\n6,569,836\n-\n-\n6,569,836\n임대보증금\n-\n2,741,660\n-\n2,741,660\n예수보증금\n358,783\n-\n-\n358,783\n합 \xa0계\n28,203,531\n2,911,660\n680,000\n31,795,191\n(전기말)\n(단위 : 천원)\n구 \xa0분\n3개월 미만\n3개월 ~ 1년\n1 ~ 5년\n합 \xa0계\n매입채무\n17,318,552\n-\n-\n17,318,552\n미지급금\n1,400,789\n170,000\n680,000\n2,250,789\n미지급비용\n5,675,754\n-\n-\n5,675,754\n임대보증금\n-\n3,051,660\n-\n3,051,660\n예수보증금\n237,004\n-\n-\n237,004\n합 \xa0계\n24,632,099\n3,221,660\n680,000\n28,533,759\n상기 미지급금에는 장기미지급금이 포함되어 있습니다.(4) 시장위험1) 공정가치변동위험당사는 여유 현금의 투자목적 등으로 직접적 또는 간접적 투자수단을 이용하여 수익증권 등에 투자하고 있습니다. \xa0당분기말과 전기말 현재 수익증권 등 공정가치로 평가하는 자산의 장부가액은 각각 208,662,001천원 및 159,002,730천원입니다. \xa0보고기간 종료일 현재 주가 등이 5% 변동시 법인세비용 반영전 손익에 미치는 영향은 다음과 같습니다.\n(단위 : 천원)\n구 \xa0분\n당분기말\n전기말\n5% 상승시\n 5% 하락시\n5% 상승시\n 5% 하락시\n법인세비용차감전순이익\n10,190,899\n(10,190,899)\n-\n-\n기타포괄손익\n185,284\n(185,284)\n6,081,854 \n(6,081,854)\n2) 환위험연결실체는 제품의 수출과 관련하여 USD 및 JPY의 환율변동위험에 노출되어 있으나 그 금액이 중요하지 아니하여 환율의 변동이 연결실체의 요약분기연결재무제표에미치는 영향은 중요하지 않다고 판단하고 있습니다.3) 이자율위험관리이자율위험은 미래 시장이자율 변동에 따라 예금 또는 차입금 등에서 발생하는 이자수익 및 이자비용이 변동될 위험으로서 이는 주로 변동금리부 조건의 예금과 차입금에서 발생하고 있습니다. 연결실체의 이자율위험관리의 목표는 이자율 변동으로 인한 불확실성과 금융비용을 최소화하는 데 있습니다. \n보고기간 종료일 현재 이자율위험에 노출된 변동금리부 금융자산 및 금융부채는 다음과 같습니다. \n(단위 : 천원)\n구 \xa0분\n당분기말\n전기말\n현금및현금성자산\n21,636,074\n19,700,217\n금융상품\n-\n171,000\n합 \xa0계\n21,636,074\n19,871,217\n보고기간 종료일 현재 다른 모든 변수가 일정하고 이자율이 10베이시스포인트(bp) 변동시 법인세비용 반영전 손익에 미치는 영향은 다음과 같습니다. \xa0\n(단위 : 천원)\n당분기\n전 기\n10bp 상승시\n10bp 하락시\n10bp 상승시\n10bp 하락시\n216,361\n(216,361)\n19,871 \n(19,871)\n(5) 자본관리연결실체의 자본관리는 투자자와 채권자, 시장의 신뢰 및 향후 발전을 위해 자본을 유지하는 것입니다. 연결실체의 자본관리는 리스크관리위원회에서 주기적으로 부채비율을 통하여 관리되고 있습니다. 이 비율은 총부채를 총자본으로 나누어 산출하고 있으며, 총부채 및 총자본은 요약분기연결재무제표의 공시된 금액을 기준으로 계산하고 있습니다.\n연결실체의 당분기말과 전기말 현재의 자본관리지표는 다음과 같습니다.\n(단위 : 천원)\n구 \xa0분\n당분기말\n전기말\n부채총계\n105,648,279\n94,906,915\n자본총계\n389,659,375\n346,415,169\n부채비율\n27.11%\n27.40%\n(6) 금융자산과 금융부채의 범주별 장부금액1) 보고기간 종료일 현재 금융자산의 범주별 장부금액은 다음과 같습니다.\n(당분기말)\n(단위 : 천원)\n계정과목\n당기손익인식금융자산\n대여금및수취채권\n매도가능\n금융자산\n만기보유금융자산\n합 \xa0 계\n단기매매항목\n당기손익인식지정 항목\n현금및현금성자산\n-\n-\n21,638,825\n-\n-\n21,638,825\n장단기금융상품\n-\n-\n4,000\n-\n-\n4,000\n장단기금융자산\n-\n\u3000\n-\n212,817,217\n-\n212,817,217\n매출채권\n-\n-\n17,445,880\n-\n-\n17,445,880\n장단기기타채권\n-\n-\n6,641,093\n-\n-\n6,641,093\n(전기말)\n(단위 : 천원)\n계정과목\n당기손익인식금융자산\n대여금및수취채권\n매도가능\n금융자산\n만기보유금융자산\n합 \xa0 계\n단기매매항목\n당기손익인식지정 항목\n현금및현금성자산\n-\n-\n24,424,583\n-\n-\n24,424,583\n장단기금융상품\n-\n-\n175,000\n-\n-\n175,000\n장단기금융자산\n-\n-\n-\n160,357,946\n-\n160,357,946\n매출채권\n-\n-\n16,068,679\n-\n-\n16,068,679\n장단기기타채권\n-\n-\n5,135,608\n-\n-\n5,135,608\n2) 보고기간 종료일 현재 금융부채의 범주별 장부금액은 다음과 같습니다.\n(당분기말)\n(단위 : 천원)\n구 \xa0분\n당기손익인식금융부채\n상각후원가 측정금융부채\n위험회피지정파생상품\n합 \xa0 계\n매입채무\n-\n18,699,721\n-\n18,699,721\n장단기기타채무\n-\n13,095,470\n-\n13,095,470\n(전기말)\n(단위 : 천원)\n구 \xa0분\n당기손익인식금융부채\n상각후원가 측정금융부채\n위험회피지정파생상품\n합 \xa0 계\n매입채무\n-\n17,318,552\n-\n17,318,552\n장단기기타채무\n-\n11,215,207\n-\n11,215,207\n(7) 금융상품의 공정가치1) 경영진은 요약분기연결재무제표에 상각후원가로 인식되는 금융자산 및 금융부채의 장부금액은 공정가치와 유사하다고 판단하고 있습니다.2) 공정가치 측정에 적용된 평가기법과 가정금융자산 및 금융부채의 공정가치는 다음과 같이 결정하였습니다.\n-\n표준거래조건과 활성시장이 존재하는 금융자산과 금융부채의 공정가치는 시장가격을 참고하여 결정하였습니다.\n-\n(상기에 기술된 금융상품을 제외한) 기타 금융자산과 금융부채의 공정가치는 할인된현금흐름 분석 등에 기초하여 일반적으로 인정된 가격결정모형에 따라 결정하였습니다.\n(당분기말)\n(단위 : 천원)\n계정과목\n수준 1\n수준 2\n수준 3\n합 계\n장단기금융자산\n4,844,017\n203,817,984\n-\n208,662,001\n(전기말)\n(단위 : 천원)\n계정과목\n수준 1\n수준 2\n수준 3\n합 계\n장단기금융자산\n279,070\n158,723,660\n-\n159,002,730\n13. 지급보증 및 담보제공자산[연결]\n당분기말 현재 담보로 제공되어 있는 자산의 내용은 다음과 같습니다.\n(단위 : 천원)\n제 공 처\n담보제공자산\n채권최고액\n제공사유\n마산세무서\n토지 및 건물\n10,000,000\n \xa0주세납세담보\n동울산세무서\n〃\n3,500,000\n〃\n용인세무서\n〃\n100,000\n〃\n에이스생명보험 외\n〃\n2,667,000\n임대보증금담보\n합 \xa0계\n16,267,000\n\u3000\n14. 특수관계자와의 거래[연결](1) 당분기말 현재 특수관계자의 현황은 다음과 같습니다.\n구 \xa0분\n특수관계자명\n관계기업\n \xa0지리산산청샘물\n기타의 특수관계자\n \xa0무학주류상사\n(2) 당분기 및 전분기 중 특수관계자와의 거래 내용은 다음과 같습니다.\n(당분기)\n(단위 : 천원)\n구 \xa0분\n특수관계자명\n매출 등\n매입 등\n매 출\n기타수익\n합 계\n매입\n기타비용\n합 계\n관계기업\n지리산산청샘물\n-\n1,415\n1,415\n720,954\n157,111\n878,065\n(전분기)\n(단위 : 천원)\n구 \xa0분\n특수관계자명\n매출 등\n매입 등\n매 출\n기타수익\n합 계\n매입\n기타비용\n합 계\n관계기업\n지리산산청샘물\n-\n1,122\n1,122\n604,855\n82,015\n686,870\n(3) 보고기간 종료일 현재 특수관계자와의 거래로 인한 채권ㆍ채무의 내용은 다음과 같습니다.\n(당분기말)\n(단위 : 천원)\n구 \xa0분\n특수관계자명\n채 권\n채 \xa0무\n매출채권\n기타채권\n합 계\n매입채무\n기타채무\n합 계\n관계기업\n지리산산청샘물\n-\n1,650,175\n1,650,175\n-\n193,604\n193,604\n기 \xa0 \xa0 \xa0타\n무학주류상사\n-\n-\n-\n-\n100,000\n100,000\n합 \xa0계\n-\n1,650,175\n1,650,175\n-\n293,604\n293,604\n(전기말)\n(단위 : 천원)\n구 \xa0분\n특수관계자명\n채 권\n채 \xa0무\n매출채권\n기타채권\n합 계\n매입채무\n기타채무\n합 계\n관계기업\n지리산산청샘물\n-\n156\n156\n-\n187,290\n187,290\n기 \xa0 \xa0 \xa0타\n무학주류상사\n-\n-\n-\n-\n100,000\n100,000\n합 \xa0계\n-\n156\n156\n-\n287,290\n287,290\n(4) 당분기말 현재 특수관계자를 위하여 연결실체가 제공하는 지급보증의 내역은 다음과 같습니다.\n(단위 : 천원)\n특수관계자명\n금 \xa0액\n거 래 처\n내 \xa0역\n무학주류상사\n600,000\n경남은행\n대출한도 보증\n(5) 당분기 및 전분기 중 주요 경영진에 대한 보상 내역은 다음과 같습니다.\n(단위 : 천원)\n구 \xa0분\n내 \xa0용\n당분기\n전분기\n단기종업원급여\n 급여, 상여금\n2,432,435\n1,889,323\n장기종업원급여\n 퇴직급여\n198,122\n129,970\n합 \xa0계\n2,630,557\n2,019,293\n한편, 상기 주요 경영진은 연결실체의 활동의 계획, 운영, 통제에 대한 중요한 권한과책임을 가진 등기임원으로 구성되어 있습니다.(6) 당분기말 현재 지리산산청샘물은 당사의 보통주 762,434주(지분율 2.78%)를 취득하여 보유하고 있습니다.\n15. 약정사항, 우발부채 및 우발자산[연결](1) 당분기말 현재 담보제공된 어음ㆍ수표의 내역은 다음과 같습니다.\n(단위 : 천원)\n종 \xa0류\n매 수\n금 \xa0액\n제 공 처\n비 고\n어 \xa0음\n1\n102,000\n 창원시\n이행보증\n(2) 당분기말 현재 연결실체가 제공받고 있는 지급보증의 내역은 다음과 같습니다.\n(단위 : 천원)\n제 공 처\n금 \xa0액\n거 래 처\n내 \xa0역\n경남은행\n3,000,000\n(주)포스코\n원자재대 지급보증\n서울보증보험\n290,000\n장애인고용지원금 보증\n서울보증보험\n38,503\n-\n인허가 및 이행보증\n합 \xa0계\n3,052,503\n17. 후속사건[연결]당사는 2014년 7월 2일 이사회 결의로 2014년 7월 3일부터 창원 1공장의 생산을 중단하기로 결정하였습니다. 공장 리모델링 및 신규 생산설비 설치를 위한 것으로 이를통하여 생산환경 개선과 생산능력 확대가 예상됩니다. 생산 중단된 창원 1공장의 생산량은 창원 2공장 및 울산공장에서 생산될 예정입니다.\n■ 재무제표(K-IFRS)\n제42기 3분기 및 비교 표시된 제41기, 제40기 재무제표는 한국채택국제회계기준 작성기준에 따라 작성하였습니다. 제42기 3분기 재무제표는 외부감사인의 검토를 받지 않은 재무제표 이며, 비교표시된 제41기 및 제40기 재무제표는 외부감사인의 감사를 받은 재무제표 입니다.\n재무상태표\n제 42 기 3분기말 2014.09.30 현재\n제 41 기말 \xa0 \xa0 \xa0 \xa0 \xa02013.12.31 현재\n(단위 : 원)\n\u3000\n제 42 기 3분기말\n제 41 기말\n자산\n\u3000\n\u3000\n\u3000유동자산\n81,985,307,478\n129,878,000,121\n\u3000\u3000현금및현금성자산\n19,115,445,044\n21,743,422,999\n\u3000\u3000단기금융상품\n0\n171,000,000\n\u3000\u3000단기금융자산\n0\n43,264,636,782\n\u3000\u3000매출채권\n17,564,933,042\n16,314,844,374\n\u3000\u3000기타채권\n2,033,897,307\n2,058,719,730\n\u3000\u3000재고자산\n37,357,280,298\n40,598,031,041\n\u3000\u3000기타유동자산\n5,913,751,787\n5,727,345,195\n\u3000비유동자산\n410,738,371,986\n310,483,966,656\n\u3000\u3000장기금융상품\n4,000,000\n4,000,000\n\u3000\u3000장기금융자산\n212,817,216,872\n117,093,309,243\n\u3000\u3000기타채권\n4,588,667,596\n2,751,517,596\n\u3000\u3000관계기업투자\n1,550,626,502\n2,008,634,422\n\u3000\u3000종속기업투자\n6,437,152,677\n6,437,152,677\n\u3000\u3000유형자산\n176,964,399,096\n173,826,679,908\n\u3000\u3000무형자산\n624,852,238\n648,811,238\n\u3000\u3000투자부동산\n7,751,457,005\n7,713,861,572\n\u3000자산총계\n492,723,679,464\n440,361,966,777\n부채\n\u3000\n\u3000\n\u3000유동부채\n101,200,415,664\n86,875,102,010\n\u3000\u3000매입채무\n18,521,058,893\n17,193,115,079\n\u3000\u3000기타채무\n12,435,345,888\n10,241,331,067\n\u3000\u3000유동성장기부채\n0\n170,000,000\n\u3000\u3000당기법인세부채\n10,897,824,620\n15,099,359,714\n\u3000\u3000미지급주세\n50,747,882,628\n35,527,589,930\n\u3000\u3000기타유동부채\n8,598,303,635\n8,643,706,220\n\u3000비유동부채\n3,199,480,904\n7,113,634,961\n\u3000\u3000기타채무\n680,000,000\n680,000,000\n\u3000\u3000이연법인세부채\n2,519,480,904\n6,433,634,961\n\u3000부채총계\n104,399,896,568\n93,988,736,971\n자본\n\u3000\n\u3000\n\u3000자본금\n5,500,000,000\n5,400,000,000\n\u3000기타불입자본\n18,612,703,766\n21,364,595,064\n\u3000기타자본구성요소\n(283,505,731)\n12,404,428,924\n\u3000이익잉여금\n364,494,584,861\n307,204,205,818\n\u3000자본총계\n388,323,782,896\n346,373,229,806\n자본과부채총계\n492,723,679,464\n440,361,966,777\n손익계산서\n제 42 기 3분기 2014.01.01 부터 2014.09.30 까지\n제 41 기 3분기 2013.01.01 부터 2013.09.30 까지\n(단위 : 원)\n\u3000\n제 42 기 3분기\n제 41 기 3분기\n3개월\n누적\n3개월\n누적\n매출액\n67,868,095,748\n189,427,482,929\n54,120,118,133\n171,980,272,240\n매출원가\n35,659,740,240\n100,054,731,563\n30,252,242,446\n92,667,143,305\n매출총이익\n32,208,355,508\n89,372,751,366\n23,867,875,687\n79,313,128,935\n판매비와관리비\n13,782,083,414\n39,791,786,279\n11,279,393,821\n35,636,279,137\n영업이익\n18,426,272,094\n49,580,965,087\n12,588,481,866\n43,676,849,798\n금융손익\n59,867,295\n229,929,571\n(314,360,294)\n(345,555,439)\n기타영업외 수익\n3,382,822,488\n26,509,159,281\n1,584,385,135\n14,576,217,179\n기타영업외비용\n1,584,862,882\n2,188,945,216\n594,115,421\n4,249,391,257\n법인세비용차감전순이익\n20,284,098,995\n74,131,108,723\n13,264,391,286\n53,658,120,281\n법인세비용\n3,748,319,552\n16,740,729,680\n3,895,036,741\n13,473,917,538\n당기순이익\n16,535,779,443\n57,390,379,043\n9,369,354,545\n40,184,202,743\n포괄손익계산서\n제 42 기 3분기 2014.01.01 부터 2014.09.30 까지\n제 41 기 3분기 2013.01.01 부터 2013.09.30 까지\n(단위 : 원)\n\u3000\n제 42 기 3분기\n제 41 기 3분기\n3개월\n누적\n3개월\n누적\n당기순이익\n16,535,779,443\n57,390,379,043\n9,369,354,545\n40,184,202,743\n기타포괄손익\n(350,509,065)\n(12,687,934,655)\n14,231,622,667\n(2,297,110,456)\n\u3000후속적으로 당기손익으로 재분류될 수 있는 항목\n(350,509,065)\n(12,687,934,655)\n14,231,622,667\n(2,297,110,456)\n\u3000\u3000매도가능금융자산평가이익(손실)\n(363,172,275)\n(12,741,820,654)\n14,188,601,123\n(2,297,110,456)\n\u3000\u3000해외사업환산이익(손실)\n12,663,210\n53,885,999\n43,021,544\n0\n총포괄손익\n16,185,270,378\n44,702,444,388\n23,600,977,212\n37,887,092,287\n주당이익\n\u3000\n\u3000\n\u3000\n\u3000\n\u3000기본 및 희석주당이익\n609\n2,113\n343\n1,472\n자본변동표\n제 42 기 3분기 2014.01.01 부터 2014.09.30 까지\n제 41 기 3분기 2013.01.01 부터 2013.09.30 까지\n(단위 : 원)\n\u3000\n자본\n자본금\n기타불입자본\n기타자본구성요소\n이익잉여금\n자본 \xa0합계\n자본잉여금\n기타자본항목\n기타불입자본 합계\n2013.01.01 (보고금액)\n5,320,000,000\n9,923,496,628\n11,458,766,622\n21,382,263,250\n14,719,254,142\n253,884,851,989\n295,306,369,381\n연차배당\n80,000,000\n\u3000\n\u3000\n\u3000\n\u3000\n(1,399,649,400)\n(1,319,649,400)\n처분후이익잉여금\n\u3000\n\u3000\n\u3000\n\u3000\n\u3000\n252,485,202,589\n293,986,719,981\n자기주식의처분\n\u3000\n\u3000\n\u3000\n\u3000\n\u3000\n\u3000\n\u3000\n자기주식의취득\n\u3000\n\u3000\n(17,668,186)\n(17,668,186)\n\u3000\n\u3000\n(17,668,186)\n매도가능증권평가손익\n\u3000\n\u3000\n\u3000\n\u3000\n\u3000\n\u3000\n\u3000\n해외사업환산손익\n\u3000\n\u3000\n\u3000\n\u3000\n\u3000\n\u3000\n\u3000\n당기순이익\n\u3000\n\u3000\n\u3000\n\u3000\n(2,297,110,456)\n40,184,202,743\n37,887,092,287\n2013.09.30 (기말자본)\n5,400,000,000\n9,923,496,628\n11,441,098,436\n21,364,595,064\n12,422,143,686\n292,669,405,332\n331,856,144,082\n2014.01.01 (보고금액)\n5,400,000,000\n9,923,496,628\n11,441,098,436\n21,364,595,064\n12,404,428,924\n307,204,205,818\n346,373,229,806\n연차배당\n100,000,000\n\u3000\n\u3000\n\u3000\n\u3000\n(100,000,000)\n\u3000\n처분후이익잉여금\n\u3000\n\u3000\n\u3000\n\u3000\n\u3000\n307,104,205,818\n346,373,229,806\n자기주식의처분\n\u3000\n\u3000\n\u3000\n\u3000\n\u3000\n\u3000\n\u3000\n자기주식의취득\n\u3000\n\u3000\n(2,751,891,298)\n(2,751,891,298)\n\u3000\n\u3000\n(2,751,891,298)\n매도가능증권평가손익\n\u3000\n\u3000\n\u3000\n\u3000\n(12,741,820,654)\n\u3000\n(12,741,820,654)\n해외사업환산손익\n\u3000\n\u3000\n\u3000\n\u3000\n53,885,999\n\u3000\n53,885,999\n당기순이익\n\u3000\n\u3000\n\u3000\n\u3000\n\u3000\n57,390,379,043\n57,390,379,043\n2014.09.30 (기말자본)\n5,500,000,000\n9,923,496,628\n8,689,207,138\n18,612,703,766\n(283,505,731)\n364,494,584,861\n388,323,782,896\n현금흐름표\n제 42 기 3분기 2014.01.01 부터 2014.09.30 까지\n제 41 기 3분기 2013.01.01 부터 2013.09.30 까지\n(단위 : 원)\n\u3000\n제 42 기 3분기\n제 41 기 3분기\n영업활동으로 인한 현금흐름\n67,847,104,685\n43,207,025,008\n\u3000영업에서 창출된 현금흐름\n88,559,439,888\n52,610,699,183\n\u3000\u3000반기순이익\n57,390,379,043\n40,184,202,743\n\u3000\u3000조정\n13,515,252,158\n18,019,527,801\n\u3000\u3000\u3000법인세비용(수익)\n16,740,729,680\n13,473,917,538\n\u3000\u3000\u3000금융비용\n35,111,741\n644,153,119\n\u3000\u3000\u3000퇴직급여\n791,578,230\n712,052,580\n\u3000\u3000\u3000감가상각비\n17,022,567,754\n13,493,305,092\n\u3000\u3000\u3000무형자산상각비\n24,719,000\n20,988,333\n\u3000\u3000\u3000투자자산상각비\n148,600,877\n143,852,871\n\u3000\u3000\u3000광고선전비\n17,000,000\n\u3000\n\u3000\u3000\u3000수선비\n2,500,000\n\u3000\n\u3000\u3000\u3000지급수수료\n\u3000\n1,181,818\n\u3000\u3000\u3000잡손실\n17\n\u3000\n\u3000\u3000\u3000외화환산손실\n62,092,871\n3,017,260\n\u3000\u3000\u3000유형자산처분손실\n320,986,750\n\u3000\n\u3000\u3000\u3000기부금\n458,007,920\n\u3000\n\u3000\u3000\u3000매도가능금융자산처분손실\n\u3000\n2,680,471,381\n\u3000\u3000\u3000매도가능증권평가손실\n182,016,442\n\u3000\n\u3000\u3000\u3000금융수익\n(265,041,312)\n(298,597,680)\n\u3000\u3000\u3000당기손익인식금융자산평가이익\n\u3000\n\u3000\n\u3000\u3000\u3000유형자산처분이익\n(502,783,576)\n(193,760,539)\n\u3000\u3000\u3000대손상각비\n\u3000\n\u3000\n\u3000\u3000\u3000잡이익\n(16,617,089)\n\u3000\n\u3000\u3000\u3000매도가능금융자산처분이익\n(21,506,217,147)\n(12,661,053,972)\n\u3000\u3000운전자본의 변동\n17,653,808,687\n(5,593,031,361)\n\u3000\u3000\u3000매출채권의감소(증가)\n(1,307,616,421)\n(1,442,910,671)\n\u3000\u3000\u3000기타채권의 감소(증가)\n24,822,423\n(91,280,877)\n\u3000\u3000\u3000재고자산의감소(증가)\n3,276,153,586\n12,625,077\n\u3000\u3000\u3000기타유동자산의 감소(증가)\n(186,406,592)\n(1,458,896,684)\n\u3000\u3000\u3000보증금의감소(증가)\n(2,214,800,000)\n135,672,000\n\u3000\u3000\u3000매입채무의증가(감소)\n1,327,943,814\n2,700,859,686\n\u3000\u3000\u3000기타채무의 증가(감소)\n1,624,116,061\n(4,634,462,542)\n\u3000\u3000\u3000기타유동부채의 증가(감소)\n15,174,686,866\n(801,482,570)\n\u3000\u3000\u3000퇴직금의지급\n(65,091,050)\n(13,154,780)\n\u3000이자의수취\n193,188,512\n175,912,080\n\u3000배당금의수취\n71,852,800\n122,685,600\n\u3000이자의지급\n(35,111,741)\n(644,153,119)\n\u3000법인세의납부\n(20,942,264,774)\n(9,058,118,736)\n투자활동으로 인한 현금흐름\n(67,410,724,207)\n(68,691,162,812)\n\u3000단기금융상품의 감소\n171,000,000\n\u3000\n\u3000단기금융자산의 처분\n44,268,612,292\n\u3000\n\u3000장기금융자산의 처분\n179,737,604,855\n115,480,582,591\n\u3000단기대여금의감소\n\u3000\n\u3000\n\u3000유형자산의 처분\n1,082,819,078\n193,760,539\n\u3000무형자산의 처분\n5,000,000\n\u3000\n\u3000기타비유동자산의 감소\n387,800,000\n104,000,000\n\u3000장기금융자산의 취득\n(271,797,262,000)\n(161,000,000,000)\n\u3000종속회사주식의취득\n\u3000\n(100,000,000)\n\u3000유형자산의 취득\n(21,232,312,122)\n(23,258,775,942)\n\u3000투자부동산의 취득\n(18,076,310)\n\u3000\n\u3000무형자산의 취득\n(5,760,000)\n(60,730,000)\n\u3000기타비유동자산의 증가\n(10,150,000)\n(50,000,000)\n재무활동으로 인한 현금흐름\n(3,061,891,298)\n12,657,682,414\n\u3000단기차입금의 차입\n57,000,000,000\n81,400,000,000\n\u3000임대보증금의 증가\n65,000,000\n10,000,000\n\u3000배당금의지급\n\u3000\n(1,319,649,400)\n\u3000단기차입금의 상환\n(57,000,000,000)\n(67,400,000,000)\n\u3000임대보증금의 감소\n(375,000,000)\n(15,000,000)\n\u3000유동성장기부채의상환\n\u3000\n\u3000\n\u3000자기주식의 취득\n(2,751,891,298)\n(17,668,186)\n현금의 증가(감소)\n(2,627,977,955)\n(12,829,472,650)\n기초의 현금\n21,743,422,999\n16,848,965,032\n외화표시현금및현금성자산의환율변동효과\n(2,467,135)\n(3,017,260)\n기말의 현금\n19,115,445,044\n4,019,492,382\n■ 재무제표의 주석\n1. 회사의 개요\n주식회사 무학(이하 ""당사"")은 1973년 9월 19일 대한민국에서 설립되었으며, 1998년 1월 16일 현재의 상호로 변경하였고, 1998년 7월 27일에 한국증권선물거래소가 개설한 코스닥시장에 상장한 후 2010년 7월 20일 유가증권시장으로 이전 상장하였습니다. 당사는 희석식 소주 및 철강제품의 제조 및 판매를 주 영업목적으로 하고 있으며, 경상남도 창원시 마산회원구 봉암공단 2길 6에 본사를 두고 있으며, 당분기말 현재 당사의 자본금은 5,500,000천원이고 최대주주는 49.76%의 지분을 소유한 최재호입니다.2. 재무제표 작성기준 및 유의적 회계정책에 대한 요약\n당사의 요약분기재무제표는 연차재무제표가 속하는 기간의 일부에 대하여 기업회계기준서 제1034호 \'중간재무보고\'를 적용하여 작성하는 요약분기재무제표이며 기업회계기준서 제1027호 \'별도재무제표\'에 따른 별도재무제표입니다. 동 요약분기재무제표에 대한 이해를 위해서는 한국채택국제회계기준에 따라 작성된 2013년 12월 31일자로 종료하는 회계연도에 대한 연차재무제표를 함께 이용하여야 합니다.\n(1) 당분기에 새로 도입된 기준서 및 해석서와 그로 인한 회계정책의 변경내용은 다음과 같습니다.- 기업회계기준서 제1019호 종업원급여(개정)근무연수의 경과와 무관한 기여금을 근무기간에 배분하지 않고 근무용역이 제공되는기간에 근무원가에서 차감하는 것을 허용하는 것을 주요 내용으로 하고 있습니다. 한편 동 개정사항이 연결실체의 요약분기재무제표에 미치는 중요한 영향은 없습니다.\n- 기업회계기준서 제1032호 금융상품: 표시(개정)동 개정사항은 금융자산과 금융부채의 상계 표시와 관련된 규정의 의미를 명확히 하여 상계의 권리는 미래사건에 따른 조건부여서는 안되며 약정기간 중 언제나 행사 가능하여야 하고 기업 자신과 거래상대방이 정상적인 사업과정인 경우뿐만 아니라 채무불이행, 지급불능 등인 경우에도 집행 가능하여야 한다는 것 등을 주요 내용으로 하고 있습니다. 한편 동 개정사항이 당사의 요약분기재무제표에 미치는 중요한 영향은 없습니다.- 기업회계기준서 제1110호, 1112호 및 1027호 투자기업(개정)\n동 개정사항은 기업은 자신이 지배하고 있는 모든 종속기업을 연결하여야 한다는 기업회계기준서 제1110호 \'연결재무제표\'의 일반원칙에 대한 예외규정이며, 지배기업이 투자기업의 정의를 충족하는 경우 종속기업을 연결하지 않고 공정가치로 측정하여 당기손익에 반영하도록 요구하는 것을 주요 내용으로 하고 있습니다. 그리고 투자기업과 관련된 새로운 공시규정들이 기업회계기준서 제1112호 \'타 기업에 대한 지분의 공시\'와 제1027호 \'별도재무제표\'에 도입되었습니다. 한편 동 개정사항이 당사의 요약분기재무제표에 미치는 중요한 영향은 없습니다.\n- 기업회계기준서 제1039호 금융상품: 인식과 측정(개정)\n동 개정사항은 법령이나 규정의 도입으로 파생상품의 원래 계약상대방을 중앙청산소또는 중앙청산소와의 청산효과를 내기 위한 거래상대방의 역할을 하는 기업으로 교체하고 일정 요건을 충족하는 경우에 위험회피회계를 계속 적용하는 것을 허용하는 것을 주요 내용으로 하고 있습니다. 한편 동 개정사항이 당사의 요약분기재무제표에 미치는 중요한 영향은 없습니다.\n- 기업회계기준해석서 제2121호 부담금(제정)\n동 해석서는 정부가 법규에 따라 기업들에게 부과하는 부담금과 관련된 부채는 법규에 명시된 부담금 납부를 유발하는 활동이 발생하는 시점에 인식하는 것을 주요 내용으로 하고 있습니다. 한편 동 회계정책의 변경이 요약분기재무제표에 미치는 중요한 영향은 없습니다.\n상기 기준서 외에도 회수가능액에 대한 공시규정과 관련된 기업회계기준서 제1036호의 개정사항이 존재하지만, 해당 개정사항이 동 요약분기재무제표에 미치는 중요한 영향은 없습니다.\n당사는 상기에 열거된 기준서가 요약분기재무제표에 미치는 영향이 중요하지 않을 것으로 판단하고 있습니다.\n3. 중요한 회계추정 및 판단\n요약분기재무제표를 작성함에 있어, 경영진은 회계정책 적용과 자산ㆍ부채 및 수익ㆍ비용에 영향을 미치는 판단, 추정 및 가정을 해야 합니다. 실제 결과는 이러한 추정치와 다를 수 있습니다.\n요약분기재무제표의 작성을 위해 당사 회계정책의 적용과 추정 불확실성의 주요원천에 대해 경영진이 내린 중요한 판단은 2013년 12월 31일로 종료하는 회계연도에 대한 연차재무제표와 동일합니다.\n4. 부문정보당사의 영업부문은 수익을 창출하고 비용을 발생시키는 사업활동을 영위하는 식별 가능한 구성단위로서 부문에 배분될 자원에 대한 의사결정과 성과평가를 위하여 최고영업의사결정자가 주기적으로 검토하는 내부 보고자료에 기초하여 주류사업부와 스틸사업부로 구분하였습니다.\n(1) 보고부문이 수익을 창출하는 영업의 유형주류사업부는 희석식 소주 제조 및 판매를 주요 영업으로 하고 있으며 이와 연관된 주류 및 음료사업을 영위하고 있습니다.\n스틸사업부는 전기강판, 스레인레스 및 냉연강판을 소재로 스리팅한 후 압연, 열처리, 코팅 등으로 가공한 제품을 제조, 판매하고 있습니다.\n(2) 부문수익 및 이익당사의 계속영업수익 및 계속영업이익에 대한 보고부문별 분석은 다음과 같습니다.수익은 외부고객으로부터 발생한 수익입니다.\n보고부문의 회계정책은 주석 2에서 설명한 회계정책과 동일하며, 부문이익은 부문매출총이익에서 각 부문에서 발생한 판매비와관리비를 차감한 금액으로 표시합니다.부문이익은 자원을 배분하고부문의 성과를 평가하기 위해 최고영업의사결정자에게 보고되는 측정치입니다. \n(당분기)\n(단위 : 천원)\n구 \xa0분\n주류사업부문\n스틸사업부문\n합 \xa0계\n부문수익\n175,929,908\n13,497,575\n189,427,483\n부문이익\n49,453,879\n127,086\n49,580,965\n기타영업외손익\n24,334,565\n(14,351)\n24,320,214\n순금융손익\n229,918\n12\n229,930\n세전이익\n74,018,362\n112,747\n74,131,109\n(전분기)\n(단위 : 천원)\n구 \xa0분\n주류사업부문\n스틸사업부문\n합 \xa0계\n부문수익\n154,392,540\n17,587,732\n171,980,272\n부문이익\n43,942,472\n(265,622)\n43,676,850\n기타영업외손익\n10,432,885\n(106,059)\n10,326,826\n순금융손익\n(345,585)\n30\n(345,555)\n세전이익\n54,029,771\n(371,651)\n53,658,120\n(3) 부문자산 및 부채\n1) 보고기간 종료일 현재 보고부문별 자산 및 총자산으로의 조정 내용은 다음과 같습니다.\n(단위 : 천원)\n구 \xa0 분\n당분기말\n전기말\n주류사업부\n257,809,027\n242,324,385\n스틸사업부\n14,105,656\n29,058,849\n총부문자산\n271,914,683\n271,383,234\n미배분자산\n220,808,996\n168,978,733\n총자산\n492,723,679\n440,361,967\n최고영업의사결정자는 부문성과를 관리하고 부문간 자원을 배분할 목적으로 장단기금융상품, 장단기금융자산, 관계기업투자 및 종속기업투자를 제외한 모든 자산을 보고부문에 배분합니다. 보고부문이 공동으로 사용하는 자산은 각 보고부문의 수익을 기준으로 배분됩니다.2) 보고기간 종료일 현재 보고부문별 부채 및 총부채로의 조정 내용은 다음과 같습니다.\n(단위 : 천원)\n구 \xa0 분\n당분기말\n전기말\n주류사업부\n90,828,242\n65,549,671\n스틸사업부\n154,349\n6,906,071\n총부문부채\n90,982,591\n72,455,742\n미배분부채\n13,417,306\n21,532,995\n총부채\n104,399,897\n93,988,737\n최고영업의사결정자는 부문성과를 관리하고 부문간 자원을 배분할 목적으로 당기법인세부채, 이연법인세부채를 제외한 모든 부채를 보고부문에 배분합니다. 공동으로 부담하는 부채는 부문자산에 비례하여 배분됩니다.(4) 기타 부문정보당분기 및 전분기 보고부문별 감가상각비는 다음과 같습니다.\n(단위 : 천원)\n구 \xa0 분\n당분기\n전분기\n주류사업부\n16,395,889\n13,000,434\n스틸사업부\n212,898\n492,871\n합 \xa0 계\n16,608,787\n13,493,305\n(5) 지역에 대한 정보당사의 제품 및 상품은 대한민국 내에서 대부분 판매가 되고 있습니다.\n(6) 주요고객에 대한 정보\n당분기 및 전분기 중 당사 수익의 10% 이상을 차지하는 단일의 고객은 없습니다.5. 사용이 제한된 금융상품\n보고기간 종료일 현재 사용이 제한된 금융상품의 내역은 다음과 같습니다.\n(단위 : 천원)\n계정과목\n당분기말\n전기말\n 제한내용 \n현금및현금성자산\n171,000\n-\n \xa0보증서 담보\n단기금융상품\n-\n171,000\n""\n장기금융상품\n4,000\n4,000\n \xa0당좌개설보증금\n합 \xa0계\n175,000\n175,000\n\u3000\n6. 장단기금융자산(1) 보고기간 종료일 현재 금융자산의 내역은 다음과 같습니다.\n(단위 : 천원)\n계정과목\n당분기말\n전기말\n단기금융자산\n\u3000\n\u3000\n \xa0매도가능금융자산\n-\n43,264,637\n장기금융자산\n\u3000\n\u3000\n \xa0당기손익인식금융자산\n203,817,984\n-\n \xa0매도가능금융자산\n8,999,233\n117,093,309\n합 \xa0계\n212,817,217\n160,357,946\n(2) 당분기말 현재 당기손익인식금융자산의 내역은 다음과 같습니다.\n(단위 : 천원)\n계정과목\n취득금액\n장부금액\n평가손익\n파생결합상품\n204,000,000\n203,817,984\n(182,016)\n당사는 상기 파생결합상품이 주계약과 분리되어야 하는 내재파생상품으로 주계약과 분리하여 측정될 수 없는 경우에 해당되어 복합계약 전체를 당기손익인식항목으로 지정하였습니다.\n(3) 보고기간 종료일 현재 매도가능금융자산의 내역은 다음과 같습니다.\n(단위 : 천원)\n구 \xa0 분\n당분기말\n전기말\n유동\n비유동\n합 계\n유동\n비유동\n합 계\n매도가능지분상품\n\u3000\n\u3000\n\u3000\n\u3000\n\u3000\n\u3000\n 상장주식\n-\n4,844,017\n4,844,017\n-\n279,070\n279,070\n 비상장주식\n-\n4,155,216\n4,155,216\n-\n1,355,216\n1,355,216\n매도가능채무상품\n\u3000\n\u3000\n\u3000\n\u3000\n\u3000\n\u3000\n 수익증권\n-\n203,817,984\n203,817,984\n43,264,637\n115,459,023\n158,723,660\n합 \xa0계\n-\n212,817,217\n212,817,217\n43,264,637\n117,093,309\n160,357,946\n(4) 보고기간 종료일 현재 상장주식의 내역은 다음과 같습니다.\n(단위 : 천원)\n회 사 명\n당분기말\n전기말\n주식수\n취득원가\n공정가액\n장부가액\n주식수\n취득원가\n공정가액\n장부가액\n 금비\n9,460\n349,947\n344,817\n344,817\n9,460\n349,947\n279,070\n279,070\n 삼성전자\n3,800\n4,997,262\n4,499,200\n4,499,200\n-\n-\n-\n-\n합 \xa0계\n13,260\n5,347,209\n4,844,017\n4,844,017\n9,460\n349,947\n279,070\n279,070\n(5) 보고기간 종료일 현재 비상장주식의 내역은 다음과 같습니다.\n(단위 : 천원)\n회 사 명\n당분기말\n전기말\n지분율(%)\n취득원가\n순자산가액\n장부가액\n지분율(%)\n취득원가\n순자산가액\n장부가액\n 세왕금속공업(주)\n13.15\n843,416\n4,636,994\n843,416\n13.15\n843,416\n4,587,576\n843,416\n 용원씨에스(주)\n1.67\n111,800\n92,782\n111,800\n1.67\n111,800\n92,782\n111,800\n 주머니이엔티\n16.67\n500,000\n-\n-\n16.67\n500,000\n-\n-\n 연합뉴스TV\n0.50\n300,000\n140,698\n300,000\n0.5\n300,000\n300,000\n300,000\n 밸류파트너스\n4.76\n100,000\n100,000\n100,000\n4.76\n100,000\n100,000\n100,000\n 스타뱅크\n-\n2,800,000\n2,800,000\n2,800,000\n-\n-\n-\n-\n합 \xa0계\n\u3000\n4,655,216\n7,770,474\n4,155,216\n\u3000\n1,855,216\n5,080,358\n1,355,216\n한편, 최초인식 후 공정가치를 측정함에 있어 상기 비상장주식은 활성거래시장이 존재하지 않고 공정가치를 신뢰성 있게 측정할 수 없어 취득원가로 측정하였습니다.\n(6) 전기말 현재 수익증권의 내역은 다음과 같습니다.\n(단위 : 천원)\n회 사 명\n취득원가\n공정가액\n장부가액\n 수익증권\n142,500,000\n158,723,660\n158,723,660\n7. 자본(1) 자기주식\n당분기 및 전기 중 자기주식의 변동 내역은 다음과 같습니다.\n(단위 : 천원)\n구 분\n당분기\n전 기\n주식수(주)\n장부금액\n주식수(주)\n장부금액\n기초금액\n208,195\n1,080,350\n207,012\n1,062,681\n매입\n151,343\n2,751,891\n1,183\n17,669\n처분\n- \n-\n-\n-\n기말금액\n359,538\n3,832,241\n208,195\n1,080,350\n한편, 상기 자기주식은 주가안정 및 주주가치 제고를 위하여 취득한 것으로 가까운 미래에 처분할 예정입니다.(2) 기타자본구성요소\n1) 보고기간 종료일 현재 \xa0기타자본구성요소의 내용은 다음과 같습니다. \n(단위 : 천원)\n구 \xa0분\n당분기말\n전기말\n매도가능증권평가손익\n(384,942)\n12,356,879\n해외사업환산손익\n101,436\n47,550\n합 \xa0계\n(283,506)\n12,404,429\n(3) 배당금\n당분기 및 전기 중 지급된 당사의 배당금의 내역은 다음과 같습니다.\n구 \xa0분\n당분기\n전 기\n배당금총액\n100,000천원\n1,399,649천원\n배당성향\n0.18%\n3.89%\n배당주식수\n26,791,805주\n26,392,988주\n주당 배당금(주식배당포함)\n3.732원\n53.031원\n주당 액면금액\n200원\n200원\n배당률\n1.866%\n26.516%\n8. 매출액당분기 및 전분기 중 매출액의 내역은 다음과 같습니다.\n(단위 : 천원)\n구 \xa0분\n당분기\n전분기\n3개월\n누적\n3개월\n누적\n제품매출\n59,527,330\n180,221,472\n53,657,347\n170,227,549\n상품매출\n477,541\n1,021,808\n324,490\n1,314,230\n기타매출\n7,863,224\n8,184,203\n138,281\n438,494\n합 \xa0계\n67,868,095\n189,427,483\n54,120,118\n171,980,273\n9. 주당이익당분기 및 전분기의 기본 및 희석주당순이익의 산정내역은 다음과 같습니다.\n(단위: 천원)\n구 \xa0분\n당분기\n전분기\n3개월\n누적\n3개월\n누적\n당기순이익\n16,535,779\n57,390,379\n9,369,355\n40,184,203\n가중평균유통보통주식수\n27,140,462주\n27,151,182주\n27,291,805주\n27,292,446주\n기본및희석화주당순이익\n609원\n2,113원\n343원\n1,472원\n한편, 전분기 기본 및 희석주당이익은 당기의 주식배당으로 인한 무상증자 효과를 반영하여 재산정한 것입니다.\n10. 금융상품\n(1) 위험관리 개념체계당사의 위험관리는 당사의 재무적 성과에 영향을 미치는 잠재적 위험을 식별하여 당사가 허용가능한 수준으로 위험을 감소, 제거 및 회피하는 것을 그 목적으로 하고 있습니다. 당사는 전사적인 수준의 위험관리 정책 및 절차를 마련하여 운영하고 있으며, 당사의 재무부문에서 위험관리에 대한 총괄책임을 담당하고 있습니다. 당사의 재무부문은 이사회에서 승인된 위험관리 정책 및 절차에 따라 당사의 영업과 관련한 금융위험을 감시하고 관리하는 역할을 하고 있으며, 금융위험의 성격과 노출정도를 분석한 주기적인 내부위험보고서를 위험관리위원회에 제출하고 있습니다. 당사의 위험관리위원회는 전반적인 금융위험 관리전략을 수립하고 위험회피 수단 및 절차를 결정하며 위험관리의 효과성에 대한 사후평가를 수행하고 있습니다. 또한, 당사의 내부감사인은 위험관리 정책 및 절차의 준수 여부와 위험노출 한도를 지속적으로 검토하고 있습니다. 당사의 전반적인 금융위험 관리 전략은 전기와 동일합니다. 당사는 금융상품을 운용함에 따라 신용위험, 유동성위험, 시장위험, 자본위험에 노출되어 있습니다.\n한편, 당사는 경남은행 등의 금융기관에 현금및현금성자산 및 장기예치금 등을 예치하고 있으며, 신용등급이 우수한 금융기관과 거래하고 있으므로 금융기관으로부터의신용위험은 제한적입니다.\n(3) 유동성위험당사는 현금 등 금융자산을 인도하여 결제하는 금융부채에 관련된 의무를 충족하는데 어려움을 겪게 될 유동성위험에 노출되어 있습니다. 당사의 경영진은 유동성위험을 관리하기 위하여 단기 및 중장기 자금관리계획을 수립하고 현금유출예산과 실제현금유출액을 지속적으로 분석ㆍ검토하여 금융부채와 금융자산의 만기구조를 대응시키고 있습니다. 당사의 경영진은 영업활동현금흐름과 금융자산의 현금유입으로 금융부채를 상환가능하다고 판단하고 있습니다. \n당사의 금융부채를 보고기간 종료일로부터 계약만기일까지의 전여기간에 따라 만기별로 구분한 내역은 다음과 같습니다. 아래 표에 표시된 현금흐름은 할인하지 아니한금액입니다. 만기가 12개월 이내에 도래하는 잔액은 할인의 효과가 중요하지 아니하므로 장부금액과 동일합니다.\n(당분기말)\n(단위 : 천원)\n구 분\n3개월 미만\n3개월 ~ 1년\n1 ~ 5년\n합 계\n 매입채무\n18,521,059\n-\n-\n18,521,059\n 미지급금\n2,575,191\n170,000\n680,000\n3,425,191\n 미지급비용\n6,443,712\n-\n-\n6,443,712\n 임대보증금\n-\n2,887,660\n-\n2,887,660\n 예수보증금\n358,783\n-\n-\n358,783\n합 계\n27,898,745\n3,057,660\n680,000\n31,636,405\n(전기말)\n(단위 : 천원)\n구 분\n3개월 미만\n3개월 ~ 1년\n1 ~ 5년\n합 계\n 매입채무\n17,193,115\n-\n-\n17,193,115\n 미지급금\n1,359,983\n170,000\n680,000\n2,209,983\n 미지급비용\n5,446,684\n-\n-\n5,446,684\n 임대보증금\n-\n3,197,660\n-\n3,197,660\n 예수보증금\n237,004\n-\n-\n237,004\n합 계\n24,236,786\n3,367,660\n680,000\n28,284,446\n상기 미지급금에는 장기미지급금이 포함되어 있습니다.\n(4) 시장위험1) 공정가치변동위험당사는 여유 현금의 투자목적 등으로 직접적 또는 간접적 투자수단을 이용하여 수익증권 등에 투자하고 있습니다. 당분기말과 전기말 현재 수익증권 등 공정가치로 평가하는 자산의 장부가액은 각각 208,662,001천원 및 159,002,730천원입니다. 보고기간 종료일 현재 주가 등이 5% 변동시 법인세비용 반영전 손익에 미치는 영향은 다음과 같습니다.\n(단위 : 천원)\n구 \xa0분\n당분기말\n전기말\n5% 상승시\n 5% 하락시\n5% 상승시\n 5% 하락시\n법인세비용차감전순이익\n10,190,899\n(10,190,899)\n-\n-\n기타포괄손익\n185,284\n(185,284)\n6,081,854 \n(6,081,854)\n2) 환위험당사는 제품의 수출과 관련하여 USD 및 JPY의 환율변동위험에 노출되어 있으나 그 금액이 중요하지 아니하여 환율의 변동이 당사의 요약분기재무제표에 미치는 영향은중요하지 않다고 판단하고 있습니다.\n3) 이자율위험관리이자율위험은 미래 시장이자율 변동에 따라 예금 또는 차입금 등에서 발생하는 이자수익 및 이자비용이 변동될 위험으로서 이는 주로 변동금리부 조건의 예금과 차입금에서 발생하고 있습니다. 당사의 이자율위험관리의 목표는 이자율 변동으로 인한 불확실성과 금융비용을 최소화하는 데 있습니다. \n보고기간 종료일 현재 이자율위험에 노출된 변동금리부 금융자산 및 금융부채는 다음과 같습니다. \n(단위 : 천원)\n구 분\n당분기말\n전기말\n현금및현금성자산\n19,113,004\n19,700,217\n금융상품\n-\n171,000\n합 계\n19,113,004\n19,871,217\n보고기간 종료일 현재 다른 모든 변수가 일정하고 이자율이 10베이시스포인트(bp) 변동시 법인세비용 반영전 손익에 미치는 영향은 다음과 같습니다. \xa0\n(단위 : 천원)\n당분기\n전 기\n10bp 상승시\n10bp 하락시\n10bp 상승시\n10bp 하락시\n191,130\n(191,130)\n19,871 \n(19,871)\n(5) 자본관리당사의 자본관리는 투자자와 채권자, 시장의 신뢰 및 향후 발전을 위해 자본을 유지하는 것입니다. 당사의 자본관리는 리스크관리위원회에서 주기적으로 부채비율을 통하여 관리되고 있습니다. 이 비율은 총부채를 총자본으로 나누어 산출하고 있으며, 총부채 및 총자본은 재무제표의 공시된 금액을 기준으로 계산하고 있습니다.\n당사의 당분기말과 전기말 현재의 자본관리지표는 다음과 같습니다.\n(단위 : 천원)\n구 분\n당분기말\n전기말\n부채총계\n104,399,897\n93,988,737\n자본총계\n388,323,783\n346,373,230\n부채비율\n26.88%\n27.14%\n(6) 금융자산과 금융부채의 범주별 장부금액1) 보고기간 종료일 현재 금융자산의 범주별 장부금액은 다음과 같습니다.\n(당분기말)\n(단위 : 천원)\n계정과목\n당기손익인식금융자산\n대여금및수취채권\n매도가능\n금융자산\n만기보유금융자산\n합 \xa0 계\n단기매매항목\n당기손익인식지정 항목\n현금및현금성자산\n-\n-\n19,115,445\n-\n-\n19,115,445\n장단기금융상품\n-\n-\n4,000\n-\n-\n4,000\n장단기금융자산\n-\n\u3000\n-\n212,817,217\n-\n212,817,217\n매출채권\n-\n-\n17,564,933\n-\n-\n17,564,933\n장단기기타채권\n-\n-\n6,622,565\n-\n-\n6,622,565\n(전기말)\n(단위 : 천원)\n계정과목\n당기손익인식금융자산\n대여금및수취채권\n매도가능\n금융자산\n만기보유금융자산\n합 \xa0 계\n단기매매항목\n당기손익인식지정 항목\n현금및현금성자산\n-\n-\n21,743,423\n-\n-\n21,743,423\n장단기금융상품\n-\n-\n175,000\n-\n-\n175,000\n장단기금융자산\n-\n-\n-\n160,357,946\n-\n160,357,946\n매출채권\n-\n-\n16,314,844\n-\n-\n16,314,844\n장단기기타채권\n-\n-\n4,810,237\n-\n-\n4,810,237\n2) 보고기간 종료일 현재 금융부채의 범주별 장부금액은 다음과 같습니다.\n(당분기말)\n(단위 : 천원)\n구 \xa0분\n당기손익인식금융부채\n상각후원가 측정금융부채\n위험회피지정파생상품\n합 \xa0 계\n매입채무\n-\n18,521,059\n-\n18,521,059\n장단기기타채무\n-\n13,115,346\n-\n13,115,346\n(전기말)\n(단위 : 천원)\n구 \xa0분\n당기손익인식금융부채\n상각후원가 측정금융부채\n위험회피지정파생상품\n합 \xa0 계\n매입채무\n-\n17,193,115\n-\n17,193,115\n장단기기타채무\n-\n11,091,331\n-\n11,091,331\n(7) 금융상품의 공정가치1) 경영진은 요약분기재무제표에 상각후원가로 인식되는 금융자산 및 금융부채의 장부금액은 공정가치와 유사하다고 판단하고 있습니다.2) 공정가치 측정에 적용된 평가기법과 가정\n금융자산 및 금융부채의 공정가치는 다음과 같이 결정하였습니다.\n-\n표준거래조건과 활성시장이 존재하는 금융자산과 금융부채의 공정가치는 시장가격을 참고하여 결정하였습니다.\n-\n(상기에 기술된 금융상품을 제외한) 기타 금융자산과 금융부채의 공정가치는 할인된현금흐름 분석 등에 기초하여 일반적으로 인정된 가격결정모형에 따라 결정하였습니다.\n3) 당사는 요약분기재무상태표에 공정가치로 측정되는 금융상품에 대하여 공정가치측정에 사용된 투입변수에 따라 다음과 같은 공정가치 서열체계로 분류하였습니다.(수준 1) 동일한 자산이나 부채에 대한 활성시장에서의 (조정되지 않은) 공시가격(수준 2) 직접적으로(예:가격) 또는 간접적으로(예:가격에서 도출되어) 관측가능한 자 \xa0 \xa0 \xa0 \xa0 \xa0 \xa0산이나 부채에 대한 투입변수. 단, 수준 1에 포함된 공시가격은 제외함(수준 3) 관측가능한 시장자료에 기초하지 않은 자산이나 부채에 대한 투입변수(관측 \xa0 \xa0 \xa0 \xa0 \xa0 \xa0가능하지 않은 투입변수)\n(당분기말)\n(단위 : 천원)\n계정과목\n수준 1\n수준 2\n수준 3\n합 계\n장단기금융자산\n4,844,017\n203,817,984\n-\n208,662,001\n(전기말)\n(단위 : 천원)\n계정과목\n수준 1\n수준 2\n수준 3\n합 계\n장단기금융자산\n279,070\n158,723,660\n-\n159,002,730\n11. 지급보증 및 담보제공자산\n당분기말 현재 담보로 제공되어 있는 자산의 내용은 다음과 같습니다.\n(단위 : 천원)\n제 공 처\n담보제공자산\n채권최고액\n제공사유\n마산세무서\n토지 및 건물\n10,000,000\n \xa0주세납세담보\n동울산세무서\n〃\n3,500,000\n〃\n용인세무서\n〃\n100,000\n〃\n에이스생명보험 외\n〃\n2,667,000\n임대보증금담보\n합 \xa0계\n16,267,000\n\u3000\n12. 특수관계자와의 거래(1) 당분기말 현재 특수관계자의 현황은 다음과 같습니다.\n구 \xa0분\n특수관계자명\n종속기업\n \xa0무학전기(혜주)유한공사, 무학위드, 좋은데이디엔에프, 무학월드\n관계기업\n \xa0지리산산청샘물\n기타의 특수관계자\n \xa0무학주류상사\n(2) 당분기 및 전분기 중 특수관계자와의 거래 내용은 다음과 같습니다.\n(당분기)\n(단위 : 천원)\n구 \xa0분\n특수관계자명\n매출 등\n매입 등\n매 출\n기타수익\n합 계\n매입\n기타비용\n합 계\n종속기업\n무학전기(혜주)유한공사\n49,336\n-\n49,336\n311,797\n-\n311,797\n좋은데이디엔에프\n-\n71,488\n71,488\n-\n119,104\n119,104\n무학위드\n-\n9,000\n9,000\n-\n381,955\n381,955\n무학월드\n-\n1,469\n1,469\n-\n2,135,810\n2,135,810\n소 \xa0계\n49,336\n81,957\n131,293\n311,797\n2,636,869\n2,948,666\n관계기업\n지리산산청샘물\n-\n1,415\n1,415\n720,954\n157,111\n878,065\n합 \xa0계\n49,336\n83,372\n132,708\n1,032,751\n2,793,980\n3,826,732\n(전분기)\n(단위 : 천원)\n구 \xa0분\n특수관계자명\n매출 등\n매입 등\n매 출\n기타수익\n합 계\n매입\n기타비용\n합 계\n종속회사\n무학전기(혜주)유한공사\n112,965\n-\n112,965\n-\n-\n-\n좋은데이디엔에프\n-\n63,272\n63,272\n-\n7,510\n7,510\n무학위드\n-\n9,000\n9,000\n-\n391,161\n\u3000\n무학월드\n-\n165\n165\n-\n434,727\n434,727\n종속회사 계\n112,965\n72,437\n185,402\n-\n833,398\n442,237\n관계회사\n지리산산청샘물\n-\n1,122\n1,122\n604,855\n82,015\n686,870\n합 \xa0 계\n112,965\n73,559\n186,524\n604,855\n915,413\n1,129,108\n(3) 보고기간 종료일 현재 특수관계자와의 거래로 인한 채권ㆍ채무의 내용은 다음과 같습니다.\n(당분기)\n(단위 : 천원)\n구 \xa0분\n특수관계자명\n채 권\n채 \xa0무\n매출채권\n기타채권\n합 계\n매입채무\n기타채무\n합 계\n종속기업\n무학전기(혜주)유한공사\n657,149\n-\n657,149\n49,419\n-\n49,419\n좋은데이디엔에프\n-\n11,134\n11,134\n-\n148,443\n148,443\n무학위드\n-\n3,300\n3,300\n-\n47,836\n47,836\n무학월드\n-\n180\n180\n-\n260,277\n260,277\n소 \xa0계\n657,149\n14,614\n671,763\n49,419\n456,556\n505,975\n관계기업\n지리산산청샘물\n-\n1,650,175\n1,650,175\n-\n193,604\n193,604\n기 \xa0 \xa0 \xa0타\n무학주류상사\n-\n-\n-\n-\n100,000\n100,000\n합 \xa0계\n657,149\n1,664,789\n2,321,938\n49,419\n750,161\n799,579\n(전기말)\n(단위 : 천원)\n구 \xa0분\n특수관계자명\n채 권\n채 \xa0무\n매출채권\n기타채권\n합 계\n매입채무\n기타채무\n합 계\n종속기업\n무학전기(혜주)유한공사\n657,149\n-\n657,149\n24,328\n-\n24,328\n좋은데이디엔에프\n-\n8,873\n8,873\n-\n136,455\n136,455\n무학위드\n-\n3,300\n3,300\n-\n51,970\n51,970\n무학월드\n-\n180\n180\n-\n266,934\n266,934\n소 \xa0계\n657,149\n12,352\n669,501\n24,328\n455,359\n479,687\n관계기업\n지리산산청샘물\n-\n156\n156\n-\n187,290\n187,290\n기 \xa0 \xa0 \xa0타\n무학주류상사\n-\n-\n-\n-\n100,000\n100,000\n합 \xa0계\n657,149\n12,508\n669,657\n24,328\n742,649\n766,977\n(4) 당분기말 현재 당사의 특수관계자를 위하여 당사가 제공하고 있는 지급보증의 내용은 다음과 같습니다. \xa0\n(단위 : 천원)\n특수관계자명\n금 \xa0액\n거 래 처\n내 \xa0역\n \xa0 무학위드\n290,000\n 장애인고용공단\n장애인고용지원금보증\n \xa0 무학주류상사\n600,000\n 경남은행\n대출한도 보증\n(5) 당분기 및 전분기 중 주요 경영진에 대한 보상 내역은 다음과 같습니다.\n(단위 : 천원)\n구 \xa0분\n내 \xa0용\n당분기\n전분기\n단기종업원급여\n 급여, 상여금\n2,406,735\n1,883,860\n장기종업원급여\n 퇴직급여\n195,881\n127,993\n합 \xa0계\n2,602,616\n2,011,852\n한편, 상기 주요 경영진은 당사의 활동의 계획, 운영, 통제에 대한 중요한 권한과 책임을 가진 등기임원으로 구성되어 있습니다.(6) 당분기말 현재 지리산산청샘물은 지배기업의 보통주 763,434주(지분율 2.78%)를 취득하여 보유하고 있습니다.\n14. 약정사항, 우발부채 및 우발자산(1) 당분기말 현재 담보제공된 어음ㆍ수표의 내역은 다음과 같습니다.\n(단위 : 천원)\n종 \xa0류\n매 수\n금 \xa0액\n제 공 처\n비 고\n어 \xa0음\n1\n102,000\n 창원시\n이행보증\n(2) 당분기말 현재 당사가 제공받고 있는 지급보증의 내역은 다음과 같습니다.\n(단위 : 천원)\n제 공 처\n금 \xa0액\n거 래 처\n내 \xa0역\n \xa0 \xa0경남은행\n3,000,000\n(주)포스코\n원자재대 지급보증\n \xa0 \xa0서울보증보험\n38,503\n-\n 인허가 및 이행보증\n합 \xa0계\n3,038,503\n\u3000\n\u3000\n15. 후속사건당사는 2014년 7월 2일 이사회 결의로 2014년 7월 3일부터 창원 1공장의 생산을 중단하기로 결정하였습니다. 공장 리모델링 및 신규 생산설비 설치를 위한 것으로 이를통하여 생산환경 개선과 생산능력 확대가 예상됩니다. 생산 중단된 창원 1공장의 생산량은 창원 2공장 및 울산공장에서 생산될 예정입니다.\n■ 대손충당금 설정현황(연결기준)(1) 최근 2사업연도의 계정과목별 대손충당금 설정내역 \xa0 \xa0 \xa0 \xa0 \xa0 \xa0 \xa0 \xa0 \xa0 \xa0 (단위 : 백만원)\n구 분\n제42기 3분기\n제41기\n유동\n비유동\n합계\n유동\n비유동\n합계\n총장부금액\n22,382\n4,859\n27,240\n21,036\n3,322\n24,358\n대손충당금:\n 매출채권\n2,883\n-\n2,883\n2,883\n-\n2,883\n 기타채권\n-\n270\n270\n-\n270\n270\n 대손충당금합계\n2,883\n270\n3,153\n2,883\n270\n3,153\n순장부금액\n19,498\n4,589\n24,087\n18,153\n3,052\n21,204\n(2) 최근 2사업연도의 대손충당금 변동현황 \xa0 \xa0 \xa0 \xa0 \xa0 \xa0 \xa0 \xa0 \xa0 \xa0 \xa0 \xa0 \xa0 \xa0 \xa0 \xa0 \xa0 \xa0 \xa0(단위 :백만원 )\n구 \xa0 \xa0 분\n제42기 3분기\n제41기\n1. 기초 대손충당금 잔액합계\n3,153\n3,153\n2. 순대손처리액(①－②±③)\n-\n-\n① 대손처리액(상각채권액)\n-\n-\n② 상각채권회수액\n-\n-\n③ 기타증감액\n-\n-\n3. 대손상각비 계상(환입)액\n-\n-\n4. 기말 대손충당금 잔액합계\n3,153\n3,153\n(3) 매출채권관련 대손충당금 설정방침 \xa0 매출채권등의 잔액에 대하여 개별분석(현재 회수여부, 담보유무 등) 및 과거의 \n제 대손발생 경험을 근거로 회수가능성이 없거나, 회수가 의문시 되는 대손추정액을 대손충당금으로 설정하고 있습니다. 6개월이내의 미수에 대해서는 법인세법상 대손충당금 설정한도인 1%를 설정하고 있으며, 1년을 초과하는 미수금은 고정미수금으로 분류하고 개별분석에 의해서 그 기간에 따라 10~20%의 충당금을 감사인과 협의하여 설정하고 있습니다.※ 매출채권 대손충당금 설정율\n구분\n6개월이내\n6개월초과1년이내\n1년초과3년이내\n3년초과\n설정율(%)\n1%\n2%\n10%\n20%\n(4) 당분기말 현재 경과기간별 매출채권과 기타수취채권 현황 \xa0 \xa0 \xa0 \xa0(단위 : 백만원,%)\n구 \xa0분\n6월 이하\n6월 초과1년 이하\n1년 초과3년 이하\n3년 초과\n계\n금액\n일반\n11,932\n4,309\n975\n10,025\n27,240\n계\n11,932\n4,309\n975\n10,025\n27,240\n구성비율(%)\n43.8\n15.8\n3.6\n36.8\n100.0\n■ 재고자산의 보유 및 실사내역 등(연결기준)(1) 최근 2사업연도의 재고자산의 보유현황 \xa0 \xa0 \xa0 \xa0 \xa0 \xa0 \xa0 \xa0 \xa0 \xa0 \xa0 \xa0 \xa0 \xa0 \xa0 \xa0 \xa0 \xa0 \xa0(단위 : 백만원)\n사업부문\n제42기 3분기\n제41기\n비고\n주류부문\n제품\n2,117\n1,960\n상품\n118\n141\n재공품\n1,022\n1,310\n원료\n641\n632\n2차원액\n2,059\n2,210\n용지\n27,363\n30,361\n기타\n1,254\n1,471\n소 \xa0계\n34,574\n38,085\n스틸부문\n제품\n1,846\n1,859\n상품\n-\n-\n재공품\n253\n206\n원료\n2,015\n1,677\n2차원액\n-\n-\n용지\n-\n-\n기타\n-\n-\n소 \xa0계\n4,114\n3,742\n전 \xa0 \xa0 체\n제품\n3,963\n3,819\n상품\n118\n141\n재공품\n1,274\n1,516\n원료\n2,656\n2,309\n2차원액\n2,059\n2,210\n용지\n27,363\n30,361\n기타\n1,254\n1,471\n소 \xa0계\n38,688\n41,827\n총자산대비 재고자산 구성비율(%)[재고자산합계÷기말자산총계×100]\n7.81%\n9.48%\n재고자산회전율(회수)[연환산 매출원가÷{(기초재고＋기말재고)÷2}]\n3.40회\n3.04회\n(2) 재고자산의 실사내역 등\n 1) 재고자산 실사시 전문가 또는 감사인의 참여 여부 \xa0 \xa0 \xa0- 당분기말 재고조사에 외부감사인 참여하지 않음 2) 장기체화재고 등 현황 : 해당사항 없음■ 사업부문의 주요 재무현황(연결기준) 당분기의 사업부문별 주요 재무현황은 다음과 같습니다. \xa0 \xa0 \xa0 \xa0 \xa0 \xa0 \xa0 \xa0 \xa0 \xa0(단위 : 천원)\n구 \xa0분\n주류사업부문\n스틸사업부문\n미배분\n합 \xa0계\n부문수익\n177,672,371\n16,349,778\n-\n194,022,150\n부문이익\n49,497,555\n(120,043)\n-\n49,377,512\n기타영업외손익\n24,461,961\n(3,039)\n-\n24,458,922\n순금융손익\n247,927\n671\n-\n248,599\n지분법손익\n74,848\n-\n-\n74,848\n세전이익\n74,282,291\n(122,411)\n-\n74,159,880\n자산총계\n258,726,783\n17,862,011\n218,718,859\n495,307,653\n부채총계\n90,198,978\n1,061,689\n14,387,611\n105,648,279\n감가상각비\n16,415,769\n284,972\n-\n16,700,740\n채무증권 발행실적\n(기준일 : \n2014년 09월 30일\n)\n(단위 : 원, %)\n발행회사\n증권종류\n발행방법\n발행일자\n권면총액\n이자율\n평가등급(평가기관)\n만기일\n상환여부\n주관회사\n-\n-\n-\n-\n-\n-\n-\n-\n-\n-\n-\n-\n-\n-\n-\n-\n-\n-\n-\n-\n합 \xa0계\n-\n-\n-\n-\n-\n-\n-\n-\n-\n기업어음증권 미상환 잔액\n(기준일 : \n2014년 09월 30일\n)\n(단위 : 원)\n잔여만기\n10일 이하\n10일초과30일이하\n30일초과90일이하\n90일초과180일이하\n180일초과1년이하\n1년초과2년이하\n2년초과3년이하\n3년 초과\n합 계\n미상환 잔액\n공모\n-\n-\n-\n-\n-\n-\n-\n-\n-\n사모\n-\n-\n-\n-\n-\n-\n-\n-\n-\n합계\n-\n-\n-\n-\n-\n-\n-\n-\n-\n전자단기사채 미상환 잔액\n(기준일 : \n2014년 09월 30일\n)\n(단위 : 원)\n잔여만기\n10일 이하\n10일초과30일이하\n30일초과90일이하\n90일초과180일이하\n180일초과1년이하\n합 계\n발행 한도\n잔여 한도\n미상환 잔액\n공모\n-\n-\n-\n-\n-\n-\n-\n-\n사모\n-\n-\n-\n-\n-\n-\n-\n-\n합계\n-\n-\n-\n-\n-\n-\n-\n-\n회사채 미상환 잔액\n(기준일 : \n2014년 09월 30일\n)\n(단위 : 원)\n잔여만기\n1년 이하\n1년초과2년이하\n2년초과3년이하\n3년초과4년이하\n4년초과5년이하\n5년초과10년이하\n10년초과\n합 계\n미상환 잔액\n공모\n-\n-\n-\n-\n-\n-\n-\n-\n사모\n-\n-\n-\n-\n-\n-\n-\n-\n합계\n-\n-\n-\n-\n-\n-\n-\n-\n신종자본증권 미상환 잔액\n(기준일 : \n2014년 09월 30일\n)\n(단위 : 원)\n잔여만기\n1년 이하\n1년초과5년이하\n5년초과10년이하\n10년초과15년이하\n15년초과20년이하\n20년초과30년이하\n30년초과\n합 계\n미상환 잔액\n공모\n-\n-\n-\n-\n-\n-\n-\n-\n사모\n-\n-\n-\n-\n-\n-\n-\n-\n합계\n-\n-\n-\n-\n-\n-\n-\n-\n조건부자본증권 미상환 잔액\n(기준일 : \n2014년 09월 30일\n)\n(단위 : 원)\n잔여만기\n1년 이하\n1년초과2년이하\n2년초과3년이하\n3년초과4년이하\n4년초과5년이하\n5년초과10년이하\n10년초과20년이하\n20년초과30년이하\n30년초과\n합 계\n미상환 잔액\n공모\n-\n-\n-\n-\n-\n-\n-\n-\n-\n-\n사모\n-\n-\n-\n-\n-\n-\n-\n-\n-\n-\n합계\n-\n-\n-\n-\n-\n-\n-\n-\n-\n-\n']"
