text
"['\n5. 재무제표 주석\n제 34(당) 기 분기 \xa02023년 03월 31일 현재\n제 33(전) 기 분기 \xa02022년 03월 31일 현재\n주식회사 체시스\xa0\n1. 회사의 개요주식회사 체시스(이하 ""당사"")는 1989년 8월에 자동차부품의 제조를 사업목적으로 하여 설립되었으며, 경북 경산시 진량읍 일연로 528에 본사와 공장을 두고 주로 한국지엠(주)에 제품을 판매하고 있습니다. 당사는 1999년 8월에 주식을 유가증권시장에 상장하였으며, 보고기간말 현재 주요 주주는 (주)엠에스에이치씨(20.84%), 이명곤(9.92%) 등으로 구성되어 있습니다.\n2. 재무제표 작성기준(1) 회계기준의 적용당사의 반기재무제표는 기업회계기준서 제1027호 \'별도제무제표\'에 따른 별도재무제표입니다. 당사의 중간재무제표는 \'주식회사 등의 외부감사에 관한 법률\'에 따라 제정된 한국채택국제회계기준 기업회계기준서 제1034호에 따라 작성되었습니다.\n중간재무제표는 연차재무제표에 기재할 것으로 요구되는 모든 정보 및 주석사항을 포함하고 있지 아니하므로, 2022년 6월 30일로 종료되는 회계기간에 대한 연차재무제표의 정보도 함께 참고하여야 합니다.\n(2) 추정과 판단한국채택국제회계기준에서는 중간재무제표를 작성함에 있어서 회계정책의 적용이나, 중간보고기간말 현재 자산, 부채 및 수익, 비용의 보고금액에 영향을 미치는 사항에 대하여 경영진의 최선의 판단을 기준으로 한 추정치와 가정의 사용을 요구하고 있습니다. 중간보고기간말 현재 경영진의 최선의 판단을 기준으로 한 추정치와 가정이 실제 환경과 다를 경우 이러한 추정치와 실제결과는 다를 수 있습니다.\n반기재무제표에서 사용된 당사의 회계정책의 적용과 추정금액에 대한 경영진의 판단은 2022년 6월 30일로 종료되는 회계연도의 연차재무제표와 동일한 회계정책과 추정의 근거를 사용하였습니다. 3. 유의적인 회계정책당사는 다음에서 설명하고 있는 사항을 제외하고 2022년 6월 30일로 종료하는 회계연도의 연차재무제표를 작성할 때 적용한 것과 동일한 회계정책을 적용하고 있습니다. 다음에서 설명하고 있는 회계정책의 변경사항은 2023년 6월 30일로 종료하는 회계연도의 연차재무제표에도 반영 될 것입니다.\n(1) 회계정책의 변경\n당사는 2022년 7월 1일로 개시하는 회계기간부터 다음의 제ㆍ개정 기준서 및 해석서를 신규로 적용하였습니다.\n- 기업회계기준서 제1103호 \'사업결합\'- 개념체계에 대한 참조(개정)\n동 개정사항은 기업회계기준서 제1103호 \'사업결합\'에서 종전의 개념체계(\'개념체계\'(2007)) 대신 \'개념체계\'(2018)를 참조하도록 하는 내용을 포함하고 있습니다. 또한 동 개정사항은 기업회계기준서 제1037호 \'충당부채, 우발부채, 우발자산\'의 적용범위에 포함되는 충당부채나 우발부채의 경우 취득자는 취득일에 과거사건의 결과로 현재의무가 존재하는지를 판단하기 위해 기업회계기준서 제1037호를 적용한다는 요구사항을 추가합니다. 기업회계기준해석서 제2121호 \'부담금\'의 적용범위에 해당하는 부담금의 경우 취득자는 부담금을 납부할 부채를 생기게 하는 의무발생사건이 취득일까지 일어났는지를 판단하기 위해 기업회계기준해석서 제2121호를 적용합니다.동 개정사항은 취득자는 사업결합에서 우발자산을 인식하지 않는다는 명시적인 문구를 추가합니다.\n\xa0\n- 기업회계기준서 제1016호 \'유형자산\'- 의도한 방식으로 사용하기 전에 생산된 재화의 매각금액과 관련 원가(개정)\xa0\n동 개정사항은 유형자산을 경영진이 의도하는 방식으로 가동하는 데 필요한 장소와 상태에 이르게 하는 과정에서 생산된 재화의 매각금액을 유형자산의 원가에서 차감하는 것을 금지합니다. 따라서 그러한 매각금액과 관련 원가를 당기손익으로 인식하며, 해당 원가는 기업회계기준서 제1002호 \'재고자산\'에 따라 측정합니다.\n\xa0\n생산된 재화가 기업의 통상적인 활동의 산출물이 아니어서 당기손익에 포함한 매각금액과 원가를 포괄손익계산서에 별도로 표시하지 않는다면 그러한 매각금액과 원가의 크기, 그리고 매각금액과 원가가 포함되어 있는 포괄손익계산서의 계정을 공시하여야 합니다.\n\xa0\n동 개정사항은 이 개정내용을 처음 적용하는 재무제표에 표시된 가장 이른 기간의 개시일 이후에 경영진이 의도한 방식으로 가동할 수 있는 장소와 상태에 이른 유형자산에 대해서만 소급 적용합니다. 동 개정사항의 최초 적용 누적효과는 표시되는 가장 이른 기간의 시작일에 이익잉여금(또는 적절하다면 자본의 다른 구성요소)의 기초잔액을 조정하여 인식합니다.\xa0\n\xa0\n- 기업회계기준서 제1037호 \'충당부채, 우발부채, 우발자산\'- 손실부담계약-계약이행원가(개정)\n\xa0\n동 개정사항은 계약이행원가는 계약에 직접관련되는 원가로 구성된다는 것을 명확히합니다. 계약과 직접관련된 원가는 계약을 이행하기 위한 증분원가(예: 직접노무원가, 직접재료원가)와 계약을 이행하기 위한 직접 관련된 그 밖의 원가배분액(예: 계약의이행에 사용된 유형자산의 감가상각비)으로 구성됩니다.\n동 개정사항은 이 개정사항을 최초로 적용하는 회계연도의 개시일에 모든 의무의 이행이 완료되지는 않은 계약에 적용합니다. 비교재무제표는 재작성 하지 않고, 그 대신 개정내용을 최초로 적용함에 따른 누적효과를 최초적용일의 기초이익잉여금 또는적절한 경우 다른 자본요소로 인식합니다.\n\xa0\n- 한국채택국제회계기준 2018-2020 연차개선\n\xa0\n동 연차개선은 기업회계기준서 제1101호 \'한국채택국제회계기준의 최초채택\', 기업회계기준서 제1109호 \'금융상품\', 기업회계기준서 제1116호 \'리스\', 기업회계기준서제1041호 \'농림어업\'에 대한 일부 개정사항을 포함하고 있습니다.\xa0\n\xa0\n① 기업회계기준서 제1101호 \'한국채택국제회계기준의 최초채택\'\n\xa0\n동 개정사항은 지배기업보다 늦게 최초채택기업이 되는 종속기업의 누적환산차이의 회계처리와 관련하여 추가적인 면제를 제공합니다. 기업회계기준서 제1101호 문단 D16(1)의 면제규정을 적용하는 종속기업은 지배기업의 한국채택국제회계기준 전환일에 기초하여 지배기업의 연결재무제표에 포함될 장부금액으로 모든 해외사업장의 누적환산차이를 측정하는 것을 선택할 수 있습니다. 다만 지배기업이 종속기업을 취득하는 사업결합의 효과와 연결절차에 따른 조정사항은 제외합니다. 관계기업이나 공동기업이 기업회계기준 제1101호 문단 D16(1)의 면제규정을 적용하는 경우에도 비슷한 선택을 할 수 있습니다.\n\xa0\n② 기업회계기준서 제1109호 \'금융상품\'\n 동 개정사항은 금융부채의 제거 여부를 평가하기 위해 \'10%\' 테스트를 적용할 때, 기업(차입자)과 대여자 간에 수취하거나 지급하는 수수료만을 포함하며, 여기에는 기업이나 대여자가 다른 당사자를 대신하여 지급하거나 수취하는 수수료를 포함한다는 점을 명확히 하고 있습니다. 동 개정사항은 최초 적용일 이후 발생한 변경 및 교환에 대하여 전진적으로 적용됩니다.\xa0\n\xa0\n③ 기업회계기준서 제1116호 \'리스\'\n 동 개정사항은 기업회계기준서 제1116호 사례13에서 리스개량 변제액에 대한 내용을 삭제하였습니다.\n\xa0\n④ 기업회계기준서 제1041호 \'농림어업\'\n 동 개정사항은 생물자산의 공정가치를 측정할 때 세금 관련 현금흐름을 제외하는 요구사항을 삭제하였습니다. 이는 기업회계기준서 제1041호의 공정가치측정이 내부적으로 일관된 현금흐름과 할인율을 사용하도록 하는 기업회계기준서 제1113호 \'공정가치 측정\'의 요구사항과 일관되도록 하며, 기업은 가장 적절한 공정가치 측정을 위해 세전 또는 세후 현금흐름 및 할인율을 사용할지 선택할 수 있습니다.\xa0\n상기 개정 기준서의 적용이 당사의 재무제표에 미치는 영향은 유의적이지 않습니다.\n(2) 미적용 제ㆍ개정 기준서제정 또는 공표되었으나 2022년 7월 1일 이후 시작하는 회계연도에 시행일이 도래하지 않았고, 당사가 조기 적용하지 않은 제ㆍ개정 기준서는 다음과 같습니다.\n- 기업회계기준서 제1117호 \'보험계약\'(제정)\n\xa0\n기업회계기준서 제1117호는 보험계약의 인식, 측정, 표시 및 공시에 대한 원칙을 설정하고, 기업회계기준서 제1104호 보험계약을 대체합니다.\n\xa0\n기업회계기준서 제1117호는 직접참가특성이 있는 보험계약에 대해 변동수수료접근법을 적용하는 수정된 일반모형을 설명합니다. 특정 요건을 충족하는 경우 보험료배분접근법을 이용하여 잔여보장부채를 측정함으로써 일반모형은 단순화됩니다.\n\xa0\n일반모형은 미래현금흐름의 금액, 시기 및 불확실성을 추정하기 위해 현행의 가정을 이용하며, 그러한 불확실성에 대한 원가를 명시적으로 측정합니다. 시장이자율과 보험계약자의 옵션 및 보증의 영향을 고려합니다.\xa0\n기업회계기준서 제1117호는 실무적으로 불가능하여 수정소급법이나 공정가치법이 적용되는 경우가 아니라면 소급적으로 적용되어야 합니다.\xa0\n\xa0\n경과규정의 목적상 최초 적용일은 동 기준서를 최초로 적용하는 회계연도의 개시일이며, 전환일은 최초 적용일의 직전 기간의 기초시점입니다.\n- 기업회계기준서 제1001호 \'재무제표 표시\'- 유동부채와 비유동부채의 분류(개정)\n\xa0\n동 개정사항은 재무상태표에서 유동부채와 비유동부채의 표시에만 영향을 미치며, 자산, 부채 및 손익의 금액이나 인식시점 또는 해당 항목들에 대한 공시정보에 영향을 미치지는 않습니다.\n\xa0\n동 개정사항은 유동부채와 비유동부채의 분류는 보고기간말 존재하는 기업의 권리에근거한다는 점을 명확히 하고 기업이 부채의 결제를 연기할 수 있는 권리를 행사할지여부에 대한 기대와는 무관하다는 점을 강조합니다. 그리고 보고기간말에 차입약정을 준수하고 있다면 해당 권리가 존재한다고 설명하고 결제는 현금, 지분상품, 그 밖의 자산 또는 용역을 거래상대방에게 이전하는 것으로 그 정의를 명확히 합니다.동 개정사항은 2023 년 1 월 1 일 이후 최초로 시작하는 회계연도의 개시일 이후 소급적으로 적용되며 조기적용이 허용됩니다.\n- 기업회계기준서 제1001호 \'재무제표 표시\' 및 국제회계기준 실무서2 \'중요성에 대한 판단\'(개정) - 회계정책 공시\n\xa0\n동 개정사항은 회계정책의 공시에 대한 기업회계기준서 제1001호의 요구사항을 변경하며, \'유의적인 회계정책\'이라는 모든 용어를 \'중요한 회계정책 정보\'로 대체합니다. 회계정책 정보는기업의 재무제표에 포함된 다른 정보와 함께 고려할 때 일반목적재무제표의 주요 이용자가 그 재무제표에 기초하여 내리는 결정에 영향을 줄 것으로 합리적으로 예상할 수 있다면 중요합니다.\n\xa0\n기업회계기준서 제1001호 관련 문단도 중요하지 않는 거래, 그 밖의 사건 또는 상황과 관련되는 회계정책 정보는 중요하지 않으며 공시될 필요가 없다는 점을 명확히 하기 위해 개정합니다. 회계정책 정보는 금액이 중요하지 않을지라도 관련되는 거래, 그 밖의 사건 또는 상황의 성격 때문에 중요할 수 있습니다. 그러나 중요한 거래, 그 밖의 사건 또는 상황과 관련되는 모든 회계정책 정보가 그 자체로 중요한 것은 아닙니다.\xa0\n\xa0\n또한 국제회계기준 실무서2에서 기술한 \'중요성 과정의 4단계\'의 적용을 설명하고 적용하기 위한 지침과 사례가 개발되었습니다.\xa0\n\xa0\n동 개정사항은 2023년 1월 1일 이후 최초로 시작되는 회계연도부터 전진적으로 적용되며, 조기적용이 허용됩니다. 국제회계기준 실무서2에 대한 개정사항은 시행일이나경과규정을 포함하지 않습니다.\n- 기업회계기준서 제1001호 \'재무제표 표시\'(개정) - 행사가격 조정 조건이 있는 금융부채의 평가손익 공시\n\xa0\n동 개정사항은 발행자의 주가 변동에 따라 행사가격이 조정되는 조건이 있는 금융상품의 전부나 일부가 기업회계기준서 제1032호 \'금융상품: 표시\' 문단 11의 금융부채 정의 중 (2)에 따라 금융부채로 분류되는 경우에는 그 전환권이나 신주인수권(또는 이를 포함하는 금융부채)에 대하여 보고기간에 발생한 평가손익(당기손익에 포함된 경우로 한정함) 등을 공시하도록 합니다.\n\xa0\n동 개정사항은 2023년 1월 1일 이후 최초로 시작되는 회계연도부터 적용하되 조기적용이 허용됩니다.\n- 기업회계기준서 제1008호 \'회계정책, 회계추정치 변경과 오류\'(개정) - 회계추정치의 정의\n\xa0\n동 개정사항은 회계추정의 변경에 대한 정의를 회계추정치의 정의로 대체합니다. 새로운 정의에 따르면 회계추정치는 ""측정불확실성의 영향을 받는 재무제표상 화폐금액""입니다.\n\xa0\n회계추정의 변경에 대한 정의는 삭제되었으나, 기준서에 다음을 명확히 함으로써 회계추정의 변경에 대한 개념은 유지되었습니다.\nㆍ 회계추정치 변경은 새로운 정보나 새로운 상황의 전개에서 비롯될 수 있으며 오류수정으로 보지 않음\nㆍ 회계추정치를 개발하기 위해 사용한 투입변수나 측정기법의 변경에 따른 영향은 전기오류수정에서 비롯되지 않는 한 회계추정치 변경임\n\xa0\n동 개정사항은 2023년 1월 1일 이후 최초로 시작되는 회계연도부터 적용하되 조기적용이 허용됩니다 이 개정내용을 처음 적용하는 회계연도 시작일 이후에 발생하는 회계추정치 변경과 회계정책 변경에 적용합니다.\xa0\n\xa0\n- 기업회계기준서 제1012호 \'법인세\'- 단일 거래에서 생기는 자산과 부채에 관련되는 이연법인세\n\xa0\n동 개정사항은 최초인식 예외규정의 적용범위를 축소합니다. 동 개정사항에 따르면 동일한 금액으로 가산할 일시적차이와 차감할 일시적차이를 생기게 하는 거래에는 최초인식 예외규정을 적용하지 않습니다.\n\xa0\n적용가능한 세법에 따라 사업결합이 아니고 회계이익과 과세소득에 영향을 미치지 않는 거래에서 자산이나 부채를 최초로 인식할 때 같은 금액의 가산할 일시적차이와 차감할 일시적차이가 생길 수 있습니다. 예를 들어 이러한 상황은 리스개시일에 기업회계기준서 제1116호 \'리스\'를 적용하여 리스부채와 이에 대응하는 사용권자산을 인식할 때 발생할 수 있습니다.\n\xa0\n기업회계기준서 제1012호의 개정에 따라 관련된 이연법인세자산과 이연법인세부채를 인식해야 하며, 이연법인세자산의 인식은 기업회계기준서 제1012호의 회수가능성 요건을 따르게 됩니다.\n\xa0\n개정사항은 표시되는 가장 이른 비교기간의 시작일 이후에 발생한 거래에 대하여 적용합니다. 또한 비교표시되는 가장 이른 기간의 시작일에 다음 항목을 인식합니다.\n- 다음과 관련되는 모든 차감할 일시적차이와 가산할 일시적차이에 대하여 이연법인세자산(차감할 일시적차이가 사용될 수 있는 과세소득의 발생가능성이 높은 경우에 한정됨)과 이연법인세부채\n- 사용권자산 그리고 리스부채\n- 사후처리 및 복구 관련 부채, 그리고 이 부채에 대응하여 관련 자산원가의 일부로 인식한 금액\n- 개정내용의 최초 적용에 따른 누적효과를 비교 표시되는 가장 이른 기간 시작일에 이익잉여금(또는 적절하다면 자본의 다른 항목) 기초잔액을 조정하여 인식합니다.\n\xa0\n동 개정사항은 2023년 1월 1일 이후 최초로 시작되는 회계연도부터 적용되며 조기적용이 허용됩니다.\n\xa0\n당사는 상기 열거된 제ㆍ개정사항이 재무제표에 미치는 영향이 중요하지 않을 것으로 판단하고 있습니다.\n4. 현금및현금성자산 및 사용제한금융상품(1) 당분기말과 전기말 현재 현금및현금성자산의 구성내역은 다음과 같습니다.\n(단위 : 원)\n구 분\n당분기말\n전기말\n보유현금\n1,081,841\n2,393,841\n요구불예금\n377,595,706\n725,096,528\n재무상태표 및 현금흐름표상 현금및현금성자산\n378,677,547\n727,490,369\n(2) 당분기말과 전기말 현재 사용이 제한된 금융상품의 내역은 다음과 같습니다.\n(단위 : 원)\n구 \xa0 \xa0분\n당분기말\n전기말\n사용제한내용\n단기금융상품\n360,000,000\n280,000,000\n질권설정\n장기금융상품\n450,000,000\n225,000,000\n장기금융상품\n1,800,000\n1,800,000\n당좌개설보증금\n합 \xa0계\n811,800,000\n506,800,000\n\u3000\n5. 매출채권및기타채권(1) 매출채권은 대손충당금이 차감된 순액으로 재무상태표에 표시되었는 바, 당분기말과 전기말 현재 대손충당금 차감전 총액 기준에 의한 매출채권과 대손충당금의 내역은 다음과 같습니다.\n(단위 : 원)\n구 \xa0분\n당분기말\n전기말\n총장부금액\n대손충당금\n순장부금액\n총장부금액\n대손충당금\n순장부금액\n매출채권\n4,479,202,224\n(65,975,217)\n4,413,227,007\n3,253,185,260\n(72,230,299)\n3,180,954,961\n미수금\n71,779,254\n-\n71,779,254\n11,579,474\n-\n11,579,474\n미수수익\n14,341,890\n-\n14,341,890\n6,122,014\n-\n6,122,014\n대여금\n450,000,000\n-\n450,000,000\n-\n-\n-\n소계\n5,015,323,368\n(65,975,217)\n4,949,348,151\n3,270,886,748\n(72,230,299)\n3,198,656,449\n장기성매출채권\n19,714,582,138\n(7,951,433,217)\n11,763,148,921\n20,260,132,660\n(7,951,433,217)\n12,308,699,443\n합계\n24,729,905,506\n(8,017,408,434)\n16,712,497,072\n23,531,019,408\n(8,023,663,516)\n15,507,355,892\n(2) 당반기와 전기 중 대손충당금의 변동내역은 다음과 같습니다.\n구 \xa0분\n당분기\n전기\n기초금액\n8,023,663,516\n7,439,970,754\n대손상각비(환입)\n(6,255,082)\n583,692,762\n제각\n-\n-\n기말금액\n8,017,408,434\n8,023,663,516\n6. 재고자산당분기말과 전기말 현재 재고자산의 내역은 다음과 같습니다.\n(단위 : 원)\n구분\n당분기말\n전기말\n제품\n1,101,174,441\n1,278,783,494\n제품평가충당금\n(61,100,501)\n(145,509,178)\n재공품\n712,630,514\n723,858,233\n재공품평가충당금\n(53,816,313)\n(82,365,793)\n원재료\n1,375,160,354\n1,595,630,757\n원재료평가충당금\n(130,223,726)\n(105,861,900)\n저장품\n1,347,610,633\n914,618,933\n합계\n4,291,435,402\n4,179,154,546\n재고자산과 관련하여 당분기와 전기에 각각 88,596천원 및 218,289 재고자산평가손실을 인식하였습니다.7. 기타유동자산당분기말과 전기말 현재 기타유동자산의 내역은 다음과 같습니다.\n(단위 : 원)\n구 \xa0분\n당분기말\n전기말\n선급금\n2,514,295,925\n2,073,469,600\n선급비용\n950,859,030\n530,992,330\n부가세대급금\n418,930,890\n316,278,229\n합 \xa0계\n3,884,085,845\n2,920,740,159\n8. 종속기업및관계기업투자(1) 당분기말과 전기말 및 전기초의 종속기업 및 관계기업투자의 내역은 다음과 같습니다.\n(단위 : 원)\n구분\n회사명\n소재지\n결산월\n주요  영업활동\n지분율\n장부금액\n당분기말\n전기말\n종속기업\nChasys Automotive \xa0 \xa0 \xa0 \xa0 \xa0 \xa0  \xa0Components Private Limited\n인도\n3월\n자동차 부품제조\n100.00%\n-\n-\n합 \xa0계\n-\n-\n(2) 당기와 전기 중 종속기업 및 관계기업투자의 지분법평가 및 기타변동내역은 다음과 같습니다.① 당기\n(단위 : 원)\n구 \xa0 분\n회사명\n기 \xa0 초\n처 \xa0 분\n지분법손익\n자본변동\n대 \xa0 체\n기 \xa0 말\n종속기업\nChasys Automotive \xa0 \xa0 \xa0 \xa0 \xa0 \xa0  \xa0Components Private Limited(*)\n-\n-\n-\n-\n-\n-\n합 \xa0 계\n-\n-\n-\n-\n-\n-\n(*) 당분기말 현재 미인식 지분법손실과 지분법자본변동은 각각 9,922,970천원과 779,891천원입니다.② 전기\n(단위 : 원)\n구 \xa0 분\n회사명\n기 \xa0 초\n처 \xa0 분\n지분법손익\n자본변동\n대 \xa0 체\n기 \xa0 말\n종속기업\nChasys Automotive \xa0 \xa0 \xa0 \xa0 \xa0 \xa0  \xa0Components Private Limited(*1)\n-\n-\n-\n-\n-\n-\n관계기업\n산동강태체시스(유)(*2)\n-\n-\n-\n-\n-\n-\n합 \xa0 계\n-\n-\n-\n-\n-\n-\n(*) 전기말 현재 미인식 지분법손실과 지분법자본변동은 각각 7,336,410천원과 590,952천원입니다.(3) 당분기말과 전기말 현재 종속기업 및 관계기업의 요약 재무정보는 다음과 같습니다.\n(단위 : 원)\n구 \xa0분\nChasys Automotive Components Private Limited\n당분기말\n전기말\n자산\n14,719,999,467\n16,348,826,003\n부채\n23,863,078,129\n24,429,798,585\n자본\n(9,143,078,662)\n(8,080,972,582)\n매출\n16,284,487,155\n8,301,755,870\n당기순이익(손실)\n(1,509,144,219)\n(1,077,415,026)\n총포괄손익\n(1,062,106,080)\n(1,335,514,419)\n(4) 당분기말과 전기말 현재 종속기업및관계기업의 재무정보금액을 종속기업및관계기업에 대한 지분의 장부금액으로 조정한 내역은 다음과 같습니다.① 당분기말\n(단위:원)\n회사명\n순자산\n지분율\n순자산\n미실현손익(*)\n영업권\n미인식\n장부금액\n지분금액\n지분법 평가액\nChasys Automotive Components Private Limited\n(9,143,078,662)\n100.00%\n(9,143,078,662)\n-\n-\n9,143,078,662\xa0\n-\n산동강태체시스(유)\n-\n8.49%\n-\n-\n-\n-\n-\n합 \xa0 \xa0계\n(9,143,078,662)\n\u3000\n(9,143,078,662)\n-\n-\n9,143,078,662\xa0\n-\n(*) 종속기업 채권에 대한 대손충당금입니다.② 전기말\n(단위:원)\n회사명\n순자산\n지분율\n순자산\n미실현손익\n영업권\n미인식\n장부금액\n지분금액\n지분법 평가액\nChasys Automotive Components Private Limited\n(8,080,972,582)\n100.00%\n(8,080,972,582)\n-\n-\n8,080,972,582\xa0\n-\n산동강태체시스(유)\n-\n8.49%\n-\n-\n-\n-\n-\n합 \xa0 \xa0계\n(8,080,972,582)\n\u3000\n(8,080,972,582)\n-\n-\n8,080,972,582\xa0\n-\n9. 유형자산당분기와 전기 중 유형자산 장부금액의 변동내역은 다음과 같습니다.(1) 당분기\n(단위 : 원)\n구 분\n토지\n건물및구축물\n기계장치\n차량운반구\n기타의유형자산\n건설중인자산\n합 계\n기초 취득원가\n15,401,214,885\n16,871,910,957\n67,212,623,822\n639,487,197\n12,708,028,713\n3,093,520,000\n115,926,785,574\n기초 감가상각누계액\n-\n(7,838,308,689)\n(51,587,851,819)\n(577,188,977)\n(11,655,024,413)\n-\n(71,658,373,898)\n기초 장부금액\n15,401,214,885\n9,033,602,268\n15,624,772,003\n62,298,220\n1,053,004,300\n3,093,520,000\n44,268,411,676\n취득\n-\n-\n244,950,000\n-\n411,195,000\n1,799,100,000\n2,455,245,000\n감가상각\n-\n(402,729,222)\n(2,385,266,617)\n(13,559,446)\n(205,179,445)\n-\n(3,006,734,730)\n처분\n-\n-\n-\n(1,431,841)\n(321,781)\n-\n(1,753,622)\n기타증감\n-\n-\n72,800,000\n-\n-\n(72,800,000)\n-\n기말 취득원가\n15,401,214,885\n16,871,910,957\n67,530,373,822\n626,808,806\n12,034,663,951\n4,819,820,000\n117,284,792,421\n기말 감가상각누계액\n-\n(8,241,037,911)\n(53,973,118,436)\n(579,501,873)\n(10,775,965,877)\n-\n(73,569,624,097)\n기말 장부금액\n15,401,214,885\n8,630,873,046\n13,557,255,386\n47,306,933\n1,258,698,074\n4,819,820,000\n43,715,168,324\n(2) 전기\n(단위 : 원)\n구 분\n토지\n건물및구축물\n기계장치\n차량운반구\n기타의유형자산\n건설중인자산\n합 계\n기초 취득원가\n15,349,960,885\n16,932,464,917\n67,261,457,287\n645,024,997\n12,460,185,662\n1,451,280,000\n114,100,373,748\n기초 감가상각누계액\n-\n(7,352,807,255)\n(49,602,293,313)\n(563,722,973)\n(11,485,441,088)\n-\n(69,004,264,629)\n기초 장부금액\n15,349,960,885\n9,579,657,662\n17,659,163,974\n81,302,024\n974,744,574\n1,451,280,000\n45,096,109,119\n취득\n51,254,000\n-\n599,537,000\n-\n121,193,356\n2,827,720,000\n3,599,704,356\n감가상각\n-\n(538,233,837)\n(3,363,345,269)\n(17,696,265)\n(204,631,630)\n-\n(4,123,907,001)\n처분\n-\n(7,821,557)\n(294,363,702)\n(1,307,539)\n(2,000)\n-\n(303,494,798)\n기타증감\n-\n-\n1,023,780,000\n-\n161,700,000\n(1,185,480,000)\n-\n기말 취득원가\n15,401,214,885\n16,871,910,957\n67,212,623,822\n639,487,197\n12,708,028,713\n3,093,520,000\n115,926,785,574\n기말 감가상각누계액\n-\n(7,838,308,689)\n(51,587,851,819)\n(577,188,977)\n(11,655,024,413)\n-\n(71,658,373,898)\n기말 장부금액\n15,401,214,885\n9,033,602,268\n15,624,772,003\n62,298,220\n1,053,004,300\n3,093,520,000\n44,268,411,676\n(3) 토지 재평가에 따른 효과1) 당사는 기업회계기준서 제1016호 \'유형자산\'에 따라 유형자산 중 토지에 대하여 재평가모형을 적용하여 평가하고 있으며, 상세내역은 다음과 같습니다.\n구 \xa0분\n내 \xa0역\n재평가 기준일\n2019년 06월 30일\n재평가 기관\n(주)삼창감정평가법인\n재평가 대상 유형자산\n토지\n공정가액 추정 시 사용한 방법 및 가정\n비교 표준지 공시지가 및 지가변동률 등을 이용하여 공정가액을 산정함\n2) 토지 재평가로 인한 장부금액과 원가모형으로 평가되었을 경우의 장부금액 은 다음과 같습니다.① 당분기말\n(단위 : 원)\n구분\n재평가모형\n원가모형\n재평가이익(*1)\n재평가손실(*2)\n토지\n15,401,214,885\n6,878,147,294\n8,533,000,999\n9,933,408\n(*1) 재평가이익은 법인세효과 차감전 금액입니다. 자본에 직접 반영된 이연법인세효과를 차감한 재평가이익은 재평가잉여금으로 자본에 계상하였으며, 상법 규정에 따라 해당 재평가잉여금은 배당이 제한되어 있습니다.(*2) 최초 재평가 시 발생한 재평가손실은 기타비용으로 인식하였습니다.② 전기말\n(단위 : 원)\n구분\n재평가모형\n원가모형\n재평가이익(*1)\n재평가손실(*2)\n토지\n15,401,214,885\n6,878,147,294\n8,533,000,999\n9,933,408\n3) 당분기 중 재평가 관련 기타포괄손익의 변동내역은 없습니다.10. 무형자산(1) 당분기말과 전기말 현재 무형자산의 내역은 다음과 같습니다.\n(단위 : 원)\n구분\n당반기말\n전기말\n취득원가\n5,966,085,658\n5,945,919,952\n상각누계액\n(4,675,423,617)\n(4,287,113,518)\n손상누계액\n(319,957,413)\n(319,957,413)\n정부보조금\n-\n(10,494,334)\n장부가액\n970,704,628\n1,328,354,687\n(2) 당분기 및 전기 중 무형자산 장부가액의 변동내역은 다음과 같습니다.① 당분기\n(단위 : 원)\n구분\n산업재산권\n시설사용권\n개발비\n회원권\n기타무형자산\n기말\n취득원가:\n기초금액\n6,067,000\n56,634,450\n5,259,510,502\n40,880,000\n582,828,000\n5,945,919,952\n취득금액\n-\n-\n20,165,706\n-\n-\n20,165,706\n기말금액\n6,067,000\n56,634,450\n5,279,676,208\n40,880,000\n582,828,000\n5,966,085,658\n상각누계액:\n기초금액\n(6,067,000)\n(56,313,388)\n(3,665,747,397)\n-\n(558,985,733)\n(4,287,113,518)\n무형자산상각비(*)\n-\n(321,062)\n(364,146,770)\n-\n(23,842,267)\n(388,310,099)\n기말금액\n(6,067,000)\n(56,634,450)\n(4,029,894,167)\n-\n(582,828,000)\n(4,675,423,617)\n손상누계액:\n기초금액\n-\n-\n(319,957,413)\n-\n-\n(319,957,413)\n기말금액\n-\n-\n(319,957,413)\n-\n-\n(319,957,413)\n정부보조금 기말금액\n-\n-\n-\n-\n-\n-\n기말 순액\n-\n-\n929,824,628\n40,880,000\n-\n970,704,628\n(*) 당분기 중 무형자산상각액과 상계된 정부보조금의 금액은 10,494천원입니다.② 전기\n(단위 : 원)\n구분\n산업재산권\n시설사용권\n개발비\n회원권\n기타무형자산\n기말\n취득원가:\n기초금액\n6,067,000\n56,634,450\n5,203,343,698\n40,880,000\n582,828,000\n5,889,753,148\n취득금액\n-\n-\n56,166,804\n-\n-\n56,166,804\n기말금액\n6,067,000\n56,634,450\n5,259,510,502\n40,880,000\n582,828,000\n5,945,919,952\n상각누계액:\n기초금액\n(6,067,000)\n(55,029,143)\n(3,180,218,370)\n-\n(518,780,133)\n(3,760,094,646)\n무형자산상각비(*)\n-\n(1,284,245)\n(485,529,027)\n-\n(40,205,600)\n(527,018,872)\n기말금액\n(6,067,000)\n(56,313,388)\n(3,665,747,397)\n-\n(558,985,733)\n(4,287,113,518)\n손상누계액:\n기초금액\n-\n-\n(319,957,413)\n-\n-\n(319,957,413)\n무형자산손상차손\n-\n-\n-\n-\n-\n-\n기말금액\n-\n-\n(319,957,413)\n-\n-\n(319,957,413)\n정부보조금 기말금액\n-\n-\n-\n-\n(10,494,334)\n(10,494,334)\n기말 순액\n-\n321,062\n1,273,805,692\n40,880,000\n13,347,933\n1,328,354,687\n(*) 전기 중 무형자산상각비와 상계된 정부보조금의 금액은 19,056천원입니다.11. 매입채무및기타채무당분기말과 전기말 현재 매입채무및기타채무의 내역은 다음과 같습니다.\n(단위 : 원)\n구 \xa0분\n당분기말\n전기말\n매입채무\n5,136,474,480\n4,156,557,645\n미지급금\n921,823,701\n1,768,562,349\n미지급비용\n2,338,824,396\n1,641,070,327\n합 \xa0계\n8,397,122,577\n7,566,190,321\n12. 리스(1) 리스이용자인 경우1) 보고기간 중 사용권자산으로 인식되는 리스계약은 없습니다.2) 보고기간 중 손익으로 인식된 리스관련 비용은 다음과 같습니다.\n(단위:원)\n구 분\n당분기\n전분기\n단기리스 관련 비용\n47,880,000\n53,630,000\n소액리스 관련 비용\n21,145,194\n22,269,180\n합 계\n69,025,194\n75,899,180\n13. 차입금(1) 당분기말과 전기말 현재 단기차입금의 내역은 다음과 같습니다.\n(단위 : 원)\n차입처\n내 역\n이자율\n당분기말\n전기말\n(주)대구은행\n무역금융\n5.58~5.61%\n5,720,000,000\n5,720,000,000\n일반자금\n4.75~7.83%\n6,500,000,000\n5,660,000,000\n한국수출입은행\n무역금융\n5.09%\n1,800,000,000\n1,800,000,000\n(주)국민은행\n무역금융\n6.40%\n950,000,000\n-\n(주)신한은행\n일반자금\n10.54%\n240,000,000\n450,000,000\n한화손해보험(주)\n보험약관대출\n4.59%\n277,010,000\n-\n합 계\n15,487,010,000\n13,630,000,000\n(2) 당분기말과 전기말 현재 유동성장기부채 및 장기차입금의 내역은 다음과 같습니다.\n(단위 : 원)\n차입처\n내 \xa0역\n이자율\n당분기말\n전기말\n구 \xa0분\n(주)대구은행\n일반자금(분할)\n4.13~7.45%\n2,467,300,000\n3,165,640,000\n유동성장기부채\n(주)신한은행\n일반자금(분할)\n6.74%\n2,500,000,000\n3,000,000,000\n소 \xa0계\n4,967,300,000\n6,165,640,000\n(주)대구은행\n일반자금(분할)\n4.13~7.45%\n7,037,910,000\n6,927,140,000\n장기차입금\n(주)신한은행\n일반자금(분할)\n\u3000\n-\n-\n소 \xa0계\n7,037,910,000\n6,927,140,000\n합 \xa0계\n12,005,210,000\n13,092,780,000\n\u3000\n(3) 당분기말 현재 당사의 채무 등을 위하여 담보로 제공되어 있는 자산의 내역은 다음과 같습니다.\n(단위 : 원)\n담보제공내역\n장부금액\n담보설정금액\n차입금종류\n차입금액\n담보권자\n정 기 예 금\n360,000,000\n432,000,000\n일반자금\n21,005,210,000\n(주)대구은행\n장기금융상품\n450,000,000\n540,000,000\n토 \xa0 \xa0 \xa0 \xa0지\n15,401,214,885\n31,272,500,000\n건물 및 구축물\n8,630,873,046\n기 계 장 치\n13,557,255,386\n재 고 자 산\n2,943,824,769\n2,070,000,000\n수출성장자금\n1,800,000,000\n한국수출입은행\n합 \xa0계\n41,343,168,086\n34,314,500,000\n22,805,210,000\n(4)당분기말 현재 당사가 타인에게 제공받고 있는 지급보증 내역은 다음과 같습니다.\n(단위 : 원)\n지급보증처\n내역\n보증금액\n차입금종류\n차입금액\n제공받는자\n기술보증기금\n지급보증\n576,000,000\n무역금융\n720,000,000\n(주)대구은행\n한국무역보험공사\n1,080,000,000\n950,000,000\n(주)국민은행\n(주)에스엠씨\n담보제공\n4,493,508,000\n일반대\n3,744,590,000\n(주)대구은행\n합 \xa0계\n6,149,508,000\n\u3000\n5,414,590,000\n\u3000\n(5) 당분기말 현재 당사가 특수관계자로부터 제공받고 있는 차입금 지급보증의 내역은 주석 28에서 기술하고 있습니다.14. 기타부채당분기말과 전기말 현재 기타부채의 내역은 다음과 같습니다.\n(단위 : 원)\n구 \xa0분\n당분기말\n전기말\n유동\n비유동\n유동\n비유동\n선수금\n4,160,020,000\n-\n3,007,389,000\n-\n예수금\n118,725,310\n-\n101,923,120\n-\n예수보증금\n280,000,000\n-\n280,000,000\n-\n장기종업원급여부채\n-\n208,015,852\n\u3000\n208,015,852\n합 \xa0계\n4,558,745,310\n208,015,852\n3,389,312,120\n208,015,852\n15. 판매보증충당부채당분기와 전기 중 판매보증충당부채의 변동내역은 다음과 같습니다.\n(단위: 원)\n구 \xa0 분\n당분기\n전기\n기 \xa0 초\n58,814,396\n77,206,877\n증 \xa0 가\n119,925,537\n-\n감 \xa0 소\n(121,959,256)\n(18,392,481)\n기 \xa0 말\n56,780,677\n58,814,396\n16. 자본금 및 기타자본항목(1) 당분기말과 전기말 현재 당사의 자본금 내역은 다음과 같습니다.\n구 \xa0분\n당분기말\n전기말\n수권주식수\n100,000,000주\n100,000,000주\n주당 액면금액\n500\n500\n발행주식수\n32,000,000주\n32,000,000주\n보통주자본금\n16,000,000,000\n16,000,000,000\n(2) 당분기와 전기 중 당사의 발행주식수 변동은 다음과 같습니다.\n(단위 : 주)\n구 \xa0분\n당분기\n전기\n기초발행주식수\n32,000,000\n32,000,000\n유상증자\n-\n-\n기말발행주식수\n32,000,000\n32,000,000\n(3) 당분기말과 전기말 현재 기타자본항목의 구성내역은 다음과 같습니다.\n(단위 : 원)\n구 \xa0분\n당분기말\n전기말\n전환권대가\n481,572,151\n481,572,151\n(4) 당분기말과 전기말 현재 기타포괄손익누계액의 구성내역은 다음과 같습니다.\n(단위 : 원)\n구 \xa0분\n당분기말\n전기말\n재평가잉여금\n6,655,740,778\n6,655,740,778\n합 \xa0분\n6,655,740,778\n6,655,740,778\n17. 결손금(1) 당분기말과 전기말 현재 이익잉여금의 구성내역은 다음과 같습니다.\n(단위 : 원)\n구 \xa0분\n당분기말\n전기말\n이익준비금\n960,860,848\n960,860,848\n임의적립금\n176,532,535\n176,532,535\n미처분이익잉여금\n(14,381,918,781)\n(12,859,118,621)\n합 \xa0 \xa0 \xa0계\n(13,244,525,398)\n(11,721,725,238)\n(2) 당기와 전기 중 이익잉여금의 변동은 다음과 같습니다.\n(단위 : 원)\n구 \xa0분\n당분기\n전기\n기초금액\n(11,721,725,238)\n(8,125,759,742)\n당기순손실\n(1,506,404,102)\n(3,907,526,319)\n배당금 지급\n-\n-\n확정급여제도의 재측정요소\n(16,396,058)\n311,560,823\n재평가잉여금의 대체\n-\n-\n기말금액\n(13,244,525,398)\n(11,721,725,238)\n18. 법인세비용법인세비용은 당기법인세비용에서 과거기간 당기법인세에 대하여 당기에 인식한 조정사항, 일시적차이의 발생과 소멸로 인한 이연법인세비용 및 당기손익 이외로 인식되는 항목과 관련된 법인세비용을 조정하여 산출하였습니다. 당기와 전기의 경우 법인세비용차감전순손실이 발생하여 평균유효세율은 산출하지 않았습니다.19. 종업원급여(1) 당분기말과 전기말 현재 확정급여부채의 내역은 다음과 같습니다.\n(단위 : 원)\n구분\n당분기말\n전기말\n순확정급여부채\n3,723,829,791\n3,514,086,263\n순확정급여자산\n(1,796,734,945)\n(1,806,955,618)\n국민연금전환금\n(5,471,700)\n(5,471,700)\n합계\n1,921,623,146\n1,701,658,945\n(2) 당분기와 전기 중 확정급여채무의 변동내역은 다음과 같습니다.\n(단위 : 원)\n구 \xa0분\n당분기\n전기\n기초\n3,514,086,263\n3,857,629,955\n당분기근무원가\n216,380,979\n330,396,168\n이자원가\n104,623,749\n81,303,324\n확정급여제도의 재측정요소 :\n-\n(426,184,694)\n인구통계적가정의 변동으로 인한 보험수리적손실\n-\n-\n재무적가정의 변동으로 인한 보험수리적손실(이익)\n-\n(567,869,718)\n경험조정의 변동으로 인한 보험수리적손실\n-\n141,685,024\n퇴직금 지급액\n(111,261,200)\n(349,757,340)\n관계사 전입(전출)액\n-\n20,698,850\n기말\n3,723,829,791\n3,514,086,263\n(3) 당분기기와 전기 중 사외적립자산 공정가치의 변동내역은 다음과 같습니다.\n(단위 : 원)\n구 \xa0분\n당분기\n전기\n기초\n1,812,427,318\n1,932,696,396\n이자수익\n48,404,447\n41,092,680\n사외적립자산의 재측정요소\n(16,396,058)\n(26,747,742)\n납부한 기여금\n-\n29,899\n퇴직금 지급액\n(42,229,062)\n(155,342,765)\n관계사 전입(전출)액\n-\n20,698,850\n기말\n1,802,206,645\n1,812,427,318\n(4) 당3분말과 전기말 현재 사외적립자산은 다음의 자산으로 구성되어 있습니다.\n(단위 : 원)\n구분\n당분기말\n전기말\n단기금융상품 등\n1,796,734,945\n1,806,955,618\n국민연금전환금\n5,471,700\n5,471,700\n합계\n1,802,206,645\n1,812,427,318\n(5) 당분기와 전분기 중 확정급여제도와 관련하여 당분기손익으로 인식한 비용은 다음과 같습니다.\n(단위 : 원)\n구 \xa0분\n당분기\n전분기\n3개월\n누적\n3개월\n누적\n당분기근무원가\n72,126,993\n216,380,979\n82,599,042\n247,797,126\n순이자원가\n22,335,274\n56,219,302\n14,480,191\n48,690,508\n합 \xa0계\n94,462,267\n272,600,281\n97,079,233\n296,487,634\n(6) 당분기와 전분기 중 확정기여형제도와 관련하여 각각 95,738천원과 102,617천원의 비용을 인식하였습니다.20. 주당손익당사의 기본주당이익(손실) 계산내역은 다음과 같습니다.(1) 보통주 당분기순손실\n(단위 : 원)\n구 \xa0분\n당분기\n전분기\n3개월\n누적\n3개월\n누적\n보통주 당분기순손실\n996,498,314\n(1,506,404,102)\n(683,216,408)\n(3,446,271,498)\n(2) 가중평균유통보통주식수\n(단위 : 주)\n구 \xa0분\n당분기\n전분기\n3개월\n누적\n3개월\n누적\n기초\n32,000,000\n32,000,000\n32,000,000\n32,000,000\n유상증자 효과\n-\n-\n-\n-\n무상증자 효과\n-\n-\n-\n-\n가중평균유통보통주식수\n32,000,000\n32,000,000\n32,000,000\n32,000,000\n(3) 당분기와 전분기의 기본주당이익(손실) 계산내역은 다음과 같습니다.\xa0\n(단위 : 원)\n구 \xa0분\n당분기\n전분기\n3개월\n누적\n3개월\n누적\n보통주 당분기순손실\n996,498,314\n(1,506,404,102)\n(683,216,408)\n(3,446,271,498)\n가중평균유통보통주식수\n32,000,000주\n32,000,000주\n32,000,000주\n32,000,000주\n기본주당이익(손실)\n31\n(47)\n(21)\n(108)\n(4) 당사는 잠재적보통주가 없으므로 희석주당손익을 계산하지 않았습니다.21. 성격별비용당분기와 전분기 중 발생한 비용의 성격별 분류에 대한 정보는 다음과 같습니다.\n(단위:원)\n구 \xa0분\n판매비와관리비\n제조(매출)원가\n당분기\n전분기\n3개월\n누적\n3개월\n누적\n재고자산의 변동\n-\n99,791,549\n(250,844,541)\n99,791,549\n152,223,537\n38,752,876\n원재료의 사용액\n-\n10,546,119,590\n4,094,564,438\n10,546,119,590\n2,878,122,440\n8,278,373,842\n종업원급여\n1,143,100,516\n4,673,401,335\n1,972,976,422\n5,816,501,851\n1,886,196,614\n6,059,544,847\n감가상각비와 기타상각비\n422,723,947\n2,961,826,548\n1,133,376,685\n3,384,550,495\n1,147,988,416\n3,448,717,492\n기타비용\n870,312,100\n3,566,749,449\n1,656,616,272\n4,437,061,549\n1,140,057,115\n3,755,915,495\n합 \xa0계\n2,436,136,563\n21,847,888,471\n8,606,689,276\n24,284,025,034\n7,204,588,122\n21,581,304,552\n22. 판매비와관리비당분기와 전분기의 발생한 판매비와관리비의 상세내역은 다음과 같습니다.\n(단위 : 원)\n구 \xa0분\n당분기\n전분기\n3개월\n누적\n3개월\n누적\n급여\n406,869,880\n1,010,398,730\n230,441,804\n830,350,779\n퇴직급여\n12,481,020\n48,565,560\n13,659,337\n50,808,553\n복리후생비\n31,827,252\n84,136,226\n25,631,443\n80,167,498\n여비교통비\n7,207,860\n28,773,590\n4,262,510\n14,845,410\n통신비\n4,454,020\n14,153,619\n4,682,428\n14,910,091\n세금과공과\n5,317,845\n13,523,127\n3,786,380\n11,481,992\n감가상각비\n16,215,015\n44,908,182\n13,343,706\n40,397,402\n보험료\n3,294,850\n11,406,080\n3,198,570\n11,636,100\n접대비\n13,097,510\n31,456,810\n7,126,150\n19,827,350\n광고선전비\n-\n260,000\n-\n60,000\n소모품비\n2,765,355\n7,873,875\n888,970\n6,054,050\n포장비\n11,800,620\n59,470,385\n34,578,950\n169,281,030\n운반비\n9,410,000\n26,476,440\n8,070,925\n25,464,036\n지급수수료\n119,629,390\n453,831,917\n145,985,960\n503,801,390\n도서인쇄비\n381,800\n1,323,060\n245,700\n1,736,250\n차량유지비\n35,902,189\n107,037,442\n36,585,941\n112,539,668\n교육훈련비\n220,300\n1,055,300\n439,400\n1,490,400\n견본비\n-\n-\n-\n1,370,501\n대손상각비(대손충당금환입)\n2,566,271\n(6,255,082)\n13,747,886\n342,472,378\n무형자산상각비\n124,155,390\n377,815,765\n126,990,718\n380,972,153\n판매보증비\n64,106,793\n119,925,537\n-\n-\n합 \xa0 \xa0 계\n871,703,360\n2,436,136,563\n673,666,778\n2,619,667,031\n23. 기타수익과 기타비용당분기와 전분기 중 영업외수익과 영업외비용에 포함된 기타수익과 기타비용의 내역은 다음과 같습니다.(1) 기타수익\n(단위 : 원)\n구 \xa0분\n당분기\n전분기\n3개월\n누적\n3개월\n누적\n임대료\n4,223,960\n12,406,180\n3,798,840\n11,396,520\n수수료수익\n-\n-\n-\n-\n유형자산처분이익\n2,766,159\n25,396,878\n11,967,200\n51,632,021\n매각예정비유동자산처분이익\n-\n-\n-\n-\n지분법적용투자주식처분이익\n-\n-\n-\n-\n잡이익\n546,598\n18,243,292\n83,146,087\n238,541,606\n합계\n7,536,717\n56,046,350\n98,912,127\n301,570,147\n(2) 기타비용\n(단위 : 원)\n구 \xa0분\n당분기\n전분기\n기부금\n-\n-\n-\n-\n유형자산처분손실\n-\n-\n137,352,702\n137,352,702\n유형자산평가손실\n-\n-\n-\n-\n무형자산처분손실\n-\n-\n-\n-\n무형자산손상차손\n-\n-\n\u3000\n-\n잡손실\n36\n56,520,980\n156,048\n27,467,346\n합계\n36\n56,520,980\n137,508,750\n164,820,048\n24. 위험관리\n(단위 : 원)\n구 \xa0분\n당분기말\n전기말\n부채총계\n43,802,774,219\n40,785,500,586\n자본총계\n27,813,495,178\n29,336,295,338\n부채비율\n157.49%\n139.03%\n25. 금융상품(1) 금융상품의 범주별 분류당분기말과 전기말 현재 범주별 금융상품의 장부금액은 다음과 같습니다.\n(단위 : 원)\n구 \xa0분\n당분기말\n전기말\n상각후원가금융자산\n현금및현금성자산\n378,677,547\n727,490,369\n매출채권\n4,413,227,007\n3,180,954,961\n미수금\n71,779,254\n11,579,474\n미수수익\n14,341,890\n6,122,014\n단기대여금\n450,000,000\n-\n단기금융상품\n394,000,000\n280,000,000\n장기금융상품\n896,800,000\n534,800,000\n장기성매출채권\n11,763,148,921\n12,308,699,443\n보증금\n1,720,000\n1,720,000\n소 \xa0계\n18,383,694,619\n17,051,366,261\n당반기손익-공정가치금융자산\n지분증권\n324,935,905\n324,935,905\n소 \xa0계\n324,935,905\n324,935,905\n기타포괄손익-공정가치금융자산\n지분증권\n-\n-\n금융자산 합계\n18,708,630,524\n17,376,302,166\n상각후원가금융부채\n매입채무\n5,136,474,480\n4,156,557,645\n단기차입금\n15,487,010,000\n13,630,000,000\n유동성장기부채\n4,967,300,000\n6,165,640,000\n장기차입금\n7,037,910,000\n6,927,140,000\n미지급금\n921,823,701\n1,768,562,349\n미지급비용\n2,338,824,396\n1,641,070,327\n유동금융보증부채\n49,337,705\n19,800,000\n예수보증금\n280,000,000\n280,000,000\n소 \xa0계\n36,218,680,282\n34,588,770,321\n당분기손익인식금융부채\n파생상품부채\n-\n-\n금융부채 \xa0합계\n36,218,680,282\n34,588,770,321\n(3) 공정가치① 공정가치와 장부금액당분기말과 전기말 현재 당사의 금융자산과 금융부채의 장부금액과 공정가치는 다음과 같습니다.\n(단위 : 원)\n구 \xa0분\n구분내역\n당분기말\n전기말\n장부금액\n공정가치\n장부금액\n공정가치\n당분기손익-공정가치금융자산\n지분증권\n서진산업(주)\n12,920,955\n12,920,955\n12,920,955\n12,920,955\n(주)넬바이오텍\n311,014,950\n311,014,950\n311,014,950\n311,014,950\n대구시민프로축구단\n1,000,000\n1,000,000\n1,000,000\n1,000,000\n소계\n324,935,905\n324,935,905\n324,935,905\n324,935,905\n기타포괄손익-공정가치금융자산\n지분증권\n\u3000\n-\n-\n-\n-\n당분기손익-공정가치금융부채\n파생상품(매매목적)\n\u3000\n-\n-\n-\n-\n② 당사는 대여금및수취채권(금융자산) 및 상각후원가로 측정되는 금융부채의 장부금액은 공정가치와 유사하다고 판단하고 있습니다.③ 공정가치 서열체계공정가치에는 다음의 수준이 있습니다.\n수준 1\n동일한 자산이나 부채에 대한 활성시장의 공시가격\n수준 2\n직접적으로 또는 간접적으로 관측가능한, 자산이나 부채에 대한 투입변수\n수준 3\n관측가능한 시장자료에 기초하지 않은, 자산이나 부채에 대한 투입변수\n당사의 공정가치는 아래에서 설명하고 있는 방법에 근거하여 결정되었습니다.활성시장에서 거래되는 금융상품의 공정가치는 보고기간말 현재 고시되는 시장가격에 기초하여 산정됩니다. 거래소, 판매자, 중개인, 산업집단, 평가기관 또는 감독기관을 통해 공시가격이 용이하게 그리고 정기적으로 이용가능하고, 그러한 가격이 독립된 당사자 사이에서 정기적으로 발생한 실제 시장거래를 나타낸다면, 이를 활성시장으로 간주합니다. 활성시장에서 거래되지 아니하는 금융상품의 공정가치에 대하여 평가기법을 사용하여 결정하고 있습니다. 회사는 다양한 평가기법을 활용하고 있으며, 보고기간말에 현재 시장 상황에 근거하여 가정을 수립하고 있습니다. 이러한 평가기법은 관측가능한 시장정보를 최대한 사용하고 기업특유정보를 최소한으로 사용합니다. 이때, 해당상품의 공정가치 측정에 요구되는 모든 유의적인 투입변수가 관측가능하다면 해당상품은 ""수준 2""에 포함됩니다. 만약 하나 이상의 유의적인 투입변수가 관측가능한 시장정보에 기초한 것이 아니라면 해당 상품은 수준 3에 포함됩니다.금융상품의 공정가치를 측정하는 데에 사용되는 평가기법에는 다음이 포함됩니다.- 유사한 상품의 공시시장가격 또는 딜러가격- 파생상품의 공정가치는 보고기간종료일 현재의 선도환율 등을 사용하여 해당 금액 \xa0을 현재가치로 할인하여 측정① 당분기말\n(단위 : 원)\n구 \xa0 분\n수준1\n수준2\n수준3\n합 \xa0 계\n당분기손익_공정가치금융자산\n지분증권\n-\n-\n324,935,905\n324,935,905\n채무증권\n-\n-\n-\n-\n기타포괄_공정가치금융자산\n지분증권\n-\n-\n-\n-\n당분기손익_공정가치금융부채\n파생상품부채\n-\n-\n-\n-\n회사는 수준 간의 이동을 가져오는 사건이나 상황의 변동이 발생하는 시점에 수준 간의 이동을 인식하고 있으며, 당반기 중 수준 1과 2간의 유의적인 이동은 없습니다.② 전기말\n(단위 : 원)\n구 \xa0 분\n수준1\n수준2\n수준3\n합 \xa0 계\n당분기손익_공정가치금융자산\n지분증권\n-\n-\n324,935,905\n324,935,905\n채무증권\n-\n-\n-\n-\n기타포괄_공정가치금융자산\n지분증권\n-\n-\n-\n-\n당분기손익_공정가치금융부채\n파생상품부채\n-\n-\n-\n-\n회사는 수준 간의 이동을 가져오는 사건이나 상황의 변동이 발생하는 시점에 수준 간의 이동을 인식하고 있으며, 당반기 중 수준 1과 2간의 유의적인 이동은 없습니다.(4) 금융위험관리당사의 재무위험 관리 목적과 정책은 2022년 6월 30일로 종료되는 회계연도의 것과 동일합니다.26. 금융수익 및 금융비용당분기와 전분기 중 발생한 금융수익 및 금융비용의 내역은 다음과 같습니다.\n(단위 : 원)\n과 \xa0목\n당분기\n전분기\n3개월\n누적\n3개월\n누적\n상각후원가:\n이자수익\n11,681,876\n57,047,205\n13,830,359\n28,381,694\n외환차익\n6,352,898\n40,620,173\n4,723,555\n11,410,386\n외화환산이익\n160,745,194\n166,479,711\n397,950,219\n1,271,023,620\n금융보증수익\n-\n-\n-\n-\n외환차손\n(20,635,459)\n(31,825,178)\n(6,335,926)\n(22,348,338)\n외화환산손실\n390,808,720\n(5,152,996)\n(2,063,144)\n(5,247,338)\n이자비용\n(410,004,049)\n(1,131,450,592)\n(258,537,166)\n(745,276,408)\n매출채권처분손실\n(54,793,564)\n(143,138,111)\n(19,324,431)\n(38,422,709)\n기타의대손상각비\n-\n-\n-\n-\n금융보증비용\n29,213,115\n(29,537,705)\n29,213,115\n(29,537,705)\n\u3000\n-\n-\n-\n-\n소 \xa0계\n113,368,731\n(1,076,957,493)\n159,456,581\n469,983,202\n기타포괄손익공정가치금융상품:\n배당금수익\n-\n-\n\u3000\n-\n당반기손익에 인식된 순금융원가\n113,368,731\n(1,076,957,493)\n159,456,581\n469,983,202\n27. 우발부채와 약정사항(1) 당분기말 현재 금융회사와 체결한 금융거래의 약정사항은 다음과 같습니다.\n(단위 : 원)\n금융기관\n내 \xa0역\n한 \xa0도\n실행금액\n실행 후 잔액\n(주)대구은행\n무역금융\n5,720,000,000\n5,720,000,000\n-\n(주)국민은행\n무역금융\n1,350,000,000\n950,000,000\n400,000,000\n한국수출입은행\n수출성장자금\n1,800,000,000\n1,800,000,000\n-\n합 \xa0계\n8,870,000,000\n8,470,000,000\n400,000,000\n28. 특수관계자(1) 주요 경영진과의 거래주요 경영진은 단기종업원급여, 퇴직급여을 제공받고 있습니다. 당사는 당분기 중 340,815천원(전분기 200,550천원)의 보상을 주요 경영진에게 제공하였습니다.(2) 당분기말 현재 당사와 특수관계에 있는 회사의 내역은 다음과 같습니다.\n구 분\n회사명\n최대주주\n(주)엠에스에이치씨\u3000\n종속기업\nChasys Automotive Components Private Limited\n기 타\n서진산업(주), (주)에이엠에스, (주)넬바이오텍, (주)알텍, AMS-CHASYS Automotive, (주)에스엠씨, 산동강태체시스(유)\n(3) 특수관계자거래당분기와 \xa0전반기 중 특수관계자와의 거래내역은 다음과 같습니다.① 당분기\n(단위 : 원)\n특수관계자 구분\n회사명\n매 출\n유형자산 매각\n기타수익\n유형자산 취득\n기타비용\n최대주주\n(주)엠에스에이치씨\n-\n-\n38,115,420\n16,737,000\n239,020,059\n종속기업\nChasys Automotive Components Private Limited\n12,127,500\n-\n-\n-\n646,000\n기 타\n(주)에스엠씨\n277,174,098\n-\n8,190,000\n-\n557,634,821\n(주)에이엠에스\n-\n860,000\n-\n-\n35,705,710\n합 \xa0 계\n289,301,598\n860,000\n46,305,420\n16,737,000\n833,006,590\n② 전분기\n(단위 : 원)\n특수관계자 구분\n회사명\n매 출\n기타수익\n기타비용\n최대주주\n(주)엠에스에이치씨\n-\n23,048,670\n228,401,000\n종속기업\nChasys Automotive Components Private Limited\n44,834,584\n-\n1,024,393\n기 타\n(주)에스엠씨\n208,509,528\n8,190,000\n329,459,664\n(주)에이엠에스\n11,161,000\n-\n-\n(주)알텍\n-\n-\n527,397\n합 \xa0 계\n264,505,112\n31,238,670\n559,412,454\n(4) 특수관계자에 대한 채권ㆍ채무 내역당분기말과 전기말 현재 특수관계자에 대한 채권ㆍ채무 내역은 다음과 같습니다.\n(단위 : 원)\n특수관계자 구분\n특수관계자명\n채 권(*)\n채 무\n당분기말\n전기말\n당분기말\n전기말\n\xa0 최대주주\n(주)엠에스에이치씨\n451,727,500\n-\n43,791,914\n42,258,800\n\xa0 종속기업\nChasys Automotive Components Private Limited\n19,726,316,338\n20,307,688,107\n118,996,174\n120,257,748\n\xa0 기 타\n(주)에스엠씨\n153,275,210\n255,387,677\n331,752,755\n134,769,682\n(주)에이엠에스\n-\n-\n36,526,281\n-\nAMS-CHASYS Automotive\n65,789,748\n65,239,734\n-\n-\n합 \xa0 \xa0 계\n20,397,108,796\n20,628,315,518\n531,067,124\n297,286,230\n(*)상기 특수관계자채권에 대하여 당분기말과 전기말 현재 각각 8,018,151천원 및 8,019,227의 대손충당금을 설정 중이며, 당분기와 전기 중 각각 359,144천원 및 547,251천원의 대손상각비를 인식하였습니다.(5) 당분기와 전기의 특수관계자와의 자금거래 내역은 다음과 같습니다.\n(단위 : 원)\n특수관계자 구분\n회사명\n거래내용\n당분기\n전기\n최대주주\n(주)엠에스에이치씨\n자금 대여(회수)\n450,000,000\n(500,000,000)\n합 \xa0계\n450,000,000\n(500,000,000)\n(6) 당분기말 현재 당사가 특수관계자를 위하여 제공하고 있는 지급보증의 내역은 다음과 같습니다.\n(단위 : 원)\n특수관계자 구분\n회사명\n내용\n지급보증금액\n담보권자\n기 \xa0타\n(주)에스엠씨\n차입금 지급보증\n9,900,000,000\n㈜국민은행\n당사는 상기 지급보증과 관련하여 당분기말 현재 49,338천원의 금융보증부채를 인식하고 있습니다.(7) 당분기말 현재 당사가 차입금과 관련하여 특수관계자로부터 제공받고 있는 지급보증내역은 다음과 같습니다.\n(단위 : 원)\n특수관계자 구분\n특수관계자명\n보증등의 내용\n금융기관\n보증금액\n주요 경영진\n대표이사\n연대보증\n(주)대구은행\n13,619,000,000\n(주)국민은행\n297,000,000\n한국수출입은행\n2,160,000,000\n기타\n(주)에이엠에스\n한국수출입은행\n2,160,000,000\n(주)엠에스에이치씨\n(주)신한은행\n4,728,000,000\n(주)에스엠씨\n담보제공\n(주)대구은행\n3,000,000,000\n합 \xa0계\n25,964,000,000\n29. 현금흐름표(1) 당분기와 전분기의 현금의 유입과 유출이 없는 중요한 거래내역은 다음과 같습니다.\n(단위 : 원)\n구 \xa0분\n당분기\n전분기\n건설중인자산의 본계정대체\n72,800,000\n101,980,000\n유형자산 취득 관련 미지급금의 증가(감소)\n(75,928,750)\n(264,000,000)\n유형자산의 재평가\n-\n-\n차입금의 유동성대체\n2,389,230,000\n1,636,576,668\n보증금의 건물매각 대체\n-\n-\n(2) 당분기와 전분기 중 재무활동에서 생기는 부채의 변동내역은 다음과 같습니다.① 당분기\n(단위 : 원)\n구 \xa0분\n기초장부금액\n현금흐름\n비현금흐름\n기말장부금액\n대체\n단기차입금\n13,630,000,000\n1,857,010,000\n-\n15,487,010,000\n유동성장기차입금\n6,165,640,000\n(3,587,570,000)\n2,389,230,000\n4,967,300,000\n장기차입금\n6,927,140,000\n2,500,000,000\n(2,389,230,000)\n7,037,910,000\n합 \xa0계\n26,722,780,000\n769,440,000\n-\n27,492,220,000\n② 전분기\n(단위 : 원)\n구 \xa0분\n기초장부금액\n현금흐름\n비현금흐름\n기말장부금액\n대체\n단기차입금\n11,050,000,000\n3,600,000,000\n-\n14,650,000,000\n유동성장기차입금\n4,099,013,332\n(1,569,950,000)\n1,636,576,668\n4,165,640,000\n장기차입금\n12,160,126,668\n(500,000,000)\n(1,636,576,668)\n10,023,550,000\n합 \xa0계\n27,309,140,000\n1,530,050,000\n-\n28,839,190,000\n(3) 영업활동에서 창출된 현금흐름당분기와 전분기 연결실체의 영업활동에서 창출된 현금흐름의 내역은 다음과 같습니다. \xa0 \xa0 \xa0 \xa0 \xa0 \xa0 \xa0 \xa0 \xa0 \xa0 \xa0 \xa0 \xa0 \xa0 \xa0 \xa0 \xa0 \xa0 \xa0 \xa0 \xa0 \xa0 \xa0 \xa0 \xa0 \xa0 \xa0 \xa0 \xa0 \xa0 \xa0 \xa0 \xa0 \xa0 \xa0 \xa0 \xa0 \xa0 \xa0 \xa0 \xa0 \xa0 \xa0 \xa0 \xa0 \xa0 \xa0 \xa0 \xa0 \xa0 \xa0 \xa0 \xa0 (단위:원)\n과 \xa0목\n제 33(당) 3분기\n제 32(전) 3분기\nⅠ. 영업활동으로 인한 현금흐름\n2,180,078,634\n567,470,009\n1.영업활동에서 창출된 현금\n3,240,882,511\n1,579,181,276\n(1)당분기순이익(손실)\n(1,506,404,102)\n(763,823,403)\n(2)조정\n4,492,316,118\n5,598,349,326\n법인세비용(수익)\n12,799,256\n-\n이자비용\n1,131,450,592\n998,669,922\n퇴직급여\n272,600,281\n337,411,100\n감가상각비\n3,006,734,730\n3,267,064,108\n대손상각비\n(6,255,082)\n8,248,360\n기타의대손상각비\n-\n(54,958,528)\n외화환산손실\n5,152,996\n1,074,443,089\n무형자산상각비\n377,815,765\n381,097,153\n금융보증비용\n29,537,705\n29,591,656\n재고자산평가손실\n(88,596,331)\n-\n이자수익\n(57,047,205)\n(5,086,950)\n외화환산이익\n(166,479,711)\n(6,046,938)\n유형자산처분이익\n(25,396,878)\n(432,083,646)\n(3)영업활동으로 인한 자산부채의 변동\n254,970,495\n(3,255,344,647)\n매출채권의 감소(증가)\n(514,966,464)\n(3,187,705,669)\n미수금의 감소(증가)\n(60,199,780)\n(788,335,916)\n선급금의 감소(증가)\n(440,826,325)\n(900,289,640)\n선급비용의 감소(증가)\n(419,866,700)\n(109,358,350)\n부가세대급금의 감소(증가)\n(102,652,661)\n(117,157,930)\n재고자산의 감소(증가)\n(23,684,525)\n94,392,370\n매입채무의 증가(감소)\n975,743,572\n928,093,764\n미지급금의 증가(감소)\n(922,667,398)\n520,612,246\n선수금의 증가(감소)\n1,152,631,000\n1,215,389,000\n예수금의 증가(감소)\n16,802,190\n(13,386,746)\n미지급비용의 증가(감소)\n665,723,443\n(109,868,197)\n예수보증금의 증가(감소)\n-\n(360,000,000)\n판매보증충당부채의 증가(감소)\n(2,033,719)\n(15,250,293)\n사외적립자산의 감소(증가)\n42,229,062\n374,953,744\n퇴직금의 지급\n(111,261,200)\n(787,433,030)\n']"
