text
"['\n3. 연결재무제표 주석\n제54기 3분기 2022년 01월 01일부터 2022년 09월 30일까지\n제53기 3분기 2021년 01월 01일부터 2021년 09월 30일까지\n대원전선 주식회사와 그 종속기업\n1. 일반사항기업회계기준서 제1110호 \'연결재무제표\'에 의한 지배회사인 대원전선 주식회사(이하 ""지배회사"")는 위해금원전선유한공사, 대명전선(주), 대원에프엠아이(주)(이하 ""종속회사"")를 연결대상(이하 ""연결회사"")으로 하여 연결재무제표를 작성하였습니다.1-1 지배회사의 개요지배회사는 1969년 11월 29일에 설립되었으며, 1988년 5월 4일에 주식을 유가증권시장에 상장한 자본금 37,293백만원의 상장회사입니다. 지배회사의 본사 및 공장소재지와 주요사업내용은 다음과 같습니다.(1) 본사 및 공장소재지 : 충남 예산군 고덕면 호음덕령길 92(2) 주요사업내용 : 전선 및 전기통신자재의 제조 및 판매(3) 대표이사 : 서 명 환1-2 종속회사의 현황보고기간종료일 현재 종속회사의 현황은 다음과 같습니다.\n회사명\n소재지\n주요영업활동\n결산일\n투자금액(천원)\n소유지분율\n위해금원전선유한공사\n중국\n전선제조 및 판매\n12.31\n6,922,770\n100.0%\n대명전선(주)\n한국\n전선제조 및 판매\n12.31\n5,165,000\n100.0%\n대원에프엠아이(주)(*)\n한국\n전선제조 및 판매\n12.31\n2,900,000\n74.44%\n(*) 지배회사는 대원에프엠아이(주)의 지분 74.44%를 직접 소유하고 있으며, 나머지 지분 25.56%는 위해금원전선유한공사를 통하여 간접 소유하고 있습니다. \n1-3 보고기간종료일 현재 종속회사의 재무현황은 다음과 같습니다.\n(단위 : 천원)\n회사명\n자산총액\n부채총액\n매출액\n당기순이익\n총포괄손익\n위해금원전선유한공사\n8,977,440\n216,194\n1,602,131\n37,613\n491,802\n대명전선(주)\n40,114,270\n31,321,526\n136,972,379\n593,176\n593,176\n대원에프엠아이(주)\n7,113,636\n1,665,252\n3,541,720\n256,037\n256,037\n2. 재무제표 작성기준 및 중요한 회계정책2.1 재무제표 작성기준\n연결기업의 중간요약재무제표는 \'주식회사의 외부감사에 관한 법률\'에 따라 제정된 한국채택국제회계기준 기업회계기준서 제1034호에 따라 작성되었습니다. \n중간요약재무제표는 연차재무제표에 기재할 것으로 요구되는 모든 정보 및 주석사항을 포함하고 있지 아니하므로, 2021년 12월 31일로 종료되는 회계기간에 대한 연차재무제표의 정보도 함께 참고하여야 합니다.\n2.2 \xa0제ㆍ개정된 기준서의 적용\n중간요약재무제표를 작성하기 위하여 채택한 중요한 회계정책은 다음의 2022년 1월 1일부터 적용되는 기준서를 제외하고는 2021년 12월 31일로 종료되는 회계기간에 대한 연차재무제표 작성시 채택한 회계정책과 동일합니다. 연결기업은 공표되었으나 시행되지 않은 기준서, 해석서, 개정사항을 조기적용한 바 없습니다.\n\xa0\n여러 개정사항과 해석서가 2022년부터 최초 적용되며, 연결기업의 중간요약재무제표에 미치는 영향은 없습니다.\n(1) 기업회계기준서 제1037호 ‘충당부채, 우발부채, 우발자산’ 개정 - 손실부담계약의 의무이행 원가\n\xa0\n손실부담계약은 계약상 의무 이행에 필요한 회피 불가능 원가가 그 계약에서 받을 것으로 예상되는 경제적 효익을 초과하는 계약입니다. 동 개정사항은 계약이 손실부담계약인지 판단할 때 재화나 용역을 제공하기 위한 계약과 직접 관련된 원가는 계약을 이행하는 데 드는 증분원가(예: 재료원가 및 노무원가)와 계약 이행에 직접 관련되는 그 밖의 원가 배분액(예 : 그 계약을 이행하는데 사용하는 유형자산 항목에 대한 감가상각비 배분액이나 그 계약을 관리·감독하는 데 드는 원가의 배분액) 모두 포함하도록 합니다. 일반 관리 원가는 계약에 직접적으로 관련되지 않으며 계약에 따라 거래상대방에게 명시적으로 부과될 수 없다면 제외됩니다.\n\xa0\n연결기업은 이 개정 기준서를 최초 적용하는 회계연도의 시작일에 아직 의무를 모두 이행하지는 않는 계약에 적용합니다.\xa0\n\xa0\n연결기업은 당기 중 이 개정사항의 적용 범위에 해당하는 우발자산, 부채 및 우발부채가 없으므로 동 개정사항이 연결재무제표에 미치는 영향은 없습니다.\n(2) 기업회계기준서 제1103호 ‘사업결합’ 개정 - 재무보고를 위한 개념체계 참조\n동 개정사항은 이전에 발표된 ‘재무제표의 작성과 표시를 위한 개념체계’를 2018년 3월에 발표된 ‘재무보고를 위한 개념체계’의 참조로 변경시, 유의적인 요구사항의 변경이 없도록 합니다.\n\xa0\n기업회계기준서 제1037호 ‘충당부채, 우발부채, 우발자산’ 또는 기업회계기준해석서 제2121호 ‘부담금’의 적용 범위에 해당되는 부채와 우발부채에서 day 2 손익이 발생하지 않도록, 기업회계기준서 제1103호 ‘사업결합’의 인식 원칙에 예외를 추가하였습니다. 이 예외사항은 취득일에 현재의무가 존재하는지를 판단하기 위하여 개념체계 대신에 기업회계기준서 제1037호 ‘충당부채, 우발부채, 우발자산’ 또는 기업회계기준해석서 제2121호 ‘부담금’의 기준을 적용하도록 요구합니다.\n\xa0\n동 개정사항은 또한 우발자산이 취득일에 인식될 수 없다는 것을 명확히 하기 위해 기업회계기준서 제1103호 ‘사업결합’에 새로운 문단을 추가하였습니다.\xa0\n\xa0\n연결기업은 당기 중 이 개정사항의 적용 범위에 해당하는 우발자산, 부채 및 우발부채가 없으므로 동 개정사항이 연결재무제표에 미치는 영향은 없습니다.\n\xa0\n(3) 기업회계기준서 제1016호 ‘유형자산’ 개정 - 의도한 사용전의 매각금액 동 개정사항은 경영진이 의도하는 방식으로 자산을 가동하는 데 필요한 장소와 상태에 이르게 하는 동안 발생하는 재화의 순매각가액을 원가에서 차감하지 않도록 합니다. 대신에, 기업은 그러한 품목을 판매하여 얻은 수익과 품목을 생산하는데 드는 원가를 각각 당기손익으로 인식합니다. \n연결기업은 표시되는 가장 이른 기간의 개시일 또는 그 이후에 사용할 수 있게 된 유형자산에서 생산된 재화의 판매가 없으므로 동 개정사항이 연결재무제표에 미치는 영향은 없습니다.\n\xa0\n(4) 기업회계기준서 제1101호 ‘한국채택국제회계기준의 최초채택’ - \xa0최초채택기업인 종속기업 동 개정사항은 종속기업이 기업회계기준서 제1101호 한국채택국제회계기준의 최초채택 문단 D16(1)을 적용하기로 선택한 경우 종속기업이 지배기업의 한국채택국제회계기준 전환일에 기초하여 지배기업이 보고한 금액을 사용하여 누적환산차이를 측정할 수 있도록 허용합니다. 이 개정사항은 동 기준서 문단 D16(1)을 적용하기로 선택한 관계기업 또는 공동기업에도 적용됩니다.\n\xa0\n연결기업의 종속기업이 최초채택기업이 아니므로 동 개정사항이 연결재무제표에 미치는 영향은 없습니다.\n\xa0\n(5) 기업회계기준서 제1109호 ‘금융상품’ - 금융부채 제거 목적의 10% 테스트 관련 수수료 동 개정사항은 새로운 금융부채나 변경된 금융부채의 조건이 기존의 금융부채의 조건과 실질적으로 다른지를 평가할 때 기업이 포함하는 수수료를 명확히 합니다. 이러한 수수료에는 채권자와 채무자 간에 지급하거나 수취한 수수료와 채권자와 채무자가 서로를 대신하여 지급하거나 수취한 수수료만 포함됩니다. 기업회계기준서 제1039호 ‘금융상품: 인식과 측정’에 대한 제한된 유사한 개정사항은 없습니다.\n\xa0\n연결기업 내 금융상품에 변경된 사항이 없었기 때문에 동 개정사항이 연결재무제표에 미치는 영향은 없습니다.\n\xa0\n(6) 기업회계기준서 제1041호 ‘농림어업’ - 공정가치 측정 시 세금 고려 동 개정사항은 기업회계기준서 제1041호 ‘농립어업’의 적용 범위에 해당되는 자산의 공정가치를 측정할 때 세금 관련 현금흐름을 포함하지 않는 문단 22의 요구사항을 삭제하였습니다. 연결기업은 보고기간말 현재 동 기준서의 적용 범위에 해당하는 자산을 보유하고 있지 않으므로, 동 개정사항이 연결재무제표에 미치는 영향은 없습니다.\n3. 현금및현금성자산보고기간종료일 현재 현금및현금성자산의 내역은 다음과 같습니다.\n(단위 : 천원)\n구분\n금융회사\n당분기말\n전기말\n현금\n-\n29,921\n3,381\n보통예금\n우리은행 외\n8,344,722\n1,212,375\n정부보조금\n-\n(16,683)\n(16,683)\n합계\u3000\n8,357,960\n1,199,073\n4. 장단기금융상품보고기간종료일 현재 장단기금융상품의 내역은 다음과 같습니다.\n(단위 : 천원)\n계정명\n구분\n금융회사\n당분기말\n전기말\n단기금융상품\n정기예금 외\n우리은행 외\n7,564,231\n5,815,104\n장기금융상품\n당좌거래보증금 외\n우리은행 외\n10,000\n10,000\n합계\n7,574,231\n5,825,104\n5. 사용이 제한된 예금보고기간종료일 현재 사용이 제한된 예금의 내역은 다음과 같습니다.\n(단위 : 천원)\n과목\n은행명\n당분기말\n전기말\n제한사유\n장기금융상품\n우리은행 외\n10,000\n10,000\n\xa0당좌거래보증금\n6. 매출채권및기타채권6-1 보고기간종료일 현재 매출채권및기타채권의 내역은 다음과 같습니다.\n(단위 : 천원)\n구분\n당분기말\n전기말\n매출채권\n128,774,793\n156,492,109\n대손충당금\n(6,316,472)\n(8,392,326)\n미수금\n1,603,592\n7,831,430\n단기대여금\n-\n300,000\n예치보증금\n249,855\n231,057\n합계\n124,311,769\n156,462,270\n6-2 당분기와 전기 중 매출채권및기타채권의 대손충당금의 변동내역은 다음과 같습니다.\n(단위 : 천원)\n구분\n당분기\n전 \xa0기\n기초금액\n8,392,326\n11,039,499\n대손상각비(환입)\n434,616\n(193,253)\n제각\n(2,510,470)\n(2,453,920)\n기말금액\n6,316,472\n8,392,326\n연결회사는 매출채권및기타채권의 손상차손을 판매비와관리비로 계상하고 있습니다.\n6-3 보고기간종료일 현재 매출채권및기타채권의 약정회수기일기준 연령분석 및 대손충당금 설정내역은 다음과 같습니다.<당분기말>\n(단위: 천원)\n연령구분\n채권잔액\n기대신용손실률\n대손충당금\n장부금액\n6개월 이내\n123,495,445\n0.07%\n(85,965)\n123,409,480\n6월 ~ 1년\n189,366\n68.08%\n(128,925)\n60,441\n1년 ~ 3년\n1,184,294\n29.01%\n(343,538)\n840,755\n3년 이상\n5,759,136\n99.98%\n(5,758,043)\n1,092\n합계\n130,628,240\n4.84%\n(6,316,472)\n124,311,769\n<전기말>\n(단위 : 천원)\n연령구분\n채권잔액\n기대신용손실률\n대손충당금\n장부금액\n6개월 이내\n154,487,203\n0.00%\n(4,049)\n154,483,154\n6월 ~ 1년\n1,307,945\n31.14%\n(407,287)\n900,658\n1년 ~ 3년\n647,658\n30.48%\n(197,383)\n450,275\n3년 이상\n8,411,790\n92.53%\n(7,783,607)\n628,183\n합계\n164,854,596\n5.09%\n(8,392,326)\n156,462,270\n6-4 보고기간종료일 현재 매출채권및기타채권은 단기수취채권으로서 장부금액과 공정가치의 차이가 중요하지 아니합니다.\n7. 재고자산보고기간종료일 현재 재고자산의 내역은 다음과 같습니다.\n(단위 : 천원)\n구분\n당분기말\n전기말\n취득원가\n평가손실충당금\n장부금액\n취득원가\n평가손실충당금\n장부금액\n상품\n16,060,947\n-\n16,060,947\n9,017,775\n-\n9,017,775\n제품\n15,576,289\n(161,518)\n15,414,772\n8,602,556\n(67,684)\n8,534,872\n재공품\n14,466,126\n-\n14,466,126\n11,690,779\n-\n11,690,779\n원재료\n1,654,374\n-\n1,654,374\n1,295,118\n-\n1,295,118\n부재료\n462,152\n-\n462,152\n471,044\n-\n471,044\n미착품\n20,722\n-\n20,722\n84,986\n-\n84,986\n합계\n48,240,612\n(161,518)\n48,079,093\n31,162,258\n(67,684)\n31,094,574\n8. 기타유동자산보고기간종료일 현재 기타유동자산의 내역은 다음과 같습니다.\n(단위 : 천원)\n구분\n당분기말\n전기말\n선급금\n237,527\n267,104\n선급비용\n100,489\n10,489\n합계\n338,017\n277,593\n9. 기타포괄손익-공정가치금융자산보고기간종료일 현재 기타포괄손익-공정가치금융자산의 내역은 다음과 같습니다.\n(단위 : 천원)\n구분\n지분율\n취득금액\n당분기말\n전기말\n공정가치\n장부금액\n장부금액\n한국전선공업협동조합 (주1)\n5.76%\n25,200\n25,200\n25,200\n25,200\n청도DH전선유한공사 (주2)\n52.60%\n891,008\n-\n-\n-\n합계\n916,208\n25,200\n25,200\n25,200\n(주1) 신뢰성있는 측정모델에 의한 공정가액을 평가할 수 없는 기타포괄손익-공정가치금융자산에 대해서는 취득금액으로 평가하였습니다.(주2) 2016년도에 지분의 회수가능가액이 장부가액에 미달하여 회수가능가액과 장부가액의 차이를 손상차손으로 인식하였으며, 청도DH전선유한공사에 대한 지배력을 상실하여 기타포괄손익-공정가치금융자산으로 분류하고 있습니다. \n10. 관계기업투자주식10-1 보고기간종료일 현재 관계기업투자주식의 내역은 없습니다. * 회사는 보유하고 있던 신대원에너지(주)의 지분을 전기에 전량 처분하였습니다\n10-2 당분기와 전기 중 관계기업투자주식의 변동내역은 다음과 같습니다.<당분기>\n(단위 : 천원)\n구분\n기초\n취득\n지분법손익\n지분법잉여금변동\n기말\n신대원에너지(주)\n-\n-\n-\n-\n-\n<전기>\n(단위 : 천원)\n구분\n기초\n취득\n지분법손익\n지분법잉여금변동\n기말\n신대원에너지(주)\n3,348,377\n(3,523,818)\n172,995\n2,446\n-\n11. 유형자산11-1 당분기와 전기 중 유형자산의 변동내용은 다음과 같습니다<당분기>\n(단위 : 천원)\n구분\n토지\n건물\n구축물\n기계장치\n차량운반구\n리스자산\n기타의유형자산\n건설중인자산\n합계\n취득원가:\n기초\n17,822,635\n17,227,401\n2,958,321\n51,606,830\n468,545\n104,907\n6,044,535\n714,414\n96,947,588\n취득\n-\n29,305\n42,997\n839,486\n-\n37,080\n214,414\n1,659,356\n2,822,638\n대체\n-\n-\n-\n367,026\n-\n-\n361\n(367,387)\n-\n처분\n-\n-\n-\n(18,085)\n-\n(27,041)\n(8,355)\n(54,261)\n(107,742)\n환율변동차이\n-\n105,260\n-\n326,822\n7,100\n-\n11,762\n-\n450,944\n기말\n17,822,635\n17,361,966\n3,001,318\n53,122,079\n475,645\n114,946\n6,262,717\n1,952,122\n100,113,428\n감가상각누계액:\n기초\n-\n(5,948,808)\n(1,989,369)\n(41,731,140)\n(455,873)\n(58,533)\n(5,518,403)\n-\n(55,702,126)\n처분\n-\n-\n-\n5,829\n-\n27,041\n8,355\n-\n41,225\n감가상각\n-\n(330,605)\n(102,043)\n(1,723,551)\n(4,040)\n(23,774)\n(197,631)\n-\n(2,381,644)\n환율변동차이\n-\n(38,500)\n-\n(213,107)\n(6,680)\n-\n(10,293)\n-\n(268,580)\n기말\n-\n(6,317,913)\n(2,091,412)\n(43,661,969)\n(466,593)\n(55,266)\n(5,717,972)\n-\n(58,311,125)\n정부보조금:\n기초\n-\n-\n-\n(37,158)\n-\n-\n-\n-\n(37,158)\n수령\n-\n-\n-\n(9,900)\n-\n-\n-\n-\n(9,900)\n감가상각\n-\n-\n-\n3,210\n-\n-\n-\n-\n3,210\n기말\n-\n-\n-\n(43,848)\n-\n-\n-\n-\n(43,848)\n장부금액:\n기초\n17,822,635\n11,278,593\n968,952\n9,838,532\n12,672\n46,374\n526,132\n714,414\n41,208,304\n기말\n17,822,635\n11,044,053\n909,906\n9,416,262\n9,052\n59,680\n544,745\n1,952,122\n41,758,455\n<전기>\n(단위 : 천원)\n구분\n토지\n건물\n구축물\n기계장치\n차량운반구\n리스자산\n기타의유형자산\n건설중인자산\n합계\n취득원가:\n기초\n17,822,635\n17,019,882\n2,895,621\n48,666,740\n455,889\n135,405\n5,911,927\n1,941,574\n94,849,673\n취득\n-\n48,343\n62,700\n1,232,613\n1,920\n(30,498)\n114,844\n712,002\n2,141,924\n대체\n-\n-\n-\n1,219,391\n-\n-\n-\n(1,981,895)\n(762,504)\n처분\n-\n-\n-\n(6,756)\n-\n-\n-\n-\n(6,756)\n환율변동차이\n-\n159,176\n-\n494,842\n10,736\n-\n17,764\n42,733\n725,251\n기말\n17,822,635\n17,227,401\n2,958,321\n51,606,830\n468,545\n104,907\n6,044,535\n714,414\n96,947,588\n감가상각누계액:\n기초\n-\n(5,458,546)\n(1,851,088)\n(39,200,377)\n(432,449)\n(60,267)\n(5,209,103)\n-\n(52,211,830)\n처분\n-\n-\n-\n3,682\n-\n39,511\n-\n-\n43,193\n감가상각\n-\n(436,481)\n(138,281)\n(2,238,931)\n(14,040)\n(37,777)\n(294,531)\n-\n(3,160,041)\n환율변동차이\n-\n(53,781)\n-\n(295,514)\n(9,384)\n-\n(14,769)\n-\n(373,448)\n기말\n-\n(5,948,808)\n(1,989,369)\n(41,731,140)\n(455,873)\n(58,533)\n(5,518,403)\n-\n(55,702,126)\n정부보조금:\n기초\n-\n-\n-\n(12,242)\n-\n-\n-\n-\n(12,242)\n수령\n-\n-\n-\n(26,500)\n-\n-\n-\n-\n(26,500)\n감가상각\n-\n-\n-\n1,584\n-\n-\n-\n-\n1,584\n기말\n-\n-\n-\n(37,158)\n-\n-\n-\n-\n(37,158)\n장부금액:\n기초\n17,822,635\n11,561,336\n1,044,533\n9,454,121\n23,440\n75,138\n702,824\n1,941,574\n42,625,601\n기말\n17,822,635\n11,278,593\n968,952\n9,838,532\n12,672\n46,374\n526,132\n714,414\n41,208,304\n11-2 자산재평가연결실체는 2010년 1월 1일을 기준일로 하여 유형자산중 토지에 대하여 재평가를 실시하였습니다. 독립적인 평가인이 시장에서 관측가능한 방법에 따라 평가한 공정가액은 12,932,648천원으로서, 원가모형으로 평가하였을 경우의 장부금액 3,586,947천원 (재평가 전의 취득원가)과의 차액 중 가산할 일시적차이에 대한 이연법인세부채2,056,054천원(22%)을 차감한 7,289,646천원은 이익잉여금에 반영되었습니다. 한편, 자산재평가로 인한 재평가잉여금은 주주배당에 제한이 있습니다.\n12. 투자부동산당분기 중 투자부동산의 변동내용은 다음과 같습니다.\n(단위 : 천원)\n구분\n기초\n취득(처분)\n상각\n대체\n환율변동차이\n합계\n건물\n853,749\n-\n(34,431)\n-\n58,546\n877,864\n13. 무형자산13-1 당분기와 전기 중 무형자산의 변동은 다음과 같습니다.<당분기>\n(단위 : 천원)\n구분\n기초\n취득(처분)\n상각\n환율변동차이\n합계\n회원권\n139,065\n-\n-\n-\n139,065\n토지사용권\n225,828\n-\n(4,772)\n15,664\n236,720\n소프트웨어\n41,619\n-\n(4,815)\n2,726\n39,530\n영업권\n133,615\n-\n-\n-\n133,615\n합계\n540,127\n-\n(9,586)\n18,389\n548,930\n<전기>\n(단위 : 천원)\n구분\n기초\n취득(처분)\n상각\n환율변동차이\n합계\n회원권\n139,065\n-\n-\n-\n139,065\n토지사용권\n207,329\n-\n(5,805)\n24,305\n225,829\n소프트웨어\n42,829\n-\n(5,964)\n4,754\n41,619\n영업권\n133,615\n-\n-\n-\n133,615\n합계\n522,838\n-\n(11,769)\n29,059\n540,128\n13-2 당분기와 전분기 중 비용으로 인식한 경상연구개발비는 각각 373,583천원과 385,501 천원이며 전액 제조원가로 분류하고 있습니다.\n14. 기타비유동자산보고기간종료일 현재 기타비유동자산의 내역은 다음과 같습니다.\n(단위 : 천원)\n구분\n당분기말\n전기말\n보증금\n694,301\n651,704\n15. 매입채무및기타채무보고기간종료일 현재 매입채무및기타채무의 내역은 다음과 같습니다.\n(단위 : 천원)\n구분\n당분기말\n전기말\n매입채무\n78,608,858\n90,304,105\n미지급금\n2,168,013\n1,772,964\n미지급비용\n2,693,462\n3,578,615\n합계\n83,470,334\n95,655,684\n보고기간종료일 현재 연결회사의 매입채무및기타채무는 장부금액과 공정가치의 차이가 중요하지 아니합니다.\n16. 기타유동부채 및 기타비유동부채보고기간종료일 현재 기타유동부채 및 기타비유동부채의 내역은 다음과 \xa0같습니다.\n(단위 : 천원)\n구분\n당분기말\n전기말\n유동\n비유동\n유동\n비유동\n선수금\n139,837\n-\n2,910,285\n-\n예수금\n92,374\n-\n112,240\n-\n당기법인세부채\n414,459\n-\n130,139\n-\n장기미지급금\n-\n107,515\n-\n99,581\n합계\n646,671\n107,515\n3,152,664\n99,581\n17. 단기차입금보고기간종료일 현재 단기차입금의 내역은 다음과 같습니다.\n(단위 : 천원)\n구분\n차입처\n이자율\n당분기말\n전기말\n일반자금대출\n우리은행\n4.54%\n2,000,000\n2,000,000\n일반자금대출\n우리은행\n3.63%\n2,000,000\n-\n소매금융대출\n우리은행\n4.25%\n6,690,032\n8,361,920\n운전자금대출\n산업은행\n4.86%\n2,000,000\n2,000,000\n일반자금대출\nKEB하나\n2.97%\n-\n2,000,000\n운전자금\nKEB하나\n4.68%\n2,500,000\n1,000,000\n수출성장자금대출\n수출입은행\n3.60%\n2,000,000\n-\n종합대출\n신한은행\n5.69%\n2,500,000\n1,000,000\n일반자금대출\n갑도물산\n2.47%\n2,000,000\n2,500,000\n일반자금대출\n주주\n2.96%~3.74%\n4,500,000\n15,636,000\n일반자금대출\n우리은행\n4.24%~4.55%\n7,348,126\n-\n일반자금대출\n기업은행\n4.05%\n5,100,655\n-\n합계\n38,638,813\n34,497,920\n18. 장기차입금보고기간종료일 현재 장기차입금의 내역은 다음과 같습니다.\n(단위 : 천원)\n구분\n차입처\n이자율(%)\n당분기말\n전기말\n일반자금대출\nKB국민은행\n3.33% , 3.86%\n3,200,000\n2,000,000\n유동성대체\n(1,700,000)\n(2,000,000)\n합계\n1,500,000\n-\n19. 전환사채 및 파생금융부채19-1 보고기간종료일 현재 전환사채의 내역은 다음과 같습니다.\n(단위 : 천원)\n구분\n당분기말\n전기말\n전환사채\n3,500,000\n5,000,000\n상환할증금\n127,519\n182,170\n전환권조정계정\n(586,675)\n(1,245,992)\n합계\n3,040,844\n3,936,178\n연결회사는 상기 전환사채의 전환권을 금융부채로 분류하였으며, 재무상태표상 파생상품부채로 계상하고 있습니다. 한편, 상기 전환사채의 사채권자는 발행일로부터 1년 이후부터 조기상환청구권을 행사할 수 있어 전액 유동부채로 분류하였습니다.\n19-2 전환사채의 주요 발행조건은 다음과 같습니다.\n구분\n내용\n명칭\n제25회 무기명식 이권부 무보증 사모전환사채\n액면금액\n5,000,000,000원\n발행금액\n5,000,000,000원\n발행일\n2021년 05월 26일\n만기일\n2024년 05월 26일\n표면이자율\n-\n만기이자율\n1.20%\n전환조건 (주1)\n2022년 05월 26일에서 2024년 04월 26일까지 주당 1,583원으로 전환 가능(총 3,158,559주)\n조기상환청구권(풋옵션) (주2)\n채권자는 사채발행후 1년이 되는 날인 2022년 05월 26일부터 만기일 3개월 전인 2024년 02월 26일까지 매 3개월이 되는 날마다 본 사채의 원금에 대해 만기 전 조기상환을 청구할 수 있음\n매도청구권(콜옵션)\n발행회사는 사채발행후 1년이 되는 날인 2022년 05월 26일부터 만기일 3개월 전인 2024년 02월 26일까지 매 3개월이 되는 날마다 본 사채 권면총액 30%에 해당하는 금액의 한도 내에서 발행회사에게 상환하거나, 발행회사가 지정하는 제3자에게 매도하여 줄 것을 청구할 수 있음\n(주1) 연결회사가 시가 이하로 유상증자 등을 하거나 합병, 자본의 감소(감자 및 주식 병합 포함) 등에 의하여 전환가액의 조정이 필요한 경우와 이와 별도로 일정한 방법으로 산출된 주가가 기존 전환가액보다 낮은 경우 전환가액을 조정하게 됩니다. 회사는 상기 전환사채의 전환권으로 지분상품요건(확정수량, 확정금액으로 전환)을 충족하지 못하여 파생상품부채로 계상하였습니다. (주2) 연결회사가 발행된 전환사채를 사채만기일 이전에 약정된 금액으로 사채권자가 사채 만기일 이전에 약정된 금액으로 조기상환을 청구할 수 있는 권리(투자자의 put option)는 전환사채의 최초 발행시점에 파생상품부채로 분리되어 공정가치로 계상되었으며, 이후 보고기간말 현재의 공정가치로 재측정되었습니다.\n19-3 보고기간종료일 현재 파생상품부채의 내역은 다음과 같습니다.\n(단위 : 천원)\n구분\n당분기말\n전기말\n전환권 등\n1,438,271\n2,384,916\n19-4 당분기 중 파생상품부채의 변동내역은 다음과 같습니다.\xa0\n(단위 : 천원)\n구분\n기초\n발생\n전환\n평가손익\n기말\n전환권 등\n2,384,916\n-\n(389,746)\n(556,899)\n1,438,271\n20. 통화선도20-1 보고기간종료일 현재 보고기간종료일 현재 통화선도 구성내역은 다음과 같습니다.\xa0\n(단위 : 천원)\n구분\n당분기말\n전기말\n통화선도자산\n-\n1,750\n20-2 당분기와 전분기 중 통화선도의 변동내역은 다음과 같습니다. <당분기>\n(단위 : 천원)\n구분\n기초\n발생\n전환\n평가손익\n기말\n통화선도자산\n1,750\n-\n-\n(1,750)\n-\n<전분기>\n(단위 : 천원)\n구분\n기초\n발생\n전환\n평가손익\n기말\n통화선도자산\n7,725\n-\n-\n(7,725)\n-\n통화선도부채\n-\n-\n-\n1,270\n1,270\n20-3. 통화선도 계약현황보고기간종료일 현재 연결회사가 금융기관과 체결하고 있는 통화선도의 내역은 없습니다.\n21. 퇴직급여제도연결회사는 종업원을 위하여 확정급여제도 및 확정기여제도를 운영하고 있으며, 확정(퇴직)급여채무의 보험수리적평가는 적격성이 있는 독립적인 보험계리사에 의해 예측단위적립방식을 사용하여 수행되었습니다.\n21-1 보고기간 중 퇴직급여제도와 관련되어 인식된 손익은 다음과 같습니다.\n(단위 : 천원)\n구분\n당분기\n전분기\n확정급여제도:\n- 당기근무원가\n925,695\n996,412\n- 이자원가\n216,363\n212,773\n- 사외적립자산의 기대수익\n-\n(46,211)\n합계\n1,142,058\n1,162,974\n21-2 당분기와 전기 중 퇴직급여부채의 변동은 다음과 같습니다.\n(단위 : 천원)\n구분\n당분기\n전 \xa0기\n퇴직급여부채의 변동:\n\xa0 기초금액\n11,163,167\n10,975,730\n\xa0 당기손익으로 인식하는 총비용\n1,142,058\n1,554,209\n\xa0 보험수리적손익\n-\n(348,034)\n\xa0 사외적립자산 납입액\n-\n-\n\xa0 지급액\n(946,559)\n(1,018,738)\n\xa0 기말금액\n11,358,666\n11,163,167\n재무상태표상 구성항목:\n\u3000\n-\n\xa0 확정급여채무의 현재가치\n14,158,846\n14,133,422\n\xa0 사외적립자산의 공정가치\n(2,800,180)\n(2,970,255)\n합계\n11,358,666\n11,163,167\n21-3 당분기와 전기 중 확정급여채무의 현재가치 변동은 다음과 같습니다.\n(단위 : 천원)\n구분\n당분기\n전기\n기초금액\n14,133,422\n14,098,869\n당기근무원가\n925,695\n1,332,127\n이자원가\n216,363\n283,697\n보험수리적손익\n-\n(389,854)\n지급액\n(1,116,634)\n(1,191,417)\n기말금액\n14,158,846\n14,133,422\n21-4 당분기와 전기 중 사외적립자산의 공정가치 변동은 다음과 같습니다.\n(단위 : 천원)\n구분\n당분기\n전기\n기초금액\n2,970,255\n3,123,138\n사외적립자산 납입액\n-\n-\n사외적립자산의 기대수익\n-\n61,615\n보험수리적손익\n-\n(41,820)\n지급액\n(170,075)\n(172,678)\n기말금액\n2,800,180\n2,970,255\n연결회사는 사외적립자산을 원리금보장 금융상품으로 운용하고 있으며, 당반기와 전기중 사외적립자산에서 발생된 실제 이자수익은 각각 22,469천원과 33,937천원입니다.\n22. 외화자산\n보고기간종료일 현재 각 계정과목에 포함되어 있는 연결회사 중 해외종속회사를 제외한 회사들의 외화표시 자산의 내역은 \xa0다음과 같습니다.\n(단위 : USD, SGD, AUD, HKD, 천원)\n구분\n계정과목\n통화구분\n당분기말\n전기말\n외화금액\n원화환산액\n외화금액\n원화환산액\n외화자산\n현금및현금성자산\nUSD\n4,085,947.15\n5,862,517\n35,860.23\n42,512\nSGD\n-\n-\n-\n-\n매출채권\nUSD\n3,649,332.07\n5,236,062\n5,156,949.18\n6,113,563\nAUD\n-\n-\n438,626.70\n376,732\nHKD\n5,727,042.00\n1,046,789\n-\n-\nSGD\n5,405,354.68\n5,415,733\n1,756,068.00\n1,540,317\n합계\n\u3000\n17,561,101\n\u3000\n8,073,124\n23. 자본금 및 자본잉여금 등23-1 보고기간종료일 현재 자본금 내역은 다음과 같습니다.\n(단위 : 주, 천원)\n구분\n당분기말\n전기말\n보통주\n우선주(주1)\n보통주\n우선주(주1)\n수권주식수\n150,000,000\n150,000,000\n주당금액\n500원\n500원\n500원\n500원\n발행주식수\n71,964,534\n2,621,200\n71,016,967\n2,621,200\n자본금\n35,982,267\n1,310,600\n35,508,484\n1,310,600\n(주1) 우선주는 비참가적, 비누적적, 무기한, 무의결권 주식으로서 보통주에 대한 현금배당시 보통주 배당률에 1%를 가산하여 배당하며, 주식배당시에는 해당되지 않습니다.\n23-2 보고기간종료일 현재 자본잉여금은 다음과 같습니다.\n(단위 : 천원)\n구분\n당분기말\n전기말\n주식발행초과금\n3,565,738\n2,581,713\n자기주식처분이익\n2,182,050\n2,182,050\n기타자본잉여금\n(95,076)\n(95,076)\n합계\n5,652,712\n4,668,687\n23-3 보고기간종료일 현재 기타포괄손익누계액 내역은 다음과 같습니다.\n(단위 : 천원)\n구분\n당분기말\n전기말\n지분법자본변동\n(43,824)\n26,392\n해외사업환산손익\n896,663\n442,474\n합계\n852,839\n468,866\n24. 이익잉여금보고기간종료일 현재 이익잉여금의 내역은 다음과 같습니다.\n(단위 : 천원)\n구분\n당분기말\n전기말\n이익준비금\n106,748\n106,748\n미처분이익잉여금\n48,405,709\n45,581,513\n합계\n48,512,457\n45,688,261\n25. 매출\n25-1 당분기와 전분기 중 수익내역은 다음과 같습니다.\n(단위 : 천원)\n구분\n당분기\n전분기\n고객과의 계약에서 생기는 수익\n415,936,310\n337,951,099\n25-2 당분기와 전분기 중 고객과의 계약에서 생기는 수익의 내역은 다음과 같습니다.\n(단위 : 천원)\n구분\n당분기\n전분기\n제품매출\n331,951,275\n275,009,395\n상품매출\n82,132,562\n61,647,041\n수입가공료\n1,852,473\n1,294,663\n합계\n415,936,310\n337,951,099\n수익인식시기 :\n\u3000\n한 시점에 이행\n415,936,310\n337,951,099\n26. 매출원가당분기와 전분기 중 매출원가의 내역은 다음과 같습니다.\n(단위 : 천원)\n구분\n당분기\n전분기\n제품매출원가\n327,990,173\n272,932,206\n\xa0 기초제품재고액\n8,534,872\n6,612,886\n\xa0 당기제품제조원가\n335,147,111\n280,451,973\n\xa0 타계정대체액\n(277,037)\n(556,195)\n\xa0 기말제품재고액\n(15,414,773)\n(13,576,458)\n상품매출원가\n73,013,640\n53,636,012\n\xa0 기초상품재고액\n9,017,775\n6,820,900\n\xa0 당기상품매입액\n80,242,304\n59,968,665\n\xa0 타계정대체액\n(185,491)\n(373,189)\n\xa0 기말상품재고액\n(16,060,948)\n(12,780,364)\n수입가공료원가\n1,282,081\n634,984\n합계\n402,285,894\n327,203,202\n27. 영업이익 산출에 필요한 주요항목연결회의 당분기와 전분기의 영업이익산출에 필요한 주요항목 중 매출과 매출원가를 제외한 항목의 내역은 다음과 같습니다.\n27-1 판매비와관리비당분기와 전분기 중 판매비와관리비의 내역은 다음과 같습니다.\n(단위 : 천원)\n구분\n당분기\n전분기\n급여\n3,054,510\n3,197,414\n퇴직급여\n364,918\n376,138\n복리후생비\n225,020\n229,187\n임차료\n176,516\n154,873\n접대비\n129,363\n114,780\n감가상각비\n71,363\n72,007\n세금과공과\n98,761\n76,053\n광고선전비\n30,244\n33,702\n대손상각비(환입)\n434,616\n(329,718)\n여비교통비\n71,179\n42,674\n통신비\n39,508\n42,053\n수선비\n382\n38\n보험료\n122,876\n126,614\n운반비\n2,403,747\n1,890,390\n지급수수료\n539,320\n458,915\n소모품비\n23,256\n24,707\n수출제비용\n3,371,926\n1,220,536\n무형자산상각비\n9,586\n9,053\n차량유지비\n132,084\n138,971\n교육훈련비\n9,870\n3,010\n잡비\n1,053\n33,180\n합계\n11,310,098\n7,914,577\n27-2 비용의 성격별 분류당분기와 전분기 중 발생한 매출원가와 판매비와관리비를 성격별로 분류하면 다음과 같습니다.\n(단위 : 천원)\n구분\n당분기\n전분기\n원재료사용\n316,541,019\n264,424,419\n상품매입\n80,242,304\n59,968,665\n재고자산의 변동\n(17,078,352)\n(16,675,045)\n외주가공 및 포장\n10,983,534\n8,563,460\n감가상각 및 무형자산상각\n2,391,231\n2,387,989\n종업원급여\n12,231,519\n11,696,851\n지급수수료\n1,724,107\n1,999,619\n기타\n6,560,631\n2,751,821\n합계\n413,595,992\n335,117,779\n28. 기타손익 \n당분기와 전분기 중 기타손익의 내역은 다음과 같습니다.\n(단위 : 천원)\n구분\n당분기\n전분기\n기타이익\n\xa0 외환차익\n1,521,065\n265,018\n\xa0 외화환산이익\n673,542\n79,392\n\xa0 유형자산처분이익\n43,835\n1,198\n\xa0 잡이익\n13,476\n548,124\n기타이익 계\n2,251,918\n893,732\n기타손실\n\u3000\n-\n\xa0 외환차손\n106,023\n60,053\n\xa0 외화환산손실\n-\n7,746\n\xa0 유형자산처분손실\n-\n-\n\xa0 잡손실\n109,496\n106,167\n기타손실 계\n215,519\n173,966\n29. 금융손익당분기와 전분기 중 금융손익의 내역은 다음과 같습니다.\n(단위 : 천원)\n구분\n당분기\n전분기\n금융수익\n\u3000\n\xa0 이자수익\n259,612\n68,917\n\xa0 통화선도평가이익\n(1,750)\n-\n\xa0 통화선도거래이익\n46,860\n19,330\n\xa0 파생금융자산평가이익\n164,803\n\u3000\n금융수익 계\n469,525\n88,247\n금융비용\n\u3000\n\xa0 이자비용\n1,096,935\n654,231\n\xa0 통화선도거래손실\n87,495\n91,245\n\xa0 통화선도평가손실\n-\n8,995\n\xa0 파생상품평가손실\n(392,096)\n1,917,186\n금융비용 계\n792,334\n2,671,657\n30. 법인세비용법인세비용은 전체회계연도에 대해서 예상되는 최선의 가중평균 연간법인세율의 추정에 기초하여 인식하였습니다.\n31. 주당이익\n31-1 보고기간의 보통주 및 우선주의 기본주당이익은 다음과 같이 계산되었습니다.가. 보통주\n(단위 : 주, 원)\n구분\n당분기\n전분기\n3분기\n누적\n3분기\n누적\n당기순이익\n(544,576,124)\n2,824,196,280\n2,955,097,457\n1,601,503,558\n당기순이익 중 보통주 해당분\n(525,437,840)\n2,724,944,280\n2,849,908,779\n1,544,496,963\n가중평균유통보통주식수\n71,964,534\n71,964,534\n71,016,967\n71,016,967\n기본 보통주 주당이익\n(7)\n38\n40\n22\n나. 우선주\n(단위 : 주, 원)\n구분\n당분기\n전분기\n3분기\n누적\n3분기\n누적\n당기순이익\n(544,576,124)\n2,824,196,280\n2,955,097,457\n1,601,503,558\n당기순이익 중 우선주 해당분\n(19,138,284)\n99,252,000\n105,188,678\n57,006,595\n가중평균유통우선주식수\n2,621,200\n2,621,200\n2,621,200\n2,621,200\n기본 우선주 주당이익\n(7)\n38\n40\xa0\n22\xa0\n우선주는 배당지급시 1% 추가배당하며 보통주에게 배당하지 않을 경우 무배당이며 비누적적이고 잔여재산분배시 보통주와 동일순위인 구형우선주입니다.31-2 당분기 및 전분기의 희석주당순이익은 기본주당순이익과 동일합니다.\n32. 특수관계자 공시32-1 보고기간종료일 현재 연결회사의 특수관계자는 다음과 같습니다.\n구분\n특수관계자명\n최대주주\n갑도물산(주)\n기타\n대원홀딩스(주), 청도DH전선유한공사, 임직원\n32-2 당분기와 전분기 중 특수관계자와의 거래내역은 다음과 같습니다.\n(단위 : 천원)\n특수관계자명\n당분기\n전분기\n매출 및 기타수익\n매입 및 기타비용\n매출 및 기타수익\n매입 및 기타비용\n갑도물산(주)\n-\n192,825\n-\n309,887\n신대원에너지(주)\n-\n-\n2,462\n15,849\n임직원\n-\n244,699\n-\n137,666\n합계\n-\n437,524\n2,462\n463,402\n32-3 보고기간종료일 현재 특수관계자에 대한 채권ㆍ채무내역은 다음과 같습니다.`<당분기말>\n(단위 : 천원)\n특수관계명\n채권\n채무\n보증금\n단기대여금\n미수수익\n미지급금\n미지급비용\n단기차입금\n갑도물산(주)\n205,000\n\u3000\n-\n19,855\n-\n2,000,000\n신대원에너지(주)\n-\n-\n-\n\u3000\n\u3000\n\u3000\n서정석\n-\n\u3000\n-\n-\n65,465\n4,500,000\n합계\n205,000\n-\n-\n19,855\n65,465\n6,500,000\n<전기말>\n(단위 : 천원)\n특수관계명\n채권\n채무\n보증금\n단기대여금\n미수수익\n미지급금\n미지급비용\n단기차입금\n갑도물산(주)\n205,000\n-\n-\n19,855\n11,051\n2,000,000\n신대원에너지(주)\n-\n300,000\n4,603\n4,557\n-\n-\n임직원\n-\n-\n-\n-\n144,505\n16,136,000\n합계\n205,000\n300,000\n4,603\n24,412\n155,556\n18,136,000\n32-4 당분기와 전분기 중 특수관계자에 대한 자금거래내역은 다음과 같습니다.\n(단위 : 천원)\n특수관계자명\n자금대여\n자금회수\n자금차입\n자금상환\n<당분기>\n갑도물산(주)\n-\n-\n7,000,000\n7,000,000\n임직원\n-\n-\n13,536,000\n25,172,000\n합계\n-\n-\n20,536,000\n32,172,000\n<전분기>\n갑도물산(주)\n-\n-\n3,000,000\n17,800,000\n신대원에너지(주)\n300,000\n-\n-\n-\n임직원\n-\n-\n11,400,000\n6,750,000\n합계\n300,000\n-\n14,400,000\n24,550,000\n32-5 보고기간 중 연결회사의 주요 경영진에 대한 보상내역은 다음과 같습니다.\n(단위 : 천원)\n구분\n당분기\n전분기\n급여\n745,738\n698,773\n퇴직급여\n242,902\n212,596\n합계\n988,640\n911,369\n33. 연결회사간의 주요거래33-1 당분기와 전분기 중 연결회사간 주요 거래내역은 다음과 같습니다.\n(단위 : 천원)\n특수관계자명\n당분기\n전분기\n매출 및 기타수익\n매입 및 기타비용\n매출 및 기타수익\n매입 및 기타비용\n위해금원전선유한공사\n\u3000-\n783,231\n-\n761,276\n대명전선(주)\n1,863,900\n129,884,088\n788,897\n103,459,970\n대원에프엠아이(주)\n656,130\n2,642,770\n648,241\n2,874,513\n합계\n2,520,030\n133,310,088\n1,437,138\n107,095,759\n33-2 보고기간종료일 현재 연결회사간 채권채무 내역은 다음과 같습니다.\xa0\n(단위 : 천원)\n특수관계자명\n당분기말\n전기말\n매입채무 등\n매입채무 등\n위해금원전선유한공사\n139,495\n66,446\n대명전선(주)\n25,402,892\n14,376,833\n대원에프엠아이(주)\n107,044\n332,917\n합계\n25,649,431\n14,776,196\n34. 위험관리34-1 자본위험관리연결회사의 자본관리는 계속기업으로서의 존속능력을 유지하는 한편, 자본조달비용을 최소화하여 주주이익을 극대화하는 것을 그 목적으로 하고 있습니다. 연결회사의 경영진은 자본구조를 주기적로 검토하고 있으며, 장ㆍ단기 자금차입 및 유상증자 등을 통하여 최적의 자본구조를 유지하고 있습니다. 연결회사의 전반적인 자본위험 관리정책은 주요 재무비율을 매월 모니터링하여 적절한 재무구조 개선방안을 실행하고있습니다.\n보고기간종료일 현재 연결회사의 부채비율 및 순차입금비율은 다음과 같습니다.\n(단위 : 천원)\n구분\n당분기말\n전기말\n부채(A)\n141,945,964\n152,928,879\n자본(B)\n92,310,875\n87,644,897\n현금및현금성자산 및 유동성금융기관예치금(C)\n15,922,192\n7,014,177\n차입금(D)\n41,838,813\n36,497,920\n부채비율(A/B)\n153.77%\n174.49%\n순차입금비율[(D-C)/B]\n28.08%\n33.64%\n34-2 금융위험관리연결회사는 금융상품과 관련하여 환위험, 유동성위험, 신용위험, 이자율위험과 같은 다양한 금융위험에 노출되어 있습니다. 연결회사의 위험관리는 연결회사의 재무적 성과에 영향을 미치는 잠재적 위험을 식별하여 연결회사가 허용가능한 수준으로 감소, 제거 및 회피하는것을 그 목적으로 하고 있습니다. 연결회사는 전사적인 수준의 위험관리 정책 및 절차를 마련하여 운영하고 있으며, 내부감사인은 위험관리 정책 및절차의 준수 여부와 위험노출 한도를 지속적으로 검토하고 있습니다. 연결회사의 전반적인 금융위험 관리 전략은 전기와 동일합니다. \n가. 환위험 관리연결회사 제품 수출 거래 등과 관련하여 주로 USD, AUD 및 SGD등의 환율변동위험에노출되어 있습니다. 외환위험은 주로 미래 예상거래, 인식된 자산과 부채의 환율변동과 관련하여 발생하고 있습니다.보고기간종료일 현재 모든 다른 변수가 일정하고 각 외화에 대한 연결회사 중 해외종속회사를 제외한 회사들의 주요 통화별로기능통화의 환율이 10% 변동시 환율변동이 당기손익에 미치는 영향은 다음과 같습니다.\n(단위 : 천원)\n구분\n당분기\n전분기\n10% 상승시\n10% 하락시\n10% 상승시\n10% 하락시\nUSD\n1,109,858\n(1,109,858)\n538,667\n(538,667)\nHKD\n104,679\n(104,679)\n-\n-\nSGD\n541,573\n(541,573)\n353,180\n(353,180)\n합계\n1,756,110\n(1,756,110)\n891,847\n(891,847)\n나. 유동성위험 관리연결회사는 유동성위험을 관리하기 위하여 단기 및 중장기 자금관리계획을 수립하고현금유출예산과 실제현금유출액을 지속적으로 분석, 검토하여 금융부채와 금융자산의 만기구조를 대응시키고 있습니다. 연결회사의 경영진은 영업활동현금흐름과 금융자산의 현금유입으로 금융부채를 상환가능하다고 판단하고 있습니다. 한편, 연결회사는 일시적으로 발생할 수 있는 유동성위험을 관리하기 위하여 우리은행 등과 당좌차월약정과 상업어음할인약정 및 기업어음할인약정을 체결하고 있습니다.보고기간종료일 현재 금융부채의 만기별 내역은 다음과 같습니다.<당분기말>\n(단위 : 천원)\n구분\n6개월이내\n6개월~1년이내\n1년~3년이내\n합계\n매입채무및기타채무\n83,470,334\n-\n-\n83,470,334\n단기차입금\n16,538,158\n22,100,655\n-\n38,638,813\n유동성장기부채\n1,100,000\n600,000\n-\n1,700,000\n장기차입금\n-\n-\n1,500,000\n1,500,000\n전환사채\n3,040,844\n-\n-\n3,040,844\n파생상품부채\n1,438,271\n-\n-\n1,438,271\n금융리스부채\n10,433\n9,243\n25,173\n44,849\n기타비유동부채\n-\n-\n107,515\n107,515\n합계\n105,598,040\n22,709,898\n1,632,688\n129,940,626\n<전기말>\n(단위 : 천원)\n구분\n6개월 이내\n6개월 ~ 1년이내\n1년 ~ 3년 이내\n합계\n매입채무및기타채무\n95,655,684\n-\n-\n95,655,684\n단기차입금\n5,236,000\n29,261,920\n-\n34,497,920\n유동성장기부채\n1,000,000\n1,000,000\n-\n2,000,000\n전환사채\n-\n5,182,170\n-\n5,182,170\n파생상품부채\n-\n2,384,916\n-\n2,384,916\n금융리스부채\n9,498\n9,184\n20,086\n38,768\n기타비유동부채\n-\n-\n99,581\n99,581\n합계\n101,901,182\n37,838,190\n119,667\n139,859,039\n다. 신용위험 관리연결회사는 신용위험을 관리하기 위하여 금융자산의 신용보강을 위한 정책과 절차를마련하여 운영하고 있습니다. 또한, 회수가 지연되는 금융자산에 대하여는 회수지연 현황 및 회수대책이 보고되고 있으며 지연사유에 따라 적절한 조치를 취하고 있습니다.보고기간종료일 현재 연결회사의 대손위험에 대한 최대노출정도는 다음과 같습니다.\n(단위 : 천원)\n구분\n당분기말\n전기말\n매출채권및기타채권\n\xa0 매출채권\n122,458,322\n148,099,783\n\xa0 미수금\n1,603,592\n7,831,430\n\xa0 단기대여금\n-\n300,000\n\xa0 예치보증금\n249,855\n231,057\n합계\n124,311,769\n156,462,270\n기타비유동자산\n-\n-\n\xa0 보증금\n694,301\n660,076\n라. 이자율위험 관리연결회사는 이자부부채를 통해 자금을 조달하고 있는 상황이기 때문에 이자율위험에노출되어 있으며, 연결회사의 경영진은 시장 이자율의 변동으로 인하여 금융상품 공정가치 또는 미래현금흐름이 변동할 위험을 정기적으로 측정하여 고정이자율 차입금과 변동이자율 차입금의 적절한 균형을 유지하고 있습니다. 한편 보고기간종료일 현재 연결회사의 이자부 부채의 규모를 고려할때 이자율 변동이 미래현금 흐름에 미치는 영향은 중요하지 아니합니다.\n변동금리부 금융상품에 대해 모든 다른 변수가 일정하고 이자율 1% 변동시 민감도 분석내용은 다음과 같습니다.\n(단위 : 천원)\n구분\n당분기\n전분기\n100 bp 상승시\n100 bp 하락시\n100 bp 상승시\n100 bp 하락시\n이자수익(A)\n159,090\n(159,090)\n62,988\n(62,988)\n이자비용(B)\n(162,805)\n162,805\n(206,301)\n206,301\n차 액(A-B)\n321,895\n(321,895)\n269,289\n(269,289)\n마. 가격위험관리연결회사의 자산 중 시장가격 변동위험에 노출되어 있는 중요한 자산은 없습니다.\n34-3 공정가치연결회사는 재무상태표에 공정가치로 측정되는 금융상품에 대하여 공정가치측정에 사용된 투입변수에 따라 다음과 같은 공정가치 서열체계로 분류하였습니다.\n구분\n투입변수의 유의성\n수준 1\n측정일에 동일한 자산이나 부채에 대한 접근 가능한 활성시장의 (조정되지 않은) 공시가격\n수준 2\n수준 1의 공시가격 이외에 자산이나 부채에 대해 직접적으로 또는 간접적으로관측가능한 투입변수\n수준 3\n관측가능한 시장자료에 기초하지 않은, 자산이나 부채에 대한 투입변수(관측가능하지 않은 투입변수)\n보고기간종료일 현재 공정가치로 측정되거나 공정가치가 공시되는 자산과 부채의 공정가치 서열체계 구분은 다음과 같습니다.<당분기말>\n(단위 : 천원)\n구분\n수준1\n수준2\n수준3\n합계\n금융자산\n기타포괄손익-공정가치금융자산\n-\n-\n25,200\n25,200\n\xa0파생상품자산\n-\n-\n-\n-\n합계\n-\n-\n25,200\n25,200\n금융부채\n\xa0파생상품부채\n-\n-\n1,438,271\n1,438,271\n합계\n-\n-\n1,438,271\n1,438,271\n<전기말>\n(단위 : 천원)\n구분\n수준1\n수준2\n수준3\n합계\n금융자산\n기타포괄손익-공정가치금융자산\n-\n-\n25,200\n25,200\n\xa0파생상품자산\n-\n1,750\n-\n1,750\n합계\n-\n1,750\n25,200\n26,950\n금융부채\n\xa0파생상품부채\n-\n-\n2,384,916\n2,384,916\n합계\n-\n-\n2,384,916\n2,384,916\n연결회사는 공정가치 서열체계에서 수준2으로 분류되는 금융상품에 대하여 다음의 가치평가기법과 투입변수를 사용하고 있습니다. \n<당분기말>\n(단위 : 천원)\n구분\n공정가치\n수준\n가치평가기법\n유의적이지만 관측가능하지 않은 투입변수\n유의적이지만 관측 가능하지 않은 투입변수 범위\n파생상품자산\n\xa0통화선도\n-\n2\n시장접근법\n환율\n-\n<전기말>\n(단위 : 천원)\n구분\n공정가치\n수준\n가치평가기법\n유의적이지만 관측가능하지 않은 투입변수\n유의적이지만 관측 가능하지 않은 투입변수 범위\n파생상품자산\n\xa0통화선도\n1,750\n2\n시장접근법\n환율\n-\n연결회사는 공정가치 서열체계에서 수준3으로 분류되는 금융상품에 대하여 다음의 가치평가기법과 투입변수를 사용하고 있습니다. \n<당분기말>\n(단위 : 천원)\n구분\n공정가치\n수준\n가치평가기법\n유의적이지만 관측가능하지 않은 투입변수\n유의적이지만 관측 가능하지 않은 투입변수 범위\n기타포괄손익-공정가치금융자산\n\xa0출자금\n25,200\n3\n원가측정\n-\n-\n파생상품부채\n\xa0전환권 등\n1,438,271\n3\n이항모형\n할인율\n9.534%\n변동성\n61.594%\n<전기말>\n(단위 : 천원)\n구분\n공정가치\n수준\n가치평가기법\n유의적이지만 관측가능하지 않은 투입변수\n유의적이지만 관측 가능하지 않은 투입변수 범위\n기타포괄손익-공정가치금융자산\n\xa0출자금\n25,200\n3\n원가측정\n-\n-\n파생상품부채\n\xa0전환권 등\n2,384,916\n3\n이항모형\n할인율\n9.534%\n변동성\n61.594%\n35. 금융상품의 범주별 금액과 손익35-1 보고기간종료일 현재 연결회사의 금융자산 범주별 내역은 다음과 같습니다.<당분기말>\n\xa0 \xa0(단위: 천원)\n구분\n상각후원가\n당기손익-공정가치 측정\n기타포괄손익-공정가치 측정\n합계\n금융자산:\n\u3000\n\u3000\n\u3000\n\u3000\n\xa0 현금및현금성자산\n8,357,960\n-\n-\n8,357,960\n\xa0 단기금융상품\n7,564,231\n-\n-\n7,564,231\n\xa0 매출채권및기타채권\n124,311,769\n-\n-\n124,311,769\n\xa0 장기금융상품\n10,000\n-\n-\n10,000\n\xa0 기타포괄손익-공정가치금융자산\n-\n-\n25,200\n25,200\n\xa0 파생상품자산\n-\n-\n-\n-\n\xa0 기타비유동자산\n694,301\n-\n-\n694,301\n합계\n140,938,261\n-\n25,200\n140,963,461\n금융부채:\n\xa0 매입채무및기타채무\n83,470,334\n-\n-\n83,470,334\n\xa0 단기차입금\n38,638,813\n-\n-\n38,638,813\n\xa0 유동성장기부채\n1,700,000\n-\n-\n1,700,000\n\xa0 장기차입금\n1,500,000\n-\n-\n1,500,000\n\xa0 파생상품부채\n-\n1,438,271\n\u3000\n1,438,271\n\xa0 금융리스부채\n44,849\n-\n-\n44,849\n\xa0 기타비유동부채\n107,516\n-\n-\n107,516\n합계\n125,461,512\n1,438,271\n-\n126,899,783\n<전기말>\n\xa0 \xa0(단위: 천원)\n구분\n상각후원가\n당기손익-공정가치 측정\n기타포괄손익-공정가치 측정\n합계\n금융자산:\n\xa0 현금및현금성자산\n1,199,073\n-\n-\n1,199,073\n\xa0 단기금융상품\n5,815,104\n-\n-\n5,815,104\n\xa0 매출채권및기타채권\n156,462,270\n-\n-\n156,462,270\n\xa0 장기금융상품\n10,000\n-\n-\n10,000\n\xa0 기타포괄손익-공정가치금융자산\n-\n-\n25,200\n25,200\n\xa0 파생상품자산\n-\n1,750\n-\n1,750\n\xa0 기타비유동자산\n651,704\n-\n-\n651,704\n합계\n164,138,151\n1,750\n25,200\n164,165,101\n금융부채:\n\u3000\n\u3000\n\u3000\n\u3000\n\xa0 매입채무및기타채무\n95,655,684\n-\n-\n95,655,684\n\xa0 단기차입금\n34,497,920\n-\n-\n34,497,920\n\xa0 유동성장기부채\n2,000,000\n-\n-\n2,000,000\n\xa0 장기차입금\n-\n-\n-\n-\n\xa0 파생상품부채\n-\n2,384,916\n\u3000\n2,384,916\n\xa0 금융리스부채\n38,768\n-\n-\n38,768\n\xa0 기타비유동부채\n99,581\n-\n-\n99,581\n합계\n132,291,953\n2,384,916\n-\n134,676,869\n35-2 당분기와 전분기 중 금융상품 범주별 손익내역은 다음과 같습니다.\n<당분기>\n\xa0 \xa0(단위: 천원)\n구분\n상각후원가\n당기손익-공정가치 측정\n기타포괄손익-공정가치 측정\n합계\n금융수익:\n\xa0 이자수익\n259,612\n-\n-\n259,612\n\xa0 통화선도평가이익\n-\n(1,750)\n-\n(1,750)\n\xa0 통화선도거래이익\n-\n46,860\n-\n46,860\n\xa0파생금융자산평가이익\n-\n164,803\n-\n164,803\n합계\n259,612\n209,913\n-\n469,525\n금융비용:\n\u3000\n\u3000\n\u3000\n\u3000\n\xa0 이자비용\n1,096,935\n-\n-\n1,096,935\n\xa0 통화선도평가손실\n-\n-\n-\n-\n\xa0 통화선도거래손실\n-\n87,495\n-\n87,495\n\xa0 파생상품평가손실\n-\n(392,096)\n-\n(392,096)\n합계\n1,096,935\n(304,601)\n-\n792,334\n<전분기>\n\xa0 \xa0(단위: 천원)\n구분\n상각후원가\n당기손익-공정가치 측정\n기타포괄손익-공정가치 측정\n합계\n금융수익:\n\xa0 이자수익\n68,917\n-\n-\n68,917\n\xa0 통화선도평가이익\n-\n-\n-\n-\n\xa0 통화선도거래이익\n-\n19,330\n-\n19,330\n합계\n68,917\n19,330\n-\n88,247\n금융비용:\n\u3000\n\u3000\n\u3000\n\u3000\n\xa0 이자비용\n654,232\n-\n-\n654,232\n\xa0 통화선도거래손실\n-\n8,995\n\u3000\n8,995\n\xa0 통화선도평가손실\n-\n91,245\n-\n91,245\n\xa0 파생상품평가손실\n\u3000\n1,917,186\n\u3000\n1,917,186\n합계\n654,232\n2,017,426\n-\n2,671,658\n36. 약정사항 등\n36-1 보고기간종료일 현재 연결회사의 장단기차입금 등과 관련하여 타인으로부터 제공받은 보증의 내용은 다음과 같습니다.\n\xa0 \xa0(단위 : EUR, 천원)\n보증인\n당사와의관계\n보증내용\n보증금액\n채권자\n서울보증보험(주)\n-\n이행ㆍ하자보증\n11,801,621\n거래처\n중소기업중앙회\n-\n이행ㆍ하자보증\n1,606,926\n거래처\n갑도물산(주)\n\u3000특수관계자\n\u3000단기차입금 등\n34,140,000\n우리은행\n4,200,000\nKEB하나은행\nEUR 217,200.00\n우리은행\n3,600,000\n신한은행\n서명환\n대표이사\n단기차입금 등\n12,000,000\n우리은행\n6,820,000\nKB국민은행\n2,400,000\n신한은행\n12,000,000\n기업은행\n3,600,000\n수출입은행\n12,000,000\nKEB하나은행\nEUR 0.00\n우리은행\n합계\n104,168,547\n\u3000\nEUR 217,200.00\n36-2 보고기간종료일 현재 차입 및 어음할인 등과 관련하여 금융기관과 체결한 약정한도액은 다음과 같습니다.\n\xa0(단위 : USD, EUR, HKD, 천원)\n금융기관 명\n내 \xa0 \xa0용\n약정한도액\n우리은행\n상업어음할인\n9,745,000\xa0\n소매금융대출\n11,740,000\xa0\n일반자금대출\n2,000,000\xa0\n일반자금대출\n2,000,000\xa0\n매출채권담보대출\n12,400,000\xa0\n외화지급보증\nHKD 2,000,000.00\xa0\n외화지급보증\nEUR 181,000.00\xa0\n파생상품\nUSD 1,940,000.00\xa0\nKEB하나은행\n운전자금대출\n500,000\xa0\n운전자금대출\n3,000,000\xa0\n매출채권담보대출\n10,000,000\xa0\n전자채권할인\n3,000,000\xa0\nKB국민은행\n매출채권담보대출\n3,000,000\xa0\n일반자금대출\n2,700,000\xa0\n일반자금대출\n500,000\xa0\n신한은행\n종합대출\n3,000,000\xa0\n일반자금대출\n-\xa0\n매출채권담보대출\n2,000,000\xa0\n파생상품\n-\xa0\n기업은행\n매출채권담보대출\n20,000,000\xa0\n전자채권할인\n10,000,000\xa0\n수출입은행\n수출성장자금\n3,000,000\xa0\n산업은행\n운영자금단기대출\n2,000,000\xa0\n한국시티은행\n파생금융한도\nUSD 0.00\xa0\n합계\n100,585,000\nHKD 2,000,000.00\xa0\nEUR 181,000.00\xa0\nUSD 1,940,000.00\xa0\n36-3 소송내역보고기간종료일 현재 당사가 피고로 계류중인 소송사건은 다음과 같습니다.\n\xa0 \xa0(단위: 천원)\n원고\n계류법원\n소송금액\n소송내용\n비고\n조선영\n서울지방중앙볍원\n232,364\n손해배상(산)\n피고 : 대원전선㈜\n37. 영업부문37-1 부문별 내역연결회사는 영업부문을 전선 및 전기통신자재의 제조와 판매부문과 중국부문으로 세분할 수 있습니다. 중국부문은 전체 매출액에서 차지하는 비중이 3% 미만입니다. 이에 따라 단일화된 매출, 매출원가, 영업손익, 자산부채 등을 측정 및 공시하고 있습니다.\n37-2 주요 고객에 대한 의존도당분기와 전분기 중 단일 외부 고객으로부터 수익이 연결회사 총 수익의 10% 이상인주요고객은 없습니다.\n38. 현금흐름표38-1 영업에서 창출된 현금흐름보고기간 중 영업에서 창출된 현금흐름의 내역은 \xa0다음과 같습니다.\n(단위: 천원)\n구분\n당분기\n전분기\n법인세비용차감전순이익\n4,053,908\n1,058,045\n조정 :\n\xa0 이자수익\n(259,612)\n(68,917)\n\xa0 이자비용\n803,151\n627,794\n\xa0 퇴직급여\n1,142,058\n1,162,974\n\xa0 감가상각비\n2,412,865\n2,406,045\n\xa0 무형자산상각비\n9,586\n9,053\n\xa0 대손상각비\n434,616\n(329,718)\n\xa0 통화선도평가이익\n1,750\n-\n\xa0 외화환산손실\n-\n7,746\n\xa0 외화환산이익\n(673,542)\n(79,392)\n\xa0 통화선도평가손실\n-\n8,995\n\xa0 파생상품평가손실\n(392,096)\n1,917,186\n\xa0 파생상품자산평가이익\n(164,803)\n-\n\xa0 유형자산처분이익\n(43,834)\n(1,198)\n\xa0 유형자산처분손실\n-\n-\n\xa0 관계기업투자이익\n-\n-\n\xa0 관계기업투자손실\n-\n(88,369)\n\xa0 소계\n3,270,139\n5,572,199\n영업활동으로인한자산부채의변동\n\xa0 매출채권\n25,901,818\n(21,495,487)\n\xa0 미수금\n6,229,741\n(1,398,149)\n\xa0 선급비용\n(90,000)\n9,700\n\xa0 예치보증금\n(18,798)\n(2,788)\n\xa0 선급금\n29,576\n25,872\n\xa0 재고자산\n(16,984,519)\n(16,837,282)\n\xa0 장기미지급금\n(149,525)\n6,961\n\xa0 매입채무\n(11,695,338)\n27,240,154\n\xa0 미지급금\n(429,683)\n(1,323,650)\n\xa0 선수금\n(2,771,581)\n(182,317)\n\xa0 예수금\n(19,866)\n(15,676)\n\xa0 미지급비용\n(124,351)\n(90,636)\n\xa0 퇴직금의 지급\n(1,116,635)\n(752,224)\n\xa0 사외적립자산\n170,075\n131,830\n\xa0 단기채권(증가)\n-\n-\n소계\n(1,069,086)\n(14,683,392)\n영업활동으로부터 창출된 현금\n6,254,961\n(8,053,447)\n38-2 현금의 유출입이 없는 거래당분기와 전분기 중 현금의 유입과 유출이 없는 거래내역은 다음과 같습니다.\n(단위: 천원)\n구분\n당분기\n전분기\n유형자산의 투자부동산 대체\n-\n782,057\n건설중인자산의 본계정 대체\n374,945\n1,219,391\n매출채권의 제각\n2,503,200\n2,453,920\n장기차입금의 유동성대체\n1,200,000\n1,500,000\n']"
