text
"[""\nII. 사업의 내용\n1. 사업의 개요\n 연결회사는 탄산가스를 공급받아 고순도의 액체탄산과 드라이아이스의 제조 공급,기화기 및 혼합가스의 제조 공급, 질소, 산소, 에틸렌 등의 일반가스 상품을 판매하는가스사업부문과 수산화마그네슘, 액상소석회를 제조 공급하는 환경사업부문의 사업을 영위하고 있습니다.가. 사업부문별 현황(1) 가스사업부문[액체탄산 및 드라이아이스 제조부문]\xa0\xa0 (산업의 특성) 대규모 석유화학공장과 정유사에서 발생되는 탄산가스를 공급받아, 고순도의 액체탄산을 제조 공급하는 사업으로 주로 맥주, 탄산음료등 음료용을 비롯하여 조선용접, 냉매제, 산화방지제등의 공업용 용도로 사용되고 있습니다. 드라이아이스는 빙과 등의 보냉용과 이벤트 효과용 등으로 사용되고 있습니다.\xa0\xa0 (산업의 성장성) 액체탄산 수요는 조선용접 분야 등의 불황으로 인한 감소 추세로 전체적인 시장규모가 정체상황을 보이고 있으며, 향후로도 비슷한 수준이 유지될 것으로 보입니다. 드라이아이스 수요는 최근 온라인 새벽 배송과 택배 시장의 성장으로 수요가 증가하고 있습니다. 이러한 상황에 발맞추어 신규 수요처 개발 및 제품 활용성의 다변화를 통한 시장개척 노력을 수행하고 있습니다.\xa0\xa0 (경기변동의 특성) 경기활황시에 전반적인 매출증가세가 나타나며, 조선경기 및 드라이아이스 수요의 변동에 따라 영향을 많이 받는 특성이 있습니다.\xa0\xa0 (계절적 특성) 하절기에 음료 및 빙과 부문에서의 추가수요로 인한 특수 발생과 기온이 상승할 경우 수요가 증대하는 등의 계절적인 특성을 가지고 있습니다.\xa0\xa0 (회사의 경쟁우위요소) 동업계 타사가 단일원료공급처에 의한 단일공장을 운영하는 것에 비하여 당사는 복수 원료공급처에 의한 다수의 공장을 운영중에 있어 안정적공급을 할 수 있는 기반을 확보하고 있습니다. 또한 원료공급원의 확보 등의 진입장벽이 존재함에 따라 당사를 비롯하여 소수의 업체가 참여하고 있으며 시장에서의 주된 경쟁요인은 안정적인 공급능력 확보여부 및 가격이라고 할 수 있습니다.[기타 제품 제조부문]당사의 종속회사인 태경가스기술(주)(舊동신에너텍(주))는 각종 산업용 고압가스 및 특수가스, 혼합가스등의 제조, 판매 및\xa0 20M3, 50M3, 100M3, 100M3, 1,000M3 2,500M3등 다양한 용량의 저압, 고압기화기를 제작 판매 사업을 영위하고 있습니다.[일반가스外(상품) 판매부문]\xa0 당사에서 판매하고 있는 일반가스(상품)는 에틸렌, 산소, 질소, 알곤 등이 있습니다.\xa0 에틸렌은 염화비닐, 폴리에틸렌, 아세트산 등의 유화제품등의 원료로 사용되는 일반적인 용도 이외에 조선등 산업분야의 철강 절단 및 용접용 가스로도 사용되고 있습니다.\xa0 산소는 제철, 제강, 금속정련 등 용접, 절단, 화학제품의 제조, 폐수의 처리, 펄프표백, 호흡용 의료기기 및 항공기용, 유리제조, 반도체 소재의 산화, 석탄의 가스화, 로켓트 연료의 산화등 여러분야에 사용되고 있습니다.\xa0 질소는 철강, 금속, 반도체, 전자, 화학, 의약품 등의 제조공정과 각종금속 열처리, 화학플랜트, 배관, 탱크 등의 퍼지 가스, 식품의 급속냉동, 가공보존, 디플레싱용, 고가용제 회수용, 폐기물의 저온분쇄, 재생, 질화물의 원료, 초전도체, 유전공학 연구 등의 여러분야에 사용되고 있습니다.\xa0 알곤은 질소, 산소와 더불어 공기의 3대 성분중 하나로 알미늄, 스텐레스등 비철금속 용접의 Shielding Gas, 실리콘 단결정, 반도체, 탄소섬유 등의 제조, 전구봉입용, 금속의 발광분석용, 특수강 제조, 철강의 연속주조, 분말금속의 제조, 프리즈마 가스절단등의 분야에 사용되고 있습니다.(2) 환경사업 부문[수산화마그네슘 및 액상소석회]\xa0 (산업의 특성 및 성장성) 수산화마그네슘의 주용도는 배연 탈황용과 폐수처리 정화용으로 사용되고 있습니다. 이중 폐수처리 정화용으로는 주로 가성소다를 사용하고 있으나 가격 및 환경관련법의 강화등으로 대체 기능소재를 찾고 있으며, 수산화마그네슘이 대체 제품으로 주목받고 있습니다. 액상소석회 또한\xa0 폐수처리정화용으로 주로 사용되고 있어 수산화마그네슘과 함께 환경오염방지에 필수적인 제품입니다.\xa0\xa0 (경기변동의 특성) 수산화마그네슘과 액상소석회는 공장 가동중에 발생하는 환경오염물질을 정화하는 제품으로서 경기변동에 크게 영향을 받지 않으며, 두 제품의 원료는 매장량이 많은 지하자원으로서 원료의 공급과 가격이 안정적입니다.\xa0\xa0 (회사의 경쟁우위요소) 당사의 환경사업부문이 위치한 여수산업단지 및 인근지역에는 당사의 제품수요처가 산재되어 있어 지역적으로 수요처에 근접하고 있다는 이점등으로 원가측면에서 유리합니다.\xa0 수산화마그네슘의 경우 MgO를 원료로 생산되며, 액상소석회(수산화칼슘)는 강알칼리성을 갖는 제품으로 석회석을 소성한 생석회로 생산됩니다. 두 제품 모두 배연탈황제, 폐수처리 정화제로 같은 용도로 사용되어지나 사용자의\xa0 환경오염원 종류와 사용후 처리 방식에 따라 다르게 구분 사용되어집니다.나. 사업부문별 주요 재무정보\xa0 연결회사는 크게 가스사업부문과 환경사업부문으로 구분할 수 있습니다. 자세한 내용은 '5. 매출에 관한 사항의 가. 매출실적'을 참조하시기 바랍니다.\n2. 주요 제품 및 서비스\n가. 주요 제품등의 현황\xa0\xa0 연결회사의 주요 매출은 생산 및 매출형태에 따라 가스사업부문과 환경사업부문으로 크게 구분할 수 있습니다. 공시대상기간 동안 사업부문별에 따른 매출은 다음과 같습니다.\xa0\xa0 \xa0 \xa0 \xa0 \xa0 \xa0 \xa0 \xa0 \xa0 \xa0 \xa0 \xa0 \xa0 \xa0 \xa0 \xa0 \xa0 \xa0 \xa0 \xa0 \xa0 \xa0 \xa0 \xa0 \xa0 \xa0 \xa0 \xa0 \xa0 \xa0 \xa0 \xa0 \xa0 \xa0 \xa0 \xa0 \xa0 \xa0 \xa0 \xa0 \xa0 \xa0 \xa0 \xa0 \xa0 \xa0 \xa0 \xa0 \xa0 \xa0 \xa0 (단위:천원,%)\n구\xa0 \xa0 \xa0 분\n제52기 반기\n제51기 반기\n제51기\n50기\n금액\n비율\n금액\n비율\n금액\n비율\n금액\n비율\n탄산가스사업부문\n탄산가스류\n18,699,027\n70.9\n15,190,395\n64.9\n31,802,466\n67.6\n25,002,646\n59.8\n일반가스外\n5,068,017\n19.2\n5,542,339\n23.7\n10,065,835\n21.4\n11,176,304\n26.7\n기타제품\n626,261\n2.4\n845,923\n3.6\n1,654,326\n3.5\n1,675,684\n4.0\n(상품)기타\n1,938,341\n7.4\n1,947,062\n8.4\n3,522,689\n7.5\n3,539,207\n8.5\n내부거래 및 연결조정\n(1,669,076)\n(6.3)\n(2,006,592)\n(8.6)\n\xa0(3,666,767)\n\xa0(7.8)\n\xa0(3,873,739)\n\xa0(9.3)\n소\xa0 \xa0 계\n24,662,570\n93.60\n21,519,127\n92\n43,378,549\n92.20\n37,520,102\n89.70\n환경사업부문\n수산화마그네슘\n1,582,671\n6.0\n1,744,802\n7.4\n3,380,069\n7.2\n4,074,673\n9.7\n액상소석회\n3,548\n-\n21,529\n0.1\n22,464\n-\n28,605\n0.1\n(상품)기타\n118,242\n0.4\n111,756\n0.5\n279,456\n0.6\n208,723\n0.5\n소\xa0 \xa0 계\n1,704,461\n6.40\n1,878,087\n8\n3,681,989\n7.80\n4,312,001\n10.30\n합\xa0 \xa0 계\n26,367,031\n100.0\n23,397,214\n100.0\n47,060,538\n100.0\n41,832,103\n100.0\n나. 주요 제품,상품의 가격변동 추이\xa0 \xa0 \xa0 \xa0 \xa0 \xa0 \xa0 \xa0 \xa0 \xa0 \xa0 \xa0 \xa0 \xa0 \xa0 \xa0 \xa0 \xa0 \xa0 \xa0 \xa0 \xa0 \xa0 \xa0 \xa0 \xa0 \xa0 \xa0 \xa0 \xa0 \xa0 \xa0 \xa0 \xa0 \xa0 \xa0 \xa0 \xa0 \xa0 \xa0 \xa0 \xa0 \xa0 \xa0 \xa0 \xa0 \xa0 \xa0 \xa0 \xa0 \xa0 \xa0 \xa0\xa0 (단위:원)\n품 목\n제 52 기 반기\n제 51 기\n제 50 기\n탄산가스(제품, 상품)\n283\n243\n186\n수산화마그네슘(제품,상품)\n101\n99\n95\n액상소석회(제품,상품)\n38\n34\n42\n상기의 가격은 품목별 제품, 상품의 Kg당 판매가격의 단순 산술평균가격입니다.\n3. 원재료 및 생산설비\n1. 원재료\n가. 주요 원재료등 매입현황\xa0 \xa0 \xa0 \xa0 \xa0 \xa0 \xa0 \xa0 \xa0 \xa0 \xa0 \xa0 \xa0 \xa0 \xa0 \xa0 \xa0 \xa0 \xa0 \xa0 \xa0 \xa0 \xa0 \xa0 \xa0 \xa0 \xa0 \xa0\xa0 \xa0 \xa0 \xa0 \xa0 \xa0 \xa0 \xa0 \xa0 \xa0 \xa0 \xa0 \xa0 \xa0 \xa0 \xa0 \xa0 \xa0 \xa0 \xa0 \xa0 \xa0 \xa0 \xa0 \xa0 \xa0 \xa0 \xa0 \xa0 \xa0 \xa0 \xa0 \xa0 \xa0 \xa0 \xa0 \xa0 \xa0 \xa0 \xa0 \xa0 \xa0 \xa0 \xa0 \xa0 \xa0 \xa0 \xa0 \xa0 \xa0\xa0 (단위:천원,%)\n구분\n제52기 반기\n제51기 반기\n제51기\n50기\n금액\n비율\n금액\n비율\n금액\n비율\n금액\n비율\n탄산가스사업부문\n탄산가스\n1,888,146\n21.6\n1,907,853\n21.0\n3,564,727\n20.8\n3,507,134\n19.0\n일반가스外\n5,825,046\n66.6\n6,400,039\n70.0\n11,691,665\n68.3\n13,081,493\n70.7\n기타\n1,889,394\n21.6\n1,933,082\n21.2\n3,548,568\n20.7\n3,701,103\n20.0\n내부거래 및 연결조정\n(1,669,076)\n(19.1)\n(2,006,592)\n(22.0)\n\xa0(3,666,767)\n\xa0(21.4)\n\xa0(3,873,739)\n\xa0(20.9)\n소\xa0 계\n7,933,510\n90.70\n8,234,382\n90.20\n15,138,193\n88.40\n16,415,991\n88.80\n환경사업부문\nMg(OH)2파우더外\n735,770\n8.4\n818,900\n8.9\n1,810,174\n10.6\n1,930,837\n10.4\n생석회괴\n1,633\n-\n11,270\n0.1\n11,682\n0.1\n7,629\n\xa0 \xa0 \xa0 \xa0 \xa0 -\n기타상품\n79,771\n0.9\n75,484\n0.8\n152,227\n0.9\n142,387\n0.8\n소\xa0 계\n817,174\n9.30\n905,654\n9.80\n1,974,083\n11.60\n2,080,853\n11.20\n합\xa0 \xa0 계\n8,750,684\n100\n9,140,036\n100\n17,112,276\n100\n18,496,844\n100\n나. 주요 원재료의 가격변동 추이\xa0 \xa0 \xa0 \xa0 \xa0 \xa0 \xa0 \xa0 \xa0 \xa0 \xa0 \xa0 \xa0 \xa0 \xa0 \xa0 \xa0 \xa0 \xa0 \xa0 \xa0 \xa0 \xa0 \xa0 \xa0 \xa0 \xa0 \xa0 \xa0 \xa0 \xa0 \xa0 \xa0 \xa0 \xa0 \xa0 \xa0 \xa0 \xa0 \xa0 \xa0 \xa0 \xa0 \xa0 \xa0 \xa0 \xa0 \xa0 \xa0 \xa0 \xa0 \xa0 \xa0\xa0 (단위:원)\n원재료\n제 52 기 반기\n제 51 기\n제 50 기\n주요구매처\n탄산가스\n26\n26\n28\n한화토탈(주)外\nMg(OH)2파우더外\n320\n232\n249\n(주)얼라이브텍外\n상기의 가격은\xa0 품목별 Kg당 매입가격의 단순 산술평균가격입니다.\n2. 생산설비\n가. 생산능력 및 생산능력의 산출근거\xa0 연결회사의 생산능력은 다음과 같습니다.\n구분\n생산품목\n일일최대생산능력\n비고\n품목별일일최대생산능력합계\n액체탄산\n755톤\n-\n드라이아이스\n306톤\n-\n수산화마그네슘\n336톤\n-\n액상소석회\n600톤\n-\n기화기外\n660NM3\n-\n\xa0 생산능력 산출기준은 '품목별 일일최대생산능력 × 165일'의 방법으로 산출되었습니다. 산출기준 165일은 당반기까지의 총일수 중 정비기간이 제외된 일수입니다. 생산능력 세부내역은 다음와 같습니다.\xa0 \xa0 \xa0\xa0 \xa0 \xa0 \xa0 \xa0 \xa0 \xa0 \xa0 \xa0 \xa0 \xa0 \xa0 \xa0 \xa0 \xa0 \xa0 \xa0 \xa0 \xa0 \xa0 \xa0 \xa0 \xa0 \xa0 \xa0 \xa0 \xa0 \xa0 \xa0 \xa0 \xa0 \xa0 \xa0 \xa0 \xa0 \xa0 \xa0 \xa0 \xa0 \xa0 \xa0 \xa0 \xa0 \xa0 \xa0 \xa0 \xa0 \xa0 \xa0 (단위:톤, NM3)\n품 목\n사업소\n제52기 반기\n제51기 반기\n제51기\n제50기\n탄산가스사업부문\n액체탄산\n대산,여수,나주\n124,575\n124,575\n249,150\n249,150\n드라이아이스\n대산,여수\n50,490\n35,640\n100,980\n71,280\n소\xa0 계(톤)\n175,065\n160,215\n350,130\n320,430\n기화기外(NM3)\n태경가스기술\n108,900\n108,900\n217,800\n217,800\n환경사업부문\n수산화마그네슘\n여수\n55,440\n55,440\n110,880\n110,880\n액상소석회\n여수2\n99,000\n99,000\n198,000\n198,000\n소\xa0 계(톤)\n154,440\n154,440\n308,880\n308,880\n나. 생산실적 및 가동률생산실적 세부내역은 다음과 같습니다.\xa0 \xa0 \xa0 \xa0 \xa0 \xa0 \xa0 \xa0 \xa0 \xa0 \xa0 \xa0 \xa0 \xa0 \xa0 \xa0 \xa0 \xa0 \xa0 \xa0 \xa0 \xa0 \xa0 \xa0 \xa0 \xa0 \xa0 \xa0 \xa0 \xa0 \xa0 \xa0 \xa0 \xa0 \xa0 \xa0 \xa0 \xa0 \xa0 \xa0 \xa0 \xa0 \xa0 \xa0 \xa0 \xa0 \xa0 \xa0 \xa0 (단위:톤, NM3)\n품 목\n사업소\n제52기 반기\n제51기 반기\n제51기\n제50기\n액체탄산\n대산,여수,나주\n71,990\n69,867\n134,632\n120,709\n드라이아이스\n대산,여수\n11,079\n10,825\n23,729\n10,937\n수산화마그네슘\n여수\n15,267\n18,512\n34,412\n42,997\n액상소석회\n여수2\n101\n631\n657\n515\n기화기외(NM3)\n태경가스기술\n15,505\n35,450\n56,115\n83,095\n\xa0 당반기 가동률은 다음과 같습니다.\n품목\n당반기 가동가능시간\n당반기 실제가동시간\n평균가동률(%)\n액체탄산\n3,960\n2,288\n57.8%\n드라이아이스\n3,960\n869\n21.9%\n수산화마그네슘\n3,960\n1,091\n27.6%\n액상소석회\n3,960\n4\n0.1%\n기화기外\n3,960\n564\n14.2%\n\xa01)\xa0 가동가능시간은 '일24시간 × 165일'으로 산출되었습니다.  2) 실제가동시간은 '당반기총생산량÷품목별일일생산능력×일24시간'으로 산출되\xa0 \xa0 \xa0\xa0 었습니다. 3)\xa0 평균가동률은 '실제가동시간 ÷ 가동가능시간'으로 산출되었습니다. 다. 생산설비의 현황 등(1) 연결회사의\xa0 당반기말 생산설비 등의\xa0 장부가 내역은 다음과 같습니다.(2021.06.30 현재)\xa0 \xa0 \xa0 \xa0 \xa0 \xa0 \xa0 \xa0 \xa0 \xa0 \xa0 \xa0 \xa0 \xa0 \xa0 \xa0 \xa0 \xa0 \xa0 \xa0 \xa0 \xa0 \xa0 \xa0 \xa0 \xa0 \xa0 \xa0 \xa0 \xa0 \xa0 \xa0\xa0 (단위:천원)\n구\xa0 \xa0 \xa0 \xa0 \xa0 \xa0 분\n기\xa0 \xa0 \xa0 \xa0 \xa0 \xa0 초\n증\xa0 \xa0 \xa0 \xa0 \xa0 \xa0 감\n상\xa0 \xa0 \xa0 \xa0 \xa0 \xa0 각\n기\xa0 \xa0 \xa0 \xa0 \xa0 \xa0 말\n토\xa0 \xa0 \xa0 \xa0 \xa0 \xa0 지\n19,496,852\n(35,400)\n-\n\xa0\xa0 19,461,452\n건\xa0 \xa0 \xa0 \xa0 \xa0 \xa0 물\n4,841,883\n(26,922)\n(95,835)\n\xa0 \xa0 4,719,126\n구\xa0 \xa0 축\xa0 \xa0\xa0 물\n8,002,356\n377,635\n(403,351)\n\xa0 \xa0 7,976,640\n기\xa0 계\xa0 장\xa0 치\n2,189,633\n523,500\n(259,984)\n\xa0 \xa0 2,453,149\n차량 운 반 구\n536,094\n23,269\n(130,790)\n\xa0 \xa0 \xa0 428,573\n기\xa0 타\xa0 자\xa0 산\n1,362,645\n348,929\n(127,589)\n\xa0 \xa0 1,583,985\n사 용 권 자산\n397,479\n111,272\n(76,505)\n\xa0 \xa0 \xa0 432,246\n건설중인자산\n-\n777,909\n-\n\xa0 \xa0 \xa0 777,909\n합\xa0 \xa0 \xa0 \xa0 \xa0 \xa0 계\n36,826,942\n2,100,192\n(1,094,054)\n37,833,080\n(2) 토지 재평가에 따른 효과당사는 기업회계기준서 1016호에 따라 유형자산 평가 방법을 종전의 원가모형에서 재평가모형으로 평가방법을 변경하였으며 상세내역은 다음과 같습니다.\n재평가 기준일\n2018년 6월 30일\n재평가 기관\n미래새한감정평가법인\n재평가 대상 유형자산\n토지\n공정가액 추정시 사용한 방법 및 가정\n거래사례비교법을 통해 공정가액을 산정함\n라. 신규시설투자 계획\xa0 \xa0 해당사항 없음.\n4. 매출 및 수주상황\n1.매출\n가. 매출실적\xa0\n\xa0 연결회사의 매출 세부내역은 다음과 같습니다.\xa0 \xa0 \xa0 \xa0 \xa0 \xa0 \xa0 \xa0 \xa0 \xa0 \xa0 \xa0 \xa0 \xa0 \xa0 \xa0 \xa0 \xa0 \xa0 \xa0 \xa0 \xa0 \xa0 \xa0 \xa0 \xa0 \xa0 \xa0 \xa0 \xa0 \xa0 \xa0 \xa0 \xa0 \xa0 \xa0 \xa0 \xa0 \xa0 \xa0 \xa0 \xa0 \xa0 \xa0 \xa0 \xa0 \xa0 \xa0 \xa0 \xa0 \xa0 \xa0 (단위:천원)\n사업부문\n매출유형\n구분\n제52기 반기\n제51기 반기\n제51기\n제50기\n탄산가스사업부문\n탄산가스(제품, 상품)\n내수\n18,674,638\n13,713,629\n30,325,700\n24,834,279\n수출\n\xa0 \xa0\xa0 24,389\n1,476,766\n1,476,766\n168,368\n합계\n18,699,027\n15,190,395\n31,802,466\n25,002,647\n일반가스外\n내수\n5,051,996\n5,542,339\n10,065,835\n11,176,304\n수출\n\xa0 \xa0 \xa0 \xa0 \xa0 \xa0\xa0 -\n-\n-\n-\n합계\n\xa05,051,996\n5,542,339\n10,065,835\n11,176,304\n기타제품\n내수\n626,261\n845,923\n1,654,326\n1,675,684\n수출\n\u3000-\n-\n-\n-\n합계\n\xa0 \xa0 \xa0 626,261\n845,923\n1,654,326\n1,675,684\n(상품)기타\n내수\n\xa0 1,954,361\n1,947,062\n3,522,689\n3,539,207\n수출\n\xa0 \xa0 \xa0 \xa0 \xa0 \xa0\xa0 -\xa0\n-\n-\n-\n합계\n\xa01,954,361\n1,947,062\n3,522,689\n3,539,207\n내부거래 및연결조정\n내수\n(1,669,076)\n(2,006,592)\n(3,666,767)\n(3,873,739)\n수출\n\u3000\n-\n-\n-\n합계\n(1,669,076)\n(2,006,592)\n(3,666,767)\n(3,873,739)\n소\xa0 \xa0 계\n내수\n24,638,180\n20,042,361\n41,901,783\n37,351,735\n수출\n\xa0 \xa0\xa0 24,389\n1,476,766\n1,476,766\n168,368\n합계\n24,662,569\n21,519,127\n43,378,549\n37,520,103\n환경사업부문\n수산화마그네슘\n내수\n\xa01,582,671\n1,744,802\n3,380,069\n4,074,673\n수출\n\xa0 \xa0 \xa0 \xa0 \xa0 \xa0\xa0 -\n-\n-\n-\n합계\n\xa0\xa0 1,582,671\n1,744,802\n3,380,069\n4,074,673\n액상소석회\n내수\n\xa0 \xa0\xa0 121,541\n21,529\n22,464\n28,605\n수출\n\xa0 \xa0 \xa0 \xa0 \xa0 \xa0 \xa0 -\n-\n-\n-\n합계\n\xa0 \xa0\xa0 121,541\n21,529\n22,464\n28,605\n(상품)기타\n내수\n\xa0 \xa0 \xa0 \xa0 \xa0 250\n111,756\n279,456\n208,723\n수출\n\u3000-\n-\n-\n-\n합계\n\xa0 \xa0 \xa0 \xa0 \xa0 \xa0 250\n111,756\n279,456\n208,723\n소\xa0 \xa0 계\n내수\n\xa0\xa0 1,704,462\n1,878,087\n3,681,989\n4,312,001\n수출\n\xa0 \xa0 \xa0 \xa0 \xa0 \xa0 \xa0\xa0 -\n-\n-\n-\n합계\n\xa0\xa0 1,704,462\n1,878,087\n3,681,989\n4,312,001\n합\xa0 \xa0 계\n내수\n\xa026,342,642\n21,920,448\n45,583,772\n41,663,736\n수출\n24,389\n1,476,766\n1,476,766\n168,368\n합계\n26,367,031\n23,397,214\n47,060,538\n41,832,104\n나. 판매경로 및 방법\xa0 당사는 현재 서울 본사 및 울산, 여수 영업팀을 운영하고 있으며, 업체와의 직거래 및 대리점을 통해 납품을 하고 있습니다. 당사의 종속회사인 태경가스기술(주)는 울산에 본사가 있으며, 업체와의 직거래를 통해 납품을 하고 있습니다.\n다. 판매전략 및 주요 매출처연결회사의 주요 매출처는 조선사와\xa0 빙과사로 장기공급계약체결을 통해 안정적인 판매를 전략적 목표로 하고 있습니다. 또한 저장능력확대를 통한 성수기 물량확보 및 영업활동능력을 증대시켜 시장경쟁력 강화에 전력하고 있습니다.\n2. 수주상황\n(단위 :원)\n품목\n수주일자\n납기\n수주총액\n기납품액\n수주잔고\n수량\n금액\n수량\n금액\n수량\n금액\n-\n-\n-\n-\n-\n-\n-\n-\n-\n합 계\n-\n-\n-\n-\n-\n-\n해당사항없음\n5. 위험관리 및 파생거래\n1.위험관리 \n(1) 금융위험관리연결실체는 금융상품과 관련하여\xa0외환위험,\xa0이자율위험,\xa0신용위험,\xa0유동성위험과 같은 다양한 금융위험에 노출되어 있습니다. 연결실체의 위험관리는 연결실체의 재무적 성과에 영향을 미치는 잠재적 위험을 식별하여 연결실체가 허용가능한 수준으로 감소, 제거 및 회피하는 것을 그 목적으로 하고 있습니다. 연결실체는 전사적인 수준의 위험관리 정책 및 절차를 마련하여 운영하고 있으며, 연결실체의 재무부문에서 위험관리에 대한 총괄책임을 담당하고 있습니다. 또한, 연결실체의 내부감사인은 위험관리 정책 및 절차의 준수 여부와 위험노출 한도를 지속적으로 검토하고 있습니다.\n1) 신용위험관리연결실체는 신용위험을 줄이기 위하여 신용도가 일정수준 이상인 거래처와 거래하고있으며, 신규 거래처는 먼저 자체적인 신용조사를 통하여 신용도가 일정수준 이상인 거래처와 거래하고 있습니다. 또한, 회수가 지연되는 금융자산에 대하여는 회수지연 현황 및 회수대책이 보고되고 있으며 지연사유에 따라 적절한 조치를 취하고 있습니다.\n(가) 금융상품 종류별 신용위험의 최대 노출금액은 다음과 같습니다.\xa0\n\xa0(단위: 천원)\n구\xa0\xa0 분\n당반기말\n전기말\n장부금액\n신용위험 최대노출금액\n장부금액\n신용위험 최대노출금액\n현금및현금성자산(*1)\n8,671,895\xa0\n8,668,676\xa0\n5,326,498\xa0\n5,323,042\xa0\n매출채권\n9,996,152\xa0\n9,996,152\xa0\n9,656,489\xa0\n9,656,489\xa0\n단기기타채권(*2)\n331,106\xa0\n331,106\xa0\n214,116\xa0\n214,116\xa0\n단기기타금융자산\n34,518,720\xa0\n34,518,720\xa0\n35,061,985\xa0\n35,061,985\xa0\n장기기타금융자산(*3)\n42,170\xa0\n42,170\xa0\n50,905\xa0\n50,905\xa0\n장기기타채권\n826,256\xa0\n826,256\xa0\n691,674\xa0\n691,674\xa0\n합계\n54,386,299\xa0\n54,383,080\xa0\n51,001,667\xa0\n50,998,211\xa0\n(*1) 신용위험 최대 노출금액에 연결실체가 보유한 현금시재액은 제외하였습니다.(*2) 임직원대여금은 제외하였습니다.(*3) 투자금융자산 - 지분상품은 제외하였습니다.\n(나) 금융자산의 연령분석 내역은 다음과 같습니다.\n<당반기>\xa0 \xa0 \xa0 \xa0 \xa0 \xa0 \xa0 \xa0 \xa0 \xa0 \xa0 \xa0 \xa0 \xa0 \xa0 \xa0 \xa0 \xa0 \xa0 \xa0 \xa0 \xa0\n\xa0 (단위: 천원)\n자산\n6개월이하\n6개월초과~1년이하\n1년초과~3년이하\n3년초과\n계\n현금및현금성자산\n8,668,676\xa0\n-\xa0\n-\xa0\n-\xa0\n8,668,676\xa0\n매출채권\n9,996,152\xa0\n-\xa0\n-\xa0\n-\xa0\n9,996,152\xa0\n단기기타채권\n331,106\xa0\n-\xa0\n-\xa0\n-\xa0\n331,106\xa0\n단기기타금융자산\n34,510,240\xa0\n8,480\xa0\n-\xa0\n-\xa0\n34,518,720\xa0\n장기기타금융자산\n-\xa0\n-\xa0\n26,940\xa0\n15,230\xa0\n42,170\xa0\n장기기타채권\n-\xa0\n-\xa0\n-\xa0\n826,256\xa0\n826,256\xa0\n합\xa0\xa0 계\n53,506,174\xa0\n8,480\xa0\n26,940\xa0\n841,486\xa0\n54,383,080\n<전기>\xa0 \xa0 \xa0 \xa0 \xa0 \xa0 \xa0 \xa0 \xa0\n\xa0 \xa0 (단위: 천원)\n자산\n6개월이하\n6개월초과~1년이하\n1년초과~3년이하\n3년초과\n계\n현금및현금성자산\n5,323,042\xa0\n-\xa0\n-\xa0\n-\xa0\n5,323,042\xa0\n매출채권\n9,615,674\xa0\n40,815\xa0\n-\xa0\n-\xa0\n9,656,489\xa0\n단기기타채권\n214,116\xa0\n-\xa0\n-\xa0\n-\xa0\n214,116\xa0\n단기기타금융자산\n552,000\xa0\n34,509,985\xa0\n-\xa0\n-\xa0\n35,061,985\xa0\n장기기타금융자산\n-\xa0\n-\xa0\n30,470\xa0\n20,435\xa0\n50,905\xa0\n장기기타채권\n-\xa0\n-\xa0\n-\xa0\n691,674\xa0\n691,674\xa0\n합\xa0\xa0 계\n15,704,832\xa0\n34,550,800\xa0\n30,470\xa0\n712,109\xa0\n50,998,211\xa0\n(다) 당반기말 및 전기말 현재 매출채권의 각 지역별 신용위험의 노출정도는 다음과 같습니다.\xa0\n(단위:천원)\n구\xa0\xa0 분\n당반기말\n전기말\n국내\n9,996,152\xa0\n9,656,489\xa0\n2) 유동성위험관리연결실체는 미래의 현금흐름을 예측하여 단기 및 중장기 자금조달 계획을 수립하여 유동성위험을 관리하고 있으며, 금융부채의 잔존계약 만기에 따른 만기분석내용은 다음과 같습니다.<당반기말>\xa0 \xa0 \xa0 \xa0 \xa0 \xa0 \xa0 \xa0\xa0\xa0 \xa0 \xa0 \xa0 \xa0 \xa0 \xa0 \xa0 \xa0 \xa0 \xa0 \xa0 \xa0 \xa0 \xa0 \xa0 \xa0 \xa0 \xa0 \xa0 \xa0 \xa0 \xa0 \xa0 \xa0 \xa0 \xa0 \xa0 \xa0 \xa0 \xa0 \xa0 \xa0 \xa0\n\xa0 \xa0 \xa0 (단위: 천원)\n구\xa0\xa0 분\n계약상 현금흐름\n1개월이하\n1개월~3개월\n3개월~1년\n1년~5년\n매입채무\n2,210,903\xa0\n548,971\xa0\n1,661,932\xa0\n-\xa0\n-\xa0\n기타채무(*1)\n3,527,444\xa0\n409,125\xa0\n2,560,275\xa0\n508,044\xa0\n50,000\n지급보증계약(*2)\n18,640,351\xa0\n-\xa0\n-\xa0\n-\xa0\n18,640,351\xa0\n리스부채\n442,196\xa0\n47,857\xa0\n42,263\xa0\n114,929\xa0\n237,147\xa0\n합\xa0\xa0 계\n24,820,894\n1,005,953\n4,264,470\n622,973\n18,927,498\n(*1) 인건비성(연차수당 등) 미지급비용 및 금융보증부채는 제외하였습니다.(*2) 지급보증계약으로 인하여 향후 지급할 수도 있는 총 한도액을 표시하였습니다.\n<전기말>\xa0\n\xa0 \xa0 \xa0 (단위 : 천원)\n구\xa0\xa0 분\n계약상 현금흐름\n1개월이하\n1개월~3개월\n3개월~1년\n1년~5년\n매입채무\n2,180,392\n425,466\n1,754,926\n-\n-\n기타채무(*1)\n3,265,056\n403,329\n2,303,683\n508,044\n50,000\n지급보증계약(*2)\n18,566,477\n-\n-\n-\n18,566,477\n리스부채\n410,203\n11,709\n23,419\n100,968\n274,107\n합\xa0\xa0 계\n24,422,128\n840,504\n4,082,028\n609,012\n18,890,584\n(*1) 인건비성(연차수당 등) 미지급비용 및 금융보증부채는 제외하였습니다.(*2) 지급보증계약으로 인하여 향후 지급할 수도 있는 총 한도액을 표시하였습니다.\n3) 시장위험\n(가) 외환위험관리연결실체는 외환거래 수행에 따라 다양한 환율변동위험에 노출될 수 있습니다. 연결실체 내의 회사들은 각각의 기능통화에 대한 외환위험을 관리하고 있습니다. 당반기말 및 전기말 현재 외화로 표시된 자산,부채의 장부금액은 다음과 같습니다.\n\xa0(단위: 천원)\n구\xa0\xa0 분\n당반기말\n전기말\n외화\n원화\n외화\n원화\n외화자산\nJPY 2,385,820\n24,386\xa0\n-\xa0\n-\xa0\n외화부채\n\xa0USD 85,000\n96,050\xa0\n-\xa0\n-\xa0\n주요 통화별 환율 1%변동시 연결실체의 세후이익에 대한 영향은 다음과 같습니다.\n\xa0(단위: 천원)\n구\xa0\xa0 분\n당반기\n전기\n1% 상승시\n1% 하락시\n1% 상승시\n1% 하락시\nUSD\n(749)\n749\xa0\n-\xa0\n-\xa0\nJPY\n190\xa0\n(190)\n\u3000\n\u3000\n(나) 이자율위험관리연결실체는 미래의 시장이자율 변동으로 차입금에서 발생하는 이자비용이 추가발생될 위험에 노출되어 있습니다. 당반기말 및 전기말 현재 연결실체의 차입금 내역은 없습니다.\xa0\n(다) 기타가격위험요소연결실체는 지분상품에서 발생하는 가격변동위험에 노출되어 있습니다. 지분상품은 매매목적이 아닌 전략적 목적으로 보유하고 있습니다. 당반기말 및 전기말 현재 공정가치로 평가하는 투자금융자산 내역은 다음과 같습니다.\n\xa0(단위: 천원)\n계정과목\n당반기말\n전기말\n투자금융자산\n44,637,292\xa0\n39,370,886\xa0\n다른 변수가 일정하고 지분상품의 가격이 10% 변동할 경우 가격변동이 연결재무제표에 미치는 영향은 다음과 같습니다.\xa0\n\xa0 (단위: 천원)\n구\xa0\xa0 분\n당반기\n전기\n10% 상승시\n10% 하락시\n10% 상승시\n10% 하락시\n자산\n4,463,729\xa0\n(4,463,729)\n3,937,089\xa0\n(3,937,089)\n부채\n982,020\xa0\n(982,020)\n866,160\xa0\n(866,160)\n자본\n3,481,709\xa0\n(3,481,709)\n3,070,929\xa0\n(3,070,929)\n총포괄손익\n3,481,709\xa0\n(3,481,709)\n3,070,929\xa0\n(3,070,929)\n(2) 자본위험관리\n연결실체는 자본관리 목적은 계속기업으로 영업활동을 유지하고 주주 및 이해관계자의 이익을 극대화하고 자본비용의 절감을 위하여 최적의 자본구조를 유지하는 데 있습니다. 연결실체는\xa0배당조정 등의 정책을 통하여 자본구조를 경제환경의 변화에 따라 적절히 수정변경하고 있습니다. 연결실체의 자본위험관리정책은 전기와 중요한 변동이 없습니다.\xa0\n\xa0(단위: 천원)\n구\xa0\xa0 분\n당반기\n전기\n부채\n17,516,149\xa0\n16,477,000\xa0\n자본\n133,222,449\xa0\n124,202,346\xa0\n부채비율\n13.15%\n13.27%\n2.파생거래\n해당사항 없음\n6. 주요계약 및 연구개발활동\n1. 경영상 주요 계약보고서 작성기준일 기준으로 현재 회사의 재무상태에 중요한 영향을 미치는 중요\xa0\xa0 계약은 없습니다.2. 연구개발 활동\n해당사항 없음\n7. 기타 참고사항\n해당사항 없음\n""]"
