text
"['\n5. 재무제표 주석\n제 48(당) 기 \xa0 2023년 1월 1일부터 2023년 12월 31일까지\n제 47(전) 기 \xa0 2022년 1월 1일부터 2022년 12월 31일까지\n주식회사 한농화성\n1. 일반사항주식회사 한농화성(이하 ""당사"")은 계면활성제, 글리콜에테르 등 화학약품의 제조 및 판매를 목적으로 1976년 7월 10일에 설립되었으며, 2003년 1월 9일에 주식을 한국거래소 유가증권시장에 상장하였습니다.\n당기말 현재 자본금은 수 차례의 유ㆍ무상증자를 통하여 7,818,521천원이며, 최대주주인 김응상 외 특수관계인이 유통주식수 대비 47.06%의 \xa0지분을 소유하고 있습니다.\n2. 재무제표 작성기준 및 중요한 회계정책2-1 재무제표 작성기준당사의 재무제표는 주식회사 등의 외부감사에 관한 법률에 따라 제정된 한국채택국제회계기준에 따라 작성되었습니다.\n2-2 유동성ㆍ비유동성 분류당사는 자산과 부채를 유동/비유동으로 재무상태표에 구분하여 표시하고 있습니다.자산은 다음의 경우에 유동자산으로 분류하고 있습니다.\n- 정상영업주기 내에 실현될 것으로 예상되거나, 정상영업주기 내에 판매하거나 소 \xa0 \xa0 \xa0비할 의도가 있다.- 주로 단기매매 목적으로 보유하고 있다.- 보고기간 후 12개월 이내에 실현될 것으로 예상한다.- 현금이나 현금성자산으로서, 교환이나 부채 상환 목적으로의 사용에 대한 제한 기 \xa0 \xa0간이 보고기간 후 12개월 이상이 아니다.그 밖의 모든 자산은 비유동자산으로 분류하고 있습니다.\n부채는 다음의 경우에 유동부채로 분류하고 있습니다.- 정상영업주기 내에 결제될 것으로 예상하고 있다.- 주로 단기매매 목적으로 보유하고 있다.- 보고기간 후 12개월 이내에 결제하기로 되어 있다.- 보고기간 후 12개월 이상 부채의 결제를 연기할 수 있는 무조건의 권리를 가지고 \xa0 \xa0 \xa0있지 않다.그 밖의 모든 부채는 비유동부채로 분류하고 있습니다.이연법인세자산(부채)은 비유동자산(부채)으로 분류하고 있습니다.2-3 공정가치 측정\n당사는 파생상품과 같은 금융상품을 보고기간말 현재의 공정가치로 평가하고 있습니다. 공정가치는 측정일에 시장참여자 사이의 정상거래에서 자산을 매도하면서 수취하거나 부채를 이전하면서 지급하게 될 가격입니다. 공정가치측정은 자산을 매도하거나 부채를 이전하는 거래가 다음 중 어느 하나의 시장에서 이루어지는 것으로 가정하고 있습니다.- 자산이나 부채의 주된 시장- 자산이나 부채의 주된 시장이 없는 경우에는 가장 유리한 시장당사는 주된 (또는 가장 유리한) 시장에 접근할 수 있어야 합니다.\n자산이나 부채의 공정가치는 시장참여자가 경제적으로 최선의 행동을 한다는 가정하에 시장참여자가 자산이나 부채의 가격을 결정할 때 사용하는 가정에 근거하여 측정하고 있습니다.비금융자산의 공정가치를 측정하는 경우에는 시장참여자가 경제적 효익을 창출하기 위하여 그 자산을 최고 최선으로 사용하거나 혹은 최고 최선으로 사용할 다른 시장참여자에게 그 자산을 매도하는 시장참여자의 능력을 고려하고 있습니다.\n당사는 상황에 적합하며 관련된 관측가능한 투입변수의 사용을 최대화하고 관측가능하지 않은 투입변수의 사용을 최소화하면서 공정가치를 측정하는 데 충분한 자료가 이용가능한 가치평가기법을 사용하고 있습니다.재무제표에서 공정가치로 측정되거나 공시되는 모든 자산과 부채는 공정가치 측정에유의적인 가장 낮은 수준의 투입변수에 근거하여 다음과 같은 공정가치 서열체계로 구분됩니다.- 수준 1 : 동일한 자산이나 부채에 대한 접근가능한 활성시장의 (조정되지 않은) 공 \xa0 \xa0 시가격- 수준 2 : 공정가치측정에 유의적인 가장 낮은 수준의 투입변수가 직접적으로 또는 \xa0 \xa0 간접적으로 관측가능한 투입변수를 이용한 공정가치- 수준 3 : 공정가치측정에 유의적인 가장 낮은 수준의 투입변수가 관측가능하지 않 \xa0 \xa0 은 투입변수를 이용한 공정가치재무제표에 반복적으로 공정가치로 측정되는 자산과 부채에 대하여 당사는 매 보고기간 말 공정가치측정에 유의적인 가장 낮은 수준의 투입변수에 기초한 분류에 대한 재평가를 통해 서열체계의 수준 간의 이동이 있는지 판단합니다.공정가치 공시 목적상 당사는 성격과 특성 및 위험에 근거하여 자산과 부채의 분류를결정하고 공정가치 서열체계의 수준을 결정하고 있습니다.공정가치로 측정되거나 공정가치가 공시되는 금융상품과 비금융자산의 공정가치에 대한 공시는 다음의 주석에 설명되어 있습니다.\n- 평가기법, 유의적 추정치 및 가정 : 주석 3- 공정가치측정 서열체계의 양적 공시 : 주석 35- 금융상품(상각후원가로 계상하는 상품 포함) : 주석 34, 35\n2-4 외화환산당사는 재무제표를 기능통화인 원화로 표시하고 있습니다. 기능통화 외의 통화로 이루어진 거래는 거래 발생 당시의 환율을 적용하여 기록하고 있으며, 화폐성 외화자산및 부채는 보고기간말 현재의 기능통화 환율로 환산하고 있습니다. 이에 따라 발생하는 환산차이는 당기손익에 반영하고 있습니다. 한편, 역사적원가로 측정하는 외화표시 비화폐성 항목은 최초 거래 발생일의 환율을, 공정가치로 측정하는 외화표시 비화폐성 항목은 공정가치 측정일의 환율을 적용하여 인식하고 있습니다. 비화폐성 항목의 환산에서 발생하는 손익은 해당 항목의 공정가치 변동으로 인한 손익의 인식항목과 동일하게 기타포괄손익 또는 당기손익으로 인식하고 있습니다.관련 자산, 비용, 수익(또는 그 일부)의 최초 인식에 적용할 환율을 결정하기 위한 거래일은 당사가 대가를 선지급하거나 선수취하여 비화폐성자산이나 비화폐성부채를 최초로 인식한 날입니다. 선지급이나 선수취가 여러 차례에 걸쳐 이루어지는 경우, 당사는 대가의 선지급이나 선수취로 인한 거래일을 각각 결정합니다.2-5 현금및현금성자산재무상태표상의 현금및현금성자산은 보통예금과 소액현금 및 취득당시 만기가 3개월 이내인 단기성 예금으로 구성되어 있습니다. 현금흐름표상의 현금및현금성자산은이러한 현금및현금성자산에서 당좌차월을 차감한 후의 금액을 의미합니다.\n2-6 금융상품 : 최초인식과 후속측정금융상품은 거래당사자 일방에게 금융자산을 발생시키고 동시에 다른 거래상대방에게 금융부채나 지분상품을 발생시키는 모든 계약입니다.\n2-6-1 금융자산\n(1) 최초인식 및 측정금융자산은 최초 인식 시점에 후속적으로 상각후원가로 측정되는 금융자산, 기타포괄손익-공정가치측정금융자산, 그리고 당기손익-공정가치측정금융자산으로 분류됩니다.\n최초 인식 시점에 금융자산의 분류는 금융자산의 계약상 현금흐름 특성과 금융자산을 관리하기 위한 당사의 사업모형에 따라 달라집니다. 유의적인 금융요소가 포함되지 않거나 실무적 간편법을 적용하는 매출채권을 제외하고는, 당사는 금융자산을 최초에 공정가치로 측정하며, 당기손익-공정가치로 측정하는 금융자산의 경우가 아니라면 거래원가를 가감합니다. 유의적인 금융요소가 포함되지 않거나 실무적 간편법을 적용하는 매출채권은 기업회계기준서 제1115호에 따라 결정된 거래가격으로 측정합니다.금융자산을 상각후원가 또는 기타포괄손익-공정가치로 측정하기 위해서는 현금흐름이 원리금만으로 구성(SPPI)되어야 합니다. 이 평가는 SPPI 테스트라고 하며, 개별 상품 수준에서 수행됩니다.금융자산의 관리를 위한 당사의 사업모형은 현금흐름을 발생시키기 위해 금융자산을관리하는 방법과 관련됩니다. 사업모형은 현금흐름의 원천이 금융자산의 계약상 현금흐름의 수취인지, 매도인지 또는 둘 다 인지를 결정합니다.\n시장의 합의나 규제에 의해 설정된 기간 프레임 내에서 금융자산을 이전하는 것이 요구되는 금융자산의 매입 또는 매도(정형화된 거래)는 거래일에 인식됩니다. 즉, 당사가 금융자산을 매입하거나 매도하기로 약정한 날을 의미합니다.(2) 후속측정후속 측정을 위해 금융자산은 아래 네 가지의 범주로 분류됩니다.- 상각후원가 측정 금융자산 (채무상품)- 누적 손익을 당기손익으로 재순환하는 기타포괄손익-공정가치 측정 금융자산 (채 \xa0 \xa0무상품)- 제거시 누적 손익을 당기손익으로 재순환하지 않는 기타포괄손익-공정가치 측정 \xa0 \xa0 금융자산 (지분상품)- 당기손익-공정가치측정금융자산\nㆍ상각후원가 측정 금융자산 (채무상품)당사는 아래 조건을 모두 만족하는 경우에 금융자산을 상각후원가로 측정합니다.\ni) 계약상 현금흐름을 수취하기 위해 보유하는 것이 목적인 사업모형 하에서 금융자산을 보유하고, ii) 금융자산의 계약 조건에 따라 특정일에 원금과 원금잔액에 대한 이자 지급만으로 구성되어 있는 현금흐름이 발생합니다.상각후원가 측정 금융자산은 후속적으로 유효이자율(EIR)법을 사용하여 측정되며, 손상을 인식합니다. 자산의 제거, 변경 또는 손상에서 발생하는 이익과 손실은 당기손익으로 인식됩니다.ㆍ기타포괄손익-공정가치측정금융자산 (채무상품)당사는 아래의 조건을 모두 충족하는 채무상품을 기타포괄손익-공정가치 금융자산으로 측정합니다.i) 계약상 현금흐름의 수취와 금융자산의 매도 둘 다를 통해 목적을 이루는 사업모형 하에서 금융자산을 보유하고, ii) 금융자산의 계약 조건에 따라 특정일에 원리금 지급만으로 구성되어 있는 현금흐름이 발생합니다.기타포괄손익-공정가치측정채무상품에서, 이자수익, 외화환산손익, 그리고 손상 또는 환입은 상각후원가 측정 금융자산과 동일한 방법으로 계산되어 당기손익으로 인식됩니다. 나머지 공정가치 변동부분은 기타포괄손익으로 인식됩니다. 금융자산의 제거 시, 기타포괄손익으로 인식한 공정가치 누적 변동분은 당기손익으로 재순환됩니다.\nㆍ기타포괄손익-공정가치측정금융자산 (지분상품)최초 인식 시점에 당사는 기업회계기준서 제1032호 \'금융상품 표시\'에서의 지분의 정의를 충족하고 투자 목적으로 보유하고 있지 않은 지분상품을 기타포괄손익-공정가치로 측정하도록 하는 취소 불가능한 선택을 할 수 있습니다.이러한 금융자산에서 발생하는 손익은 당기손익으로 재순환되지 않습니다. 배당은 당사가 금융자산의 원가 중 일부를 회수하여 이익을 얻는 경우에는 기타포괄손익으로 처리되며, 이를 제외하고는 받을 권리가 확정되었을 때 포괄손익계산서상 금융수익으로 인식됩니다. 기타포괄손익-공정가치 측정 지분상품은 손상을 인식하지 않습니다.\n당사는 비상장지분상품에 대해서도 취소불가능한 선택을 할 수 있습니다.(3) 제거금융자산(또는, 금융자산의 일부 또는 비슷한 금융자산의 집합의 일부)은 다음과 같은 상황에서 우선적으로 제거됩니다.- 금융자산의 현금흐름을 수취할 권리가 소멸- 당사가 금융자산의 현금흐름을 수취할 권리를 양도하거나 양도 계약에 따라 수취 \xa0 \xa0 한 현금흐름 전체를 중요한 지체 없이 제3자에게 지급할 의무가 있다. 이 경우에 \xa0 \xa0 \xa0 당사는 금융자산의 보유에 따른 위험과 보상의 대부분을 이전 하거나 금융자산의 \xa0 \xa0 보유에 따른 위험과 보상의 대부분을 이전하지도 보유하지도 않으나 자산에 대한 \xa0 \xa0 통제를 이전보증을 제공하는 형태인 지속적 관여는, 양도된 자산의 장부금액과 수취한 대가 중 상환을 요구받을 수 있는 최대 금액 중 낮은 금액으로 측정됩니다.2-6-2 금융자산의 손상금융자산의 손상에 대한 추가적인 공시는 주석 3(유의적인 가정에 대한 공시)에서 제공하고 있습니다.당사는 당기손익-공정가치 항목을 제외한 모든 채무상품에 대하여 기대신용손실(ECL)에 대한 충당금을 인식합니다. 기대신용손실은 계약상 수취하기로 한 현금흐름과 당사가 수취할 것으로 예상하는 모든 현금흐름의 차이를 최초의 유효이자율로 할인하여 추정합니다. 예상되는 현금흐름은 보유한 담보를 처분하거나 계약의 필수 조건인 그 밖의 신용 보강으로부터 발생하는 현금흐름을 포함합니다. 기대신용손실은 두 개의 stage로 인식합니다. 최초 인식 이후 신용위험의 유의적인 증가가 없는 신용 익스포저에 대하여, 기대신용손실은 향후 12개월 내에 발생할 가능성이 있는 채무불이행 사건으로부터 발생하는 신용손실(12개월 기대신용손실)을 반영합니다. 최초 인식 이후 신용위험의 유의적인 증가가 있는 신용 익스포저에 대하여, 손실충당금은 채무불이행 사건이 발생하는 시기와 무관하게 익스포저의 남은 존속기간에 대한 기대신용손실(전체기간 기대신용손실)을 측정하도록 요구됩니다.\n매출채권과 계약자산에 대하여, 당사는 기대신용손실 계산에 간편법을 적용할 수 있습니다. 따라서, 당사는 신용위험의 변동을 추적하지 않는 대신에, 각 결산일에 전체기간 기대신용손실에 해당하는 금액으로 손실충당금을 인식합니다. 당사는 특정 채무자에 대한 미래전망정보와 경제적 환경을 반영하여 조정된 과거 신용손실 경험에 근거하여 충당금 설정률표를 설정합니다.기타포괄손익-공정가치측정채무상품에 대하여, 당사는 낮은 신용위험 간편법을 적용합니다. 매 결산일에, 당사는 과도한 원가나 노력 없이 이용할 수 있는 합리적이고 뒷받침될 수 있는 모든 정보를 사용하여 채무상품이 낮은 신용위험을 가지고 있다고 고려되는지를 평가합니다.당사는 계약상 지급이 90일을 초과하여 연체되는 경우에 채무불이행이 발생한 것으로 봅니다. 그러나, 특정 상황에서, 당사는 내부 또는 외부 정보가 당사에 의한 모든 신용보강을 고려하기 전에는 당사가 계약상의 원금 전체를 수취하지 못할 것을 나타내는 경우에 금융자산에 채무불이행 사건이 발생했다고 볼 수 있습니다. 금융자산은 계약상 현금흐름을 회수하는 데에 합리적인 기대가 없을 때 제거됩니다.2-6-3 금융부채(1) 최초인식 및 측정금융부채는 최초 인식 시점에 당기손익-공정가치 측정 금융부채, 차입금, 미지급금 또는 효과적인 위험회피 수단으로 지정된 파생상품으로 적절하게 분류됩니다.\n모든 금융부채는 최초에 공정가치로 인식되고, 차입금 및 미지급금의 경우에는 직접 관련된 거래원가를 차감합니다.\n당사의 금융부채는 매입부채와 기타 미지급금, 차입금을 포함합니다.\n(2) 후속측정금융부채의 후속측정은 금융부채의 분류에 따라 상이합니다.\nㆍ당기손익-공정가치 측정 금융부채당기손익-공정가치 측정 금융부채는 단기매매금융부채와 최초 인식 시점에 당기손익-공정가치로 측정하도록 지정된 금융부채를 포함합니다.금융부채가 단기간 내에 재매입되는 경우에는 단기매매항목으로 분류됩니다. 이 범주는 또한 기업회계기준서 제1109호에서 정의된 위험회피관계에 있는 위험회피수단으로 지정되지 않은 파생상품을 포함합니다. 또한 분리된 내재파생상품은 위험회피에 효과적인 수단으로 지정되지 않았다면 단기매매항목으로 분류됩니다.단기매매항목인 금융부채에서 발생하는 손익은 당기손익으로 인식됩니다.당기손익-공정가치 항목으로 지정된 금융부채는 기업회계기준서 제1109호의 기준을 충족하는 경우에 최초 인식 시점에만 지정됩니다. 당사는 어떠한 금융부채도 당기손익-공정가치 항목으로 지정하지 않았습니다.ㆍ차입금최초 인식 이후에, 이자부 차입금은 후속적으로 유효이자율법을 사용하여 상각후원가로 측정됩니다. 부채가 제거되거나 유효이자율 상각 절차에 따라 발생하는 손익은 당기손익으로 인식됩니다.상각후원가는 유효이자율의 필수적인 부분인 수수료나 원가에 대한 할인이나 할증액을 고려하여 계산됩니다. 이 범주는 일반적으로 이자부 차입에 적용합니다.\n(3) 제거금융부채는 그 계약상 의무가 이행되거나 취소되거나 만료된 경우 제거됩니다. 기존 금융부채가 동일 대여자로부터의 다른 계약조건의 다른 금융부채로 대체되거나 기존금융부채의 계약조건이 실질적으로 변경되는 경우, 이러한 대체 또는 변경은 기존 부채의 제거 및 신규 부채의 인식으로 처리되며 장부금액과 지급한 대가의 차이는 당기손익에 반영됩니다.\n2-6-4 금융자산ㆍ금융부채의 상계인식한 자산과 부채에 대해 법적으로 집행가능한 상계권리를 현재 보유하고 있고 순액으로 결제하거나, 자산을 회수하는 동시에 부채를 결제할 의도를 가지고 있는 경우에는 금융자산과 금융부채를 상계하고 재무상태표에 순액으로 표시하고 있습니다.\n2-7 재고자산재고자산은 취득원가와 순실현가능가치 중 낮은 금액으로 평가하고 있습니다. 재고자산의 취득원가는 총평균법(단, 미착품은 개별법)에 의해 산정된 단가와 연중 계속기록법에 의한 수량을 이용하여 계산되며 매 회계연도의 결산기에 실지재고조사를 실시하여 그 기록을 조정하고 있습니다. 한편, 순실현가능가치는 정상적인 영업과정의 예상 판매가격에서 예상되는 추가 완성원가와 판매비용을 차감한 가액으로 산정하고 있습니다.\n2-8 관계기업투자관계기업은 지배기업이 유의적인 영향력을 보유하는 기업입니다. 유의적인 영향력은피투자자의 재무정책과 영업정책에 관한 의사결정에 참여할 수 있는 능력이지만 그러한 정책의 지배력이나 공동지배력은 아닙니다.\n당사는 관계기업투자에 대하여 지분법을 적용하여 회계처리하고 있습니다. 관계기업투자는 최초 취득원가로 인식되며, 취득일 이후 관계기업의 순자산변동액 중 당사의 지분해당액을 인식하기 위하여 장부금액을 가감하고 있습니다. 관계기업과 관련된 영업권은 해당 투자자산의 장부금액에 포함되며 상각 또는 별도의 손상검사를 수행하지 아니하고 있습니다.\n관계기업의 영업에 따른 손익 중 당사의 지분 해당분은 포괄손익계산서에 직접 반영되며 기타포괄손익의 변동은 당사의 기타포괄손익의 일부로 표시하고 있습니다. 관계기업의 자본에 직접 반영된 변동이 있는 경우 당사의 지분해당분은 자본변동표에 반영하고 있습니다. 당사와 관계기업간 거래에 따른 미실현손익은 당사의 지분 해당분 만큼 제거하고 있습니다.\n관계기업에 대한 이익은 세효과 및 관계기업의 종속기업 비지배지분을 차감한 후의 당사 지분에 해당하는 부분을 포괄손익계산서에 영업외손익에 표시하고 있습니다.\n관계기업의 보고기간은 지배기업의 보고기간과 동일하며 당사와 동일한 회계정책의 적용을 위해 필요한 경우 재무제표를 조정하고 있습니다.지분법을 적용한 이후, 당사는 관계기업투자에 대하여 추가적인 손상차손을 인식할 필요가 있는지 결정합니다. 당사는 매 보고기간말에 관계기업투자가 손상된 객관적인 증거가 있는지 판단하고, 그러한 객관적인 증거가 있는 경우 관계기업투자의 회수가능액과 장부금액과의 차이를 손상차손으로 하여 포괄손익계산서에 인식하고 있습니다.\n당사는 관계기업에 대하여 유의적인 영향력을 상실한 때에 종전 관계기업에 대한 잔여 보유지분이 있다면 그 잔여 지분을 공정가치로 측정하고 있으며, 유의적인 영향력을 상실한 때의 관계기업투자의 장부금액과 잔여지분의 공정가치 및 처분대가와의 차이는 당기손익으로 반영하고 있습니다.\n2-9 차입원가의도된 용도로 사용하거나 판매가능한 상태에 이르게 하는데 상당한 기간을 필요로하는 자산의 취득, 건설 또는 생산과 직접 관련된 차입원가는 당해 자산 원가의 일부로 자본화하고 있습니다. 기타 차입원가는 발생시 비용으로 계상하고 있습니다.2-10 투자부동산투자부동산은 관련 거래원가를 가산한 취득원가로 측정하고 있으며, 발생시점에 자산의 인식요건을 충족한 대체원가를 포함하고 있습니다. 다만, 일상적인 관리활동에서 발생하는 원가는 발생시점에 비용으로 인식하고 있습니다.투자부동산 중 토지에 대해서는 감가상각을 하지 않으며, 토지를 제외한 투자부동산은 경제적 내용연수에 따라 20~40년을 적용하여 정액법으로 상각하고 있습니다.당사는 투자부동산을 처분하거나 사용을 통하여 더 이상 미래경제적 효익을 얻을 수 없을 것으로 예상되는 경우 재무제표에서 제거하고 있으며, 이로 인하여 발생되는 순처분금액과 장부금액의 차이는 제거시점의 당기손익에 반영하고 있습니다.\n2-11 유형자산\n당사는 건설중인자산은 취득원가에서 손상차손누계액을 차감한 잔액으로, 유형자산은 취득원가에서 감가상각누계액과 손상차손누계액을 차감한 잔액으로 표시하고 있습니다. 이러한 원가에는 자산의 인식요건을 충족한 대체원가 및 장기건설 프로젝트의 차입원가를 포함하고 있습니다. 유형자산의 주요 부분이 주기적으로 교체될 필요가 있는 경우 연결기업은 그 부분을 개별자산으로 인식하고 해당 내용연수동안 감가상각하고 있습니다. 또한 종합검사원가와 같이 자산의 인식요건을 충족하는 경우에는 유형자산의 장부금액에 포함되어 있으며, 모든 수선 및 유지비용은 발생시점에 당기손익에 반영하고 있습니다.\n당사는 유형자산에 대하여 아래의 내용연수에 따라 정액법으로 감가상각하고 있습니다.\n구분\n추정내용연수\n건물\n20년 ~ 40년\n구축물\n20년\n기계장치\n7년\n차량운반구\n5년\n비품\n5년\n유형자산은 처분하거나 사용 또는 처분을 통하여 미래경제적 효익이 기대되지 않을경우 제거하고 있으며, 이로 인하여 발생하는 순처분가액과 장부금액의 차이는 제거시점의 당기손익에 반영하고 있습니다.\n당사는 매 보고기간말에 유형자산의 잔존가치, 내용연수 및 감가상각방법의 적정성을 검토하고 변경이 필요한 경우 전진적으로 적용하고 있습니다.\n2-12 무형자산당사는 개별적으로 취득한 무형자산은 취득원가로 계상하고 사업결합으로 취득하는 무형자산은 매수시점의 공정가치로 계상하며 최초취득 이후 상각누계액과 손상차손누계액을 직접 차감하여 표시하고 있습니다. 한편 내부적으로 창출된 무형자산은 발생시점에 비용항목으로 하여 당기손익에 반영하고 있습니다.\n무형자산은 유한한 내용연수를 가진 무형자산과 비한정 내용연수를 가진 무형자산으로 구분되는 바, 유한한 내용연수를 가진 무형자산은 해당 내용연수에 걸쳐 상각하고손상징후가 파악되는 경우 손상여부를 검토하고 있습니다. 또한 내용연수와 상각방법은 매 회계연도말에 그 적정성을 검토하고 있으며 예상 사용기간의 변경이나 경제적효익의 소비형태 변화 등으로 인하여 변경이 필요한 경우에는 추정의 변경으로 회계처리하고 있습니다. 무형자산상각비는 해당 무형자산의 기능과 일관된 비용항목으로 하여 당기손익에 반영하고 있습니다.한편 비한정 내용연수를 가진 무형자산은 상각하지 아니하되 매년 개별적으로 또는 현금창출단위에 포함하여 손상검사를 수행하고 있습니다. 또한 매년 해당 무형자산에 대하여 비한정 내용연수를 적용하는 것이 적절한지를 검토하고 적절하지 않은 경우 전진적인 방법으로 유한한 내용연수로 변경하고 있습니다.당사는 무형자산 제거시 순매각금액과 장부금액의 차이로 인한 손익은 제거시점의 당기손익에 반영하고 있습니다.당사의 무형자산 관련 회계정책을 요약하면 다음과 같습니다.\n구분\n상각방법\n추정내용연수\n소프트웨어\n정액법\n5년\n회원권\n상각대상아님\n비한정\n2-13 리스당사는 계약에서 대가와 교환하여, 식별되는 자산의 사용 통제권을 일정기간 이전하게 하는지를 고려하여 계약의 약정시점에, 계약자체가 리스인지, 계약이 리스를 포함하는지를 판단합니다.2-13-1 리스이용자로서의 회계처리\n당사는 단기리스와 소액 기초자산 리스를 제외한 모든 리스에 대하여 하나의 인식과측정 접근법을 적용합니다. 당사는 리스료 지급의무를 나타내는 리스부채와 기초자산의 사용권을 나타내는 사용권자산을 인식합니다.\n(1) 사용권자산당사는 리스개시일(즉, 기초자산이 사용가능한 시점)에 사용권자산을 인식합니다. 사용권자산은 원가로 측정하고, 후속 측정 시 원가모형을 적용하였습니다. 원가모형을 적용하기 위하여 감가상각누계액과 손상차손누계액을 차감하고, 리스부채의 재측정에 따른 조정을 반영합니다. 사용권자산의 원가는 인식된 리스부채 금액, 최초 직접원가, 그리고 받은 리스 인센티브를 차감한 리스개시일이나 그 전에 지급한 리스료를포함합니다. 사용권자산은 리스기간과 다음과 같은 자산의 추정된 내용연수 중 짧은 기간에 걸쳐 정액기준으로 감가상각합니다.\n구분\n내용연수\n토지\n40년\n건물\n10년\n차량운반구\n3년\n리스기간 종료시점에 당사에 기초자산의 소유권이 이전되는 경우나 사용권자산의 원가에 당사가 매수선택권을 행사할 것임이 반영되는 경우, 감가상각은 자산의 기초자산의 추정된 내용연수를 사용하여 계산됩니다.\n사용권자산도 손상의 대상이 되며 주석 2-14 비금융자산의 손상에 대한 회계정책에서 설명하였습니다.\n(2) 리스부채리스 개시일에, 당사는 리스기간에 걸쳐 지급될 리스료의 현재가치로 리스부채를 측정합니다. 리스료는 고정리스료(실질적인 고정리스료를 포함하고, 받을 리스 인센티브는 차감), 지수나 요율에 따라 달라지는 변동리스료 및 잔존가치보증에 따라 지급될 것으로 예상되는 금액으로 구성됩니다. 리스료는 또한 당사가 매수선택권을 행사할 것이 상당히 확실한 경우에 그 매수선택권의 행사가격과 리스기간이 당사의 종료선택권 행사를 반영하는 경우에 그 리스를 종료하기 위하여 부담하는 금액을 포함합니다.\n지수나 요율에 따라 달라지는 변동리스료가 아닌 변동리스료는 (재고자산을 생산하는데 발생된 것이 아니라면) 리스료 발생을 유발하는 사건 또는 조건이 발생한 기간의 비용으로 인식합니다.\n당사는 리스료의 현재가치를 계산할 때, 리스의 내재이자율을 쉽게 산정할 수 없기 때문에 리스개시일의 증분차입이자율을 사용합니다. 리스개시일 이후 리스부채 금액은 이자를 반영하여 증가하고 지급한 리스료를 반영하여 감소합니다. 또한, 리스부채의 장부금액은 리스기간의 변경, 리스료의 변경(예를 들어, 리스료를 산정할 때 사용한 지수나 요율의 변동으로 생기는 미래 리스료의 변동) 또는 기초자산을 매수하는 선택권 평가에 변동이 있는 경우 재측정됩니다.\n(3) 단기리스와 소액 기초자산 리스당사는 직원숙소, 비품 등의 리스에 단기리스(즉, 이러한 리스는 리스기간이 리스개시일로부터 12개월 이하이고 매수선택권을 포함하지 않음)에 대한 인식 면제 규정을적용합니다. 또한 당사는 소액자산으로 간주되는 사무용품 등의 리스에 소액자산 리스에 대한 인식 면제 규정을 적용합니다. 단기리스와 소액자산 리스에 대한 리스료는발생기준으로 비용을 인식합니다.\n2-14 비금융자산의 손상당사는 매 보고기간말에 자산의 손상을 시사하는 징후가 존재하는지 검토하고 있습니다. 그러한 징후가 존재하는 경우 또는 매년 자산에 대한 손상검사가 요구되는 경우, 당사는 자산의 회수가능액을 추정하고 있습니다. 자산의 회수가능액은 자산 또는현금창출단위의 순공정가치와 사용가치 중 큰 금액이며, 개별자산별로 결정하나 해당 개별자산의 현금유입이 다른 자산이나 자산집단의 현금유입과 거의 독립적으로 창출되지 않는 경우, 해당 개별자산이 속한 현금창출단위별로 결정됩니다. 자산의 장부금액이 회수가능액을 초과하는 경우, 자산은 손상된 것으로 보며 자산의 장부금액을 회수가능액으로 감소시키게 됩니다.\n사용가치는 해당 자산의 기대 미래현금흐름의 추정치를 화폐의 시간가치와 해당 자산의 위험에 대한 시장의 평가를 반영한 세전할인율로 할인한 현재가치로 평가하고 있습니다. 순공정가치는 최근거래가격을 고려하고 있습니다. 그러한 거래가 식별되지 않는 경우 적절한 평가모델을 사용하여 결정하고 있습니다. 이러한 계산에는 평가배수, 상장주식의 시가 또는 기타 공정가치 지표를 이용하고 있습니다.\n당사는 개별자산이 배부된 각각의 현금흐름창출단위에 대하여 작성된 구체적인 재무예산/예측을 기초로 손상금액을 계산하고 있습니다. 재무예산/예측은 일반적으로 5년간의 기간을 다루며 더 긴 기간에 대해서는 장기성장률을 계산하여 5년 이후의 기간에 적용하고 있습니다.\n손상차손은 손상된 자산의 기능과 일관된 비용항목으로 하여 당기손익에 반영하고 있습니다.영업권을 제외한 자산에 대하여 매 보고기간말에 과거에 인식한 자산의 손상차손이 더 이상 존재하지 않거나 또는 감소하였다는 것을 시사하는 징후가 있는지 여부를 평가하며, 그러한 징후가 있는 경우 회수가능액을 추정하고 있습니다. 과거에 인식한 영업권을 제외한 자산의 손상차손은 직전 손상차손의 인식시점 이후 해당 자산의 회수가능액을 결정하는데 사용된 추정치에 변화가 있는 경우에 한하여 손상차손을 인식하지 않았을 경우의 자산의 장부금액의 상각 후 잔액을 한도로 장부금액을 회수가능액으로 증가시키고 이러한 손상차손환입은 당기손익에 반영하고 있습니다.다음의 자산에 대하여는 자산손상검사에 있어 각각의 기준이 추가적으로 적용되고 있습니다.- 무형자산당사는 비한정 내용연수를 가진 무형자산에 대하여 매년 12월 31일과 손상징후가 발생하였을때 개별 자산별 또는 현금창출단위별로 손상검사를 수행하고 있습니다.\n2-15 퇴직급여당사는 확정급여제도를 운영하고 있으며, 확정급여제도의 급여원가는 예측단위적립방식을 이용하여 결정됩니다. 보험수리적손익, 순이자에 포함된 금액을 제외한 사외적립자산의 수익 및 순이자에 포함된 금액을 제외한 자산인식상한효과의 변동으로 구성된 재측정요소는 발생 즉시 기타포괄손익으로 인식하고 있으며 후속적으로 당기손익으로 재분류하지 아니하고 있습니다.과거근무원가는 제도의 개정이나 축소가 발생하는 시점과 관련 구조조정원가나 해고급여를 인식하는 시점 중 이른 날에 비용으로 인식하고 있습니다.순이자는 순확정급여부채(자산)에 할인율을 곱하여 결정하고 있습니다. 당사는 근무원가와 순확정급여부채의 순이자를 매출원가 및 판매비와관리비의 항목으로 당기손익으로 인식하고 있습니다.\n2-16 자기주식당사는 자기주식을 자본에서 차감하여 회계처리하고 있습니다. 자기주식의 취득, 매각, 발행 또는 취소에 따른 손익은 포괄손익계산서에 반영하지 않으며, 장부금액과 처분대가의 차이는 자본잉여금(또는 기타자본)으로 회계처리하고 있습니다.\n2-17 고객과의 계약에서 생기는 수익고객과의 계약에서 당사는 재화나 용역의 통제가 고객에 이전되었을 때, 해당 재화나용역의 대가로 받을 권리를 갖게 될 것으로 예상하는 대가를 반영하는 금액으로 수익을 인식합니다. 당사는 고객과의 계약에서 재화나 용역을 고객에게 제공하기 전에 정해진 각 재화나 용역을 통제하므로 대행 서비스를 제외하고는 본인으로 결론 내렸습니다.2-18 법인세2-18-1 당기법인세당기 및 과거기간의 당기법인세부채(자산)는 보고기간말까지 제정되었거나 실질적으로 제정된 세율(및 세법)을 사용하여 과세당국에 납부할(과세당국으로부터 환급받을)것으로 예상되는 금액으로 측정하고 있습니다.\n자본에 직접 반영되는 항목과 관련된 당기법인세는 자본에 반영되며 당기손익에 반영되지 않고 있습니다. 경영진은 주기적으로 관련 세법 규정의 해석과 관련해서 법인세 환급액에 대한 회수가능성을 평가하여 필요한 경우 충당금을 설정하고 있습니다.\n2-18-2 이연법인세\n당사는 자산 및 부채의 재무보고 목적상 장부금액과 세무기준액의 차이인 일시적차이에 대하여 이연법인세자산과 이연법인세부채를 인식하고 있습니다.당사는 다음의 경우를 제외하고 모든 가산할 일시적차이에 대하여 이연법인세부채를인식하고 있습니다.- 영업권을 최초로 인식할 때 이연법인세부채가 발생하는 경우- 자산 또는 부채를 최초로 인식하는 거래로서 사업결합거래가 아니고 거래 당시 회계이익이나 과세소득에 영향을 미치지 아니하는 거래에서 이연법인세부채가 발생하는 경우- 종속기업, 관계기업 및 조인트벤처에 대한 투자지분과 관련한 가산할 일시적차이로서 동 일시적차이의 소멸시점을 통제할 수 있고 예측가능한 미래에 일시적차이가 소멸하지 않을 가능성이 높은 경우또한 다음의 경우를 제외하고는 차감할 일시적차이, 미사용 세액공제와 세무상결손금이 사용될 수 있는 과세소득의 발생가능성이 높은 경우 이연법인세자산을 인식하고 있습니다.- 자산 또는 부채를 최초로 인식하는 거래로서 사업결합거래가 아니고 거래 당시 회계이익이나 과세소득에 영향을 미치지 아니하는 거래에서 이연법인세자산이 발생하는 경우- 종속기업, 관계기업 및 조인트벤처에 대한 투자지분과 관련한 차감할 일시적차이로서 동 일시적차이가 예측가능한 미래에 소멸할 가능성이 높지 않거나 동 일시적차이가 사용될 수 있는 과세소득이 발생할 가능성이 높지 않은 경우\n이연법인세자산의 장부금액은 매 보고기간말에 검토하며 이연법인세자산의 일부 또는 전부에 대한 혜택이 사용되기에 충분한 과세소득이 발생할 가능성이 더 이상 높지않다면 이연법인세자산의 장부금액을 감액시키고 있습니다. 또한 매 보고기간말마다인식되지 않은 이연법인세자산에 대하여 재검토하여, 미래 과세소득에 의해 이연법인세자산이 회수될 가능성이 높아진 범위까지 과거 인식되지 않은 이연법인세자산을인식하고 있습니다.이연법인세자산 및 부채는 보고기간말까지 제정되었거나 실질적으로 제정된 세율(및세법)에 근거하여 당해 자산이 실현되거나 부채가 결제될 회계기간에 적용될 것으로 기대되는 세율을 사용하여 측정하고 있습니다.당기손익 이외로 인식되는 항목과 관련된 당기법인세와 이연법인세는 당기손익 이외의 항목으로 인식하고 있습니다. 이연법인세 항목은 해당 거래에 따라서 기타포괄손익으로 인식하거나 자본에 직접 반영하고 있습니다.당사는 당기법인세자산과 당기법인세부채를 상계할 수 있는 법적으로 집행가능한 권리를 가지고 있고 과세대상기업이 동일한 경우 혹은 과세대상기업은 다르지만 당기법인세부채와 자산을 순액으로 결제할 의도가 있거나, 유의적인 금액의 이연법인세부채가 결제되거나 이연법인세자산이 회수될 미래의 각 회계기간 마다 자산을 실현하는 동시에 부채를 결제할 의도가 있는 경우에 이연법인세자산과 이연법인세부채가동일한 과세당국과 관련이 있는 경우에만 이연법인세자산과 이연법인세부채를 상계하여 표시하고 있습니다.\n2-19 충당부채당사는 과거사건의 결과로 현재의무(법적의무 또는 의제의무)가 존재하고, 당해 의무를 이행하기 위하여 경제적효익을 갖는 자원이 유출될 가능성이 높으며, 당해 의무의이행에 소요되는 금액을 신뢰성있게 추정할 수 있는 경우에 충당부채를 인식하고 있습니다. 충당부채를 결제하기 위하여 필요한 지출액의 일부 또는 전부를 제3자가 변제할 것이 예상되는 경우 당사가 의무를 이행한다면 변제를 받을 것이 거의 확실하게되는 때에 한하여 변제금액을 인식하고 별도의 자산으로 회계처리하고 있습니다. 충당부채와 관련하여 포괄손익계산서에 인식되는 비용은 제3자의 변제와 관련하여 인식한 금액과 상계하여 표시하고 있습니다.\n화폐의 시간가치 효과가 중요한 경우 충당부채는 부채의 특유위험을 반영한 현행 세전 이자율로 할인하고 있습니다. 충당부채를 현재가치로 평가하는 경우, 기간 경과에따른 장부금액의 증가는 금융원가로 인식하고 있습니다.2-20 현금배당당사는 배당을 지급하기 위해 분배가 승인되고 더 이상 기업에게 재량이 없는 시점에부채를 인식하고 있습니다. 주주에 대한 분배는 주주에 의한 승인을 필요로 합니다. 대응되는 금액은 자본에 직접 반영하고 있습니다.2-21 주당이익기본주당이익은 당사의 보통주소유주에게 귀속되는 당기순이익을 가중평균유통보통주식수로 나누어 계산하며, 희석주당이익은 당사의 보통주소유주에게 귀속되는 희석당기순이익을 가중평균유통보통주식수에 희석성 잠재적보통주가 보통주로 변경되는 경우 발행될 보통주의 가중평균주식수를 합한 주식수로 나누어 계산합니다.\n2-22 매각예정분류자산 및 중단영업\n비유동자산(또는 처분자산집단)은 장부금액이 매각거래를 통하여 주로 회수되고, 매각될 가능성이 매우 높은 경우에 \'매각예정분류자산\'으로 분류하며, 장부금액과 순공정가치 중 작은 금액으로 측정하고 있습니다.영업활동이 종료된 영업의 구분단위 또는 처분 등의 이유로 매각예정으로 분류된 구분 단위가 주요 사업계열이나 영업지역에 해당하는 경우 중단영업으로 분류하여 관련 세후 손익을 손익계산서에 중단영업손익의 과목으로 별도 표시하며, 중단영업의 영업활동, 투자활동 및 재무활동에서 발생한 순현금흐름을 주석으로 표시하고 있습니다.\n2-23 제ㆍ개정된 기준서의 적용당사는 2023년 1월 1일로 개시하는 회계기간부터 다음의 제ㆍ개정 기준서 및 해석서를 신규로 적용하였습니다.\n- 기업회계기준서 제1001호 \'재무제표 표시\' - \'회계정책\'의 공시\n\xa0\n중요한 회계정책 정보(중요한 회계 정책 정보란, 재무제표에 포함된 다른 정보와 함께 고려되었을 때 재무제표의 주요 이용자의 의사결정에 영향을 미칠 정도의 수준을 의미)를 정의하고 이를 공시하도록 하였습니다. 해당 기준서의 개정이 재무제표에 미치는 중요한 영향은 없습니다.\xa0\n- 기업회계기준서 제1001호 \' 재무제표 표시 \' - 행사가격 조정 조건이 있는 금융부채 평가손익 공시 \n발행자의 주가 변동에 따라 행사가격이 조정되는 조건이 있는 금융상품의 전부나 일부가 금융부채로 분류되는 경우 그 금융부채의 장부금액과 관련 손익을 공시하도록 하였습니다. 해당 기준서의 개정이 재무제표에 미치는 중요한 영향은 없습니다.\xa0\n\xa0\n- 기업회계기준서 제1008호 \'회계정책, 회계추정의 변경 및 오류\' - \'회계추정\'의 정의\xa0\n\xa0\n회계추정을 정의하고, 회계정책의 변경과 구별하는 방법을 명확히 하였습니다. 해당 기준서의 개정이 재무제표에 미치는 중요한 영향은 없습니다.\n- 기업회계기준서 제1012호 \'법인세\' - \xa0단일거래에서 생기는 자산과 부채에 대한 이연법인세\xa0\n자산 또는 부채가 최초로 인식되는 거래의 최초 인식 예외 요건에 거래시점 동일한 가산할 일시적차이와 차감할 일시적차이를 발생시키지 않는 거래라는 요건을 추가하였습니다. 해당 기준서의 개정이 재무제표에 미치는 중요한 영향은 없습니다.\n- 기업회계기준서 제1117호 \'보험계약\' 제정\xa0\n\xa0\n기업회계기준서 제1117호 \'보험계약\'은 기업회계기준서 제1104호 \'보험계약’을 대체합니다. 보험계약에 따른 모든 현금흐름을 추정하고 보고시점의 가정과 위험을 반영한 할인율을 사용하여 보험부채를 측정하고, 매 회계연도별로 계약자에게 제공한 서비스(보험보장)를 반영하여 수익을 발생주의로 인식하도록 합니다. 또한, 보험사건과 관계없이 보험계약자에게 지급하는 투자요소(해약/만기환급금)는 보험수익에서 제외하며, 보험손익과 투자손익을 구분 표시하여 정보이용자가 손익의 원천을 확인할 수 있도록 하였습니다. 해당 기준서의 제정이 재무제표에 미치는 중요한 영향은 없습니다.- 기업회계기준서 제1012호 ‘법인세’- ‘국제조세개혁 - 필라2 모범규칙’ 개정 기준은 다국적기업의 국제조세를 개혁하는 필라2 모범규칙을 반영하는 법률의 시행으로 생기는 이연법인세 회계처리를 일시적으로 완화하고 이와 관련된 당기법인세 효과 등에 대한 공시를 요구하고 있습니다. 해당 기준서의 제정이 재무제표에 미치는 중요한 영향은 없습니다.\xa0\r\n3. 중요한 회계적 판단, 추정 및 가정당사의 경영자는 재무제표 작성시 보고기간말 현재 수익, 비용, 자산 및 부채에 대한 보고금액과 우발부채에 대한 주석공시사항에 영향을 미칠 수 있는 판단, 추정 및 가정을 하여야 합니다. 그러나 이러한 추정 및 가정의 불확실성은 향후 영향을 받을 자산 및 부채의 장부금액에 중요한 조정을 유발할 수 있습니다. 당사가 노출된 위험 및 불확실성에 대한 기타 공시사항으로 자본관리, 재무위험관리 및 정책, 민감도 분석이있습니다.\n다음 회계연도 내에 자산과 부채의 장부금액에 중요한 조정을 유발할 수 있는 중요한위험을 내포한 보고기간말 현재의 미래에 대한 중요한 가정 및 추정의 불확실성에 대한 기타 주요 원천은 다음과 같습니다. 가정 및 추정은 재무제표를 작성하는 시점에 입수가능한 변수에 근거하고 있습니다. 현재의 상황과 미래에 대한 가정은 시장의 변화나 당사의 통제에서 벗어난 상황으로 인해 변화할 수 있습니다. 그러한 변화가 발생시 이를 가정에 반영하고 있습니다.3-1 금융상품의 공정가치활성시장이 없는 금융상품의 공정가치는 현금흐름할인법을 포함한 평가기법을 적용하여 산정하였습니다. 이러한 평가기법에 사용된 입력요소에 관측가능한 시장의 정보를 이용할 수 없는 경우 공정가치의 산정에 상당한 추정이 요구됩니다. 이러한 판단에는 유동성 위험, 신용위험, 변동성 등에 대한 입력변수의 고려가 포함됩니다. 이러한 요소들에 대한 변화는 금융상품의 공정가치에 영향을 줄 수 있습니다.3-2 퇴직급여제도확정급여퇴직연금제도 및 퇴직후의료급여제도의 원가와 퇴직연금채무의 현재가치는 보험수리적 평가방법을 통해 결정됩니다. 보험수리적 평가방법의 적용을 위해서는 다양한 가정을 세우는 것이 필요합니다. 이러한 가정의 설정은 할인율, 미래임금상승률, 사망률 및 미래연금상승률의 결정 등을 포함합니다. 평가방법의 복잡성과 기본 가정 및 장기적인 성격으로 인해 확정급여채무는 이러한 가정들에 따라 민감하게 변동됩니다. 모든 가정은 매 보고기간종료일마다 검토됩니다.\n적절한 할인율을 결정하기 위하여 경영진은 AA등급 이상의 회사채의 이자율을 참조하고 있습니다. 사망률은 공개적으로 활용가능한 표에 기초하고 있으며 미래임금상승률 및 미래연금상승률은 기대인플레이션율에 기초하고 있습니다.\n3-3 비금융자산의 손상당사는 매 보고기간종료일에 모든 비금융자산에 대하여 손상징후의 존재 여부를 평가합니다. 영업권과 비한정 내용연수의 무형자산에 대해서는 매년 또는 손상징후가 있는 경우에 손상검사를 수행합니다. 기타 비금융자산에 대해서는 장부금액이 회수가능하지 않을 것이라는 징후가 있을 때 손상검사를 수행합니다. 사용가치를 계산하기 위하여 경영자는 해당 자산이나 현금창출단위로부터 발생하는 미래기대현금흐름을 추정하고 동 미래기대현금흐름의 현재가치를 계산하기 위한 적절한 할인율을 선택하여야 합니다.3-4 리스 - 증분차입이자율의 산정\n당사는 리스의 내재이자율을 쉽게 산정할 수 없으므로, 리스부채를 측정하기 위해 증분차입이자율을 사용합니다. 증분차입이자율은 당사가 비슷한 경제적 환경에서 비슷한 기간에 걸쳐 비슷한 담보로 사용권자산과 가치가 비슷한 자산 획득에 필요한 자금을 차입한다면 지급해야 하는 이자율입니다. 따라서 증분차입이자율은 관측가능한 요율이 없거나 리스 조건을 반영하기 위하여 조정되어야 하는 경우 측정이 요구되는 당사가 \'지불해야 하는\'사항을 반영합니다. 당사는 가능한 경우(시장이자율과 같은) 관측가능한 투입변수를 이용하여 증분차입이자율을 측정하고 특정 기업별 추정치를 작성해야 합니다.4. 공표되었으나 아직 시행되지 않은 회계기준\n당사의 재무제표 발행승인일 현재 공표되었으나 아직 시행되지 않아 당사가 채택하지 않은 한국채택국제회계기준의 기준서 및 해석서의 제ㆍ개정내역은 다음과 같습니다.\n- 기업회계기준서 제1001호 \'재무제표 표시\' 개정 - 부채의 유동/비유동 분류, 약정사항이 있는 비유동부채\n\xa0\n부채는 보고기간말 현재 존재하는 실질적인 권리에 따라 유동 또는 비유동으로 분류되며, 부채의 결제를 연기할 수 있는 권리의 행사가능성이나 경영진의 기대는 고려하지 않습니다. 또한, 부채의 결제에 자기지분상품의 이전도 포함되나, 복합금융상품에서 자기 지분상품으로 결제하는 옵션이 지분상품의 정의를 충족하여 부채와 분리하여 인식된 경우는 제외됩니다.\xa0\n또한, 기업이 보고기간말 후에 준수해야하는 약정은 해당 부채의 분류에 영향을 미치지 않으며, 보고기간 이후12개월 이내 약정사항을 준수해야하는 부채가 비유동부채로 분류된 경우 보고기간 이후 12개월 이내 부채가 상환될 수 있는 위험에 관한 정보를 공시해야 합니다. 동 개정사항은 2024년 1월 1일이후 시작하는 회계연도부터 적용되며, 조기적용이 허용됩니다. 당사는 동 개정으로 인한 재무제표의 영향을 검토 중에 있습니다.\xa0\n- 기업회계기준서 제1007호 \'현금흐름표\', 기업회계기준서 제1107호 \'금융상품: 공시\' 개정 - 공급자금융약정에 대한 정보 공시\n공급자금융약정을 적용하는 경우, 재무제표이용자가 공급자금융약정이 기업의 부채와 현금흐름 그리고 유동성위험익스포저에 미치는 영향을 평가할 수 있도록 공급자금융약정에 대한 정보를 공시해야 합니다. 동 개정사항은 2024년 1월 1일 이후 시작하는 회계연도부터 적용되며, 조기적용이 허용됩니다. 해당 기준서의 제정이 재무제표에 미치는 중요한 영향은 없습니다.\n- 기업회계기준서 제1116호 ‘리스’개정 - 판매후리스에서 생기는 리스부채\n\xa0\n판매후리스에서 생기는 리스부채를 후속적으로 측정할 때 판매자-리스이용자가 보유하는 사용권 관련 손익을 인식하지 않는 방식으로 리스료나 수정리스료를 산정합니다. 동 개정사항은 2024년 1월 1일 이후 시작하는 회계연도부터 적용되며, 조기적용이 허용됩니다. 해당 기준서의 제정이 재무제표에 미치는 중요한 영향은 없습니다.\n- 기업회계기준서 제1001호 ‘재무제표 표시’개정 - ‘가상자산 공시’\n\xa0\n가상자산을 보유하는 경우, 가상자산을 고객을 대신하여 보유하는 경우, 가상자산을 발행한 경우의 추가 공시사항을 규정하고 있습니다. \xa0동 개정사항은 2024년 1월 1일 이후 시작하는 회계연도부터 적용되며, 조기적용이 허용됩니다. 해당 기준서의 제정이 재무제표에 미치는 중요한 영향은 없습니다.\n5. 영업부문정보5-1 영업보고부문당사는 단일영업부문을 가지고 있으며 당기와 전기 중 외부고객으로부터의 수익 및 보고기간종료일 현재 비유동자산의 현황은 다음과 같습니다.\n\xa0 \xa0 \xa0 \xa0 \xa0 \xa0 \xa0 \xa0 \xa0 \xa0 \xa0 \xa0 \xa0 \xa0 \xa0 \xa0 \xa0 \xa0 \xa0 \xa0 \xa0 \xa0 \xa0 \xa0 \xa0 \xa0 \xa0 \xa0 \xa0 \xa0 \xa0 \xa0 \xa0 \xa0 \xa0 \xa0 \xa0 \xa0 \xa0 \xa0 \xa0 \xa0 \xa0 \xa0 \xa0 \xa0 \xa0 \xa0 \xa0 \xa0 \xa0 \xa0 \xa0 (단위: 원)\n구분\n외부고객으로부터의 수익 (주1)\n비유동자산 (주2)\n당기\n전기\n당기말\n전기말\n한국\n137,861,253,695\n170,647,738,247\n101,862,014,418\n111,530,214,667\n중국\n30,902,846,810\n37,392,744,495\n-\n-\n기타\n47,627,634,341\n58,402,547,632\n-\n-\n중단영업에 포함된 매출(매각예정)\n(-)3,995,764,687\n(-)27,010,141,126\n-\n(-)8,943,182,704\n합계\n212,395,970,159\n239,432,889,248\n101,862,014,418\n102,587,031,963\n(주1) 위 지역별 정보는 고객의 위치를 기초로 하여 작성된 것입니다.(주2) 투자부동산, 유형자산, 무형자산, 사용권자산으로 구성되어 있습니다.5-2 주요 고객별 정보단일 고객에의 매출이 당사 총 매출의 10%이상인 주요 고객은 1개사(전기: 1개사)로해당 매출이 전체 매출에서 차지하는 비중은 25.72%(전기: 25.70%)입니다.\n6. 현금및현금성자산현금및현금성자산의 구성내역은 다음과 같습니다. \xa0 \xa0 \xa0 \xa0 \xa0 \xa0 \xa0 \xa0 \xa0 \xa0 \xa0 \xa0 \xa0 \xa0 \xa0 \xa0 \xa0 \xa0 \xa0 \xa0 \xa0 \xa0 \xa0 \xa0 \xa0 \xa0 \xa0 \xa0 \xa0 \xa0 \xa0 \xa0 \xa0 \xa0 \xa0 \xa0 \xa0 \xa0 \xa0 \xa0 \xa0 \xa0 \xa0 \xa0 \xa0 \xa0 \xa0 \xa0 \xa0 \xa0 \xa0 \xa0 \xa0(단위: 원)\n구분\n당기말\n전기말\n현금\n10,409,000\n6,975,210\n당좌예금\n1,338,702,184\n938,468,911\n보통예금\n8,054,245,385\n236,897,036\n외화예금\n2,760,915,447\n2,329,579,101\n기타예금\n36,848,534\n36,724,405\n소계\n12,201,120,550\n3,548,644,663\n매각예정자산 분류\n-\n(-)1,000,000,000\n합계\n12,201,120,550\n2,548,644,663\n7. 매출채권및기타채권7-1 매출채권및기타채권의 내역 \xa0 \xa0 \xa0 \xa0 \xa0 \xa0 \xa0 \xa0 \xa0 \xa0 \xa0 \xa0 \xa0 \xa0 \xa0 \xa0 \xa0 \xa0 \xa0 \xa0 \xa0 \xa0 \xa0 \xa0 \xa0 \xa0 \xa0 \xa0 \xa0 \xa0 \xa0 \xa0 \xa0 \xa0 \xa0 \xa0 \xa0 \xa0 \xa0 \xa0 \xa0 \xa0 \xa0 \xa0 \xa0 \xa0 \xa0 \xa0 \xa0 \xa0 \xa0 \xa0 \xa0(단위: 원)\n구분\n당기말\n전기말\n매출채권\n매출채권\n40,123,610,242\n43,415,419,654\n대손충당금\n(-)222,283,425\n-\n소계\n39,901,326,817\n43,415,419,654\n미수금\n364,872,498\n150,894,142\n합계\n40,266,199,315\n43,566,313,796\n7-2 매출채권및기타채권의 대손충당금 변동내역\n\xa0 \xa0 \xa0 \xa0 \xa0 \xa0 \xa0 \xa0 \xa0 \xa0 \xa0 \xa0 \xa0 \xa0 \xa0 \xa0 \xa0 \xa0 \xa0 \xa0 \xa0 \xa0 \xa0 \xa0 \xa0 \xa0 \xa0 \xa0 \xa0 \xa0 \xa0 \xa0 \xa0 \xa0 \xa0 \xa0 \xa0 \xa0 \xa0 \xa0 \xa0 \xa0 \xa0 \xa0 \xa0 \xa0 \xa0 \xa0 \xa0 \xa0 \xa0 \xa0 \xa0(단위: 원)\n구분\n당기\n전기\n기초\n\xa0-\n-\n상각(환입)\n222,283,425\n-\n제각\n\xa0-\n-\n제각채권 회수\n-\n-\n기말\n-\n-\n합계\n222,283,425\n-\n7-3 매출채권및기타채권(연체되었으나 손상되지 아니한 채권 포함)의 약정회수기일 기준 연령분석 \xa0 \xa0 \xa0 \xa0 \xa0 \xa0 \xa0 \xa0 \xa0 \xa0 \xa0 \xa0 \xa0 \xa0 \xa0 \xa0 \xa0 \xa0 \xa0 \xa0 \xa0 \xa0 \xa0 \xa0 \xa0 \xa0 \xa0 \xa0 \xa0 \xa0 \xa0 \xa0 \xa0 \xa0 \xa0 \xa0 \xa0 \xa0 \xa0 \xa0 \xa0 \xa0 \xa0 \xa0 \xa0 \xa0 \xa0 \xa0 \xa0 \xa0 \xa0 \xa0 \xa0(단위: 원)\n구분\n당기말\n전기말\n매출채권및기타채권\n\xa0 기한미도래\n40,228,342,097\n43,429,826,266\n\xa0 기한경과 미손상금액:\n\xa0 \xa0 90일이내\n40,229,280\n60,954,300\n\xa0 \xa0 90일 ~ 180일\n10,492,363\n71,823,840\n\xa0 \xa0 180일 ~ 365일\n21,320,860\n3,709,390\n소계\n72,042,503\n136,487,530\n\xa0 손상채권\n188,098,140\n\xa0-\n합계\n40,488,482,740\n43,566,313,796\n대손충당금\n\xa0 손상채권에 대한 대손충당금\n188,098,140\n-\n\xa0 미손상채권에 대한 대손충당금\n34,185,285\n-\n합계\n222,283,425\n-\n7-4 양도한 매출채권당사는 양도한 매출채권이 금융상품의 제거요건을 충족하지 못하는 경우 장부상 매출채권으로 계속 인식하고 있으며, 보고기간종료일 현재 양도하였으나 제거되지 아니한 매출채권은 없습니다.\n8. 기타금융자산 및 기타금융부채8-1 기타금융자산 \xa0 \xa0 \xa0 \xa0 \xa0 \xa0 \xa0 \xa0 \xa0 \xa0 \xa0 \xa0 \xa0 \xa0 \xa0 \xa0 \xa0 \xa0 \xa0 \xa0 \xa0 \xa0 \xa0 \xa0 \xa0 \xa0 \xa0 \xa0 \xa0 \xa0 \xa0 \xa0 \xa0 \xa0 \xa0 \xa0 \xa0 \xa0 \xa0 \xa0 \xa0 \xa0 \xa0 \xa0 \xa0 \xa0 \xa0 \xa0 \xa0 \xa0 \xa0 \xa0 \xa0(단위: 원)\n구분\n당기말\n전기말\n유동\n비유동\n유동\n비유동\n장ㆍ단기금융상품\n500,000,000\n11,857,628,648\n500,000,000\n71,500,000\n대여금\n5,921,160,000\n240,000,000\n-\n50,000,000\n미수수익\n120,255,789\n-\n2,859,451\n-\n임차보증금\n-\n358,554,704\n-\n356,554,704\n합계\n6,541,415,789\n12,456,183,352\n502,859,451\n478,054,704\n8-2 사용이 제한된 금융자산 \xa0 \xa0 \xa0 \xa0 \xa0 \xa0 \xa0 \xa0 \xa0 \xa0 \xa0 \xa0 \xa0 \xa0 \xa0 \xa0 \xa0 \xa0 \xa0 \xa0 \xa0 \xa0 \xa0 \xa0 \xa0 \xa0 \xa0 \xa0 \xa0 \xa0 \xa0 \xa0 \xa0 \xa0 \xa0 \xa0 \xa0 \xa0 \xa0  \xa0 \xa0 \xa0 \xa0 \xa0 \xa0 \xa0 \xa0 \xa0 \xa0 \xa0 \xa0 \xa0 \xa0 \xa0 \xa0 \xa0 \xa0 \xa0 \xa0 \xa0 \xa0 \xa0 \xa0 \xa0 \xa0 \xa0 \xa0 \xa0 \xa0 \xa0 \xa0 \xa0 \xa0 \xa0 \xa0 \xa0 \xa0 \xa0 \xa0 \xa0 \xa0 \xa0 \xa0 \xa0 \xa0 \xa0 \xa0 \xa0 \xa0 \xa0 \xa0 \xa0(단위: 원)\n구분\n제공처\n당기말\n전기말\n제공사유\n\xa0장기금융상품\n한국산업은행 등\n11,500,000\n11,500,000\n당좌개설보증금\nLG화학\n60,000,000\n60,000,000\n대죽공장 유틸리티비용 보증\nBASF BETEILIGUNGSGESELLSCHAFT MBH\n11,786,128,648\n-\nBHCS 설비투자 자금\n합계\n11,857,628,648\n71,500,000\n8-3 기타금융부채 \xa0 \xa0 \xa0 \xa0 \xa0 \xa0 \xa0 \xa0 \xa0 \xa0 \xa0 \xa0 \xa0 \xa0 \xa0 \xa0 \xa0 \xa0 \xa0 \xa0 \xa0 \xa0 \xa0 \xa0 \xa0 \xa0 \xa0 \xa0 \xa0 \xa0 \xa0 \xa0 \xa0 \xa0 \xa0 \xa0 \xa0 \xa0 \xa0 \xa0 \xa0 \xa0 \xa0 \xa0 \xa0 \xa0 \xa0 \xa0 \xa0 \xa0 \xa0 \xa0 \xa0(단위: 원)\n구분\n당기말\n전기말\n유동\n비유동\n유동\n비유동\n미지급비용\n550,631,070\n-\n537,529,436\n-\n임대보증금\n-\n119,000,000\n-\n89,000,000\n합계\n550,631,070\n119,000,000\n537,529,436\n89,000,000\n9. 기타자산 및 기타부채9-1 기타자산 \xa0 \xa0 \xa0 \xa0 \xa0 \xa0 \xa0 \xa0 \xa0 \xa0 \xa0 \xa0 \xa0 \xa0 \xa0 \xa0 \xa0 \xa0 \xa0 \xa0 \xa0 \xa0 \xa0 \xa0 \xa0 \xa0 \xa0 \xa0 \xa0 \xa0 \xa0 \xa0 \xa0 \xa0 \xa0 \xa0 \xa0 \xa0 \xa0 \xa0 \xa0 \xa0 \xa0 \xa0 \xa0 \xa0 \xa0 \xa0 \xa0 \xa0 \xa0 \xa0 \xa0(단위: 원)\n구분\n당기말\n전기말\n유동\n비유동\n유동\n비유동\n선급금\n125,945,871\n-\n170,482,412\n-\n선급비용\n88,781,499\n-\n102,470,969\n-\n부가가치세대급금\n1,294,276,021\n-\n1,862,581,816\n-\n합계\n1,509,003,391\n-\n2,135,535,197\n-\n9-2 기타부채 \xa0 \xa0 \xa0 \xa0 \xa0 \xa0 \xa0 \xa0 \xa0 \xa0 \xa0 \xa0 \xa0 \xa0 \xa0 \xa0 \xa0 \xa0 \xa0 \xa0 \xa0 \xa0 \xa0 \xa0 \xa0 \xa0 \xa0 \xa0 \xa0 \xa0 \xa0 \xa0 \xa0 \xa0 \xa0 \xa0 \xa0 \xa0 \xa0 \xa0 \xa0 \xa0 \xa0 \xa0 \xa0 \xa0 \xa0 \xa0 \xa0 \xa0 \xa0 \xa0 \xa0(단위: 원)\n구분\n당기말\n전기말\n유동\n비유동\n유동\n비유동\n선수금\n19,827,685\n-\n53,937,838\n-\n예수금\n242,572,623\n-\n337,748,320\n-\n선수수익\n-\n10,366,350,000\n-\n-\n합계\n262,400,308\n10,366,350,000\n391,686,158\n-\n10. 매각예정분류자산10-1 매각예정분류자산은 2022년 12월 29일 임시주주총회에서 결정된 대죽공장 단순 물적분할에 관한 사항을 반영한 것이며, 당기말 현재 물적분할 및 지분양도가 완료되었습니다.10-2 매각예정으로 분류한 자산 및 부채의 내역 \xa0 \xa0 \xa0 \xa0 \xa0 \xa0 \xa0 \xa0 \xa0 \xa0 \xa0 \xa0 \xa0 \xa0 \xa0 \xa0 \xa0 \xa0 \xa0 \xa0 \xa0 \xa0 \xa0 \xa0 \xa0 \xa0 \xa0 \xa0 \xa0 \xa0 \xa0 \xa0 \xa0 \xa0 \xa0 \xa0 \xa0 \xa0 \xa0 \xa0 \xa0 \xa0 \xa0 \xa0 \xa0 \xa0 \xa0 \xa0 \xa0 \xa0 \xa0 \xa0 \xa0(단위: 원)\n구분\n당기말\n전기말\n처분자산 집단\n\xa0 현금및현금성자산\n-\n1,000,000,000\n\xa0 재고자산\n-\n335,709,999\n\xa0 유형자산\n-\n8,943,182,704\n합계\n-\n10,278,892,703\n10-3 전기말 매각예정분류자산은 최초 분류하기 직전에 순공정가치를 측정하였으며, 이와 관련하여 인식한 손상차손은 없습니다.\n11. 재고자산11-1 재고자산 내역 \xa0 \xa0 \xa0 \xa0 \xa0 \xa0 \xa0 \xa0 \xa0 \xa0 \xa0 \xa0 \xa0 \xa0 \xa0 \xa0 \xa0 \xa0 \xa0 \xa0 \xa0 \xa0 \xa0 \xa0 \xa0 \xa0 \xa0 \xa0 \xa0 \xa0 \xa0 \xa0 \xa0 \xa0 \xa0 \xa0 \xa0 \xa0 \xa0 \xa0 \xa0 \xa0 \xa0 \xa0 \xa0 \xa0 \xa0 \xa0 \xa0 \xa0 \xa0 \xa0 \xa0(단위: 원)\n구분\n당기말\n전기말\n제품\n24,947,580,988\n32,748,013,543\n\xa0 \xa0평가충당금\n(-)2,755,900,029\n(-)2,610,238,329\n원재료\n13,519,871,776\n13,622,757,143\n\xa0 \xa0평가충당금\n(-)600,919,656\n(-)400,947,969\n미착품\n1,372,461,533\n1,836,664,898\n합계\n36,483,094,612\n45,196,249,286\n11-2 매각예정으로 분류된 재고자산 내역 \xa0 \xa0 \xa0 \xa0 \xa0 \xa0 \xa0 \xa0 \xa0 \xa0 \xa0 \xa0 \xa0 \xa0 \xa0 \xa0 \xa0 \xa0 \xa0 \xa0 \xa0 \xa0 \xa0 \xa0 \xa0 \xa0 \xa0 \xa0 \xa0 \xa0 \xa0 \xa0 \xa0 \xa0 \xa0 \xa0 \xa0 \xa0 \xa0 \xa0 \xa0 \xa0 (단위: 원)\n구분\n당기\n전기\n원재료\n-\n335,709,999\n11-3 재고자산 원가 내역 \xa0 \xa0 \xa0 \xa0 \xa0 \xa0 \xa0 \xa0 \xa0 \xa0 \xa0 \xa0 \xa0 \xa0 \xa0 \xa0 \xa0 \xa0 \xa0 \xa0 \xa0 \xa0 \xa0 \xa0 \xa0 \xa0 \xa0 \xa0 \xa0 \xa0 \xa0 \xa0 \xa0 \xa0 \xa0 \xa0 \xa0 \xa0 \xa0 \xa0 (단위: 원)\n구분\n당기\n전기\n평가충당금 전입액\n345,633,387\n1,301,795,717\n중단영업에 포함된 비용\n-\n(-)10,908,007\n합계\n345,633,387\n1,290,887,710\n12. 기타포괄손익-공정가치측정금융자산12-1 기타포괄손익-공정가치측정금융자산의 변동내역 \xa0 \xa0 \xa0 \xa0 \xa0 \xa0 \xa0 \xa0 \xa0 \xa0 \xa0 \xa0 \xa0 \xa0 \xa0 \xa0 \xa0 \xa0 \xa0 \xa0 \xa0 \xa0 \xa0 \xa0 \xa0 \xa0 \xa0 \xa0 \xa0 \xa0 \xa0 \xa0 \xa0 \xa0 \xa0 \xa0 \xa0 \xa0 \xa0 \xa0 \xa0 \xa0 \xa0 \xa0 \xa0 \xa0 \xa0 \xa0 \xa0 \xa0 \xa0 \xa0 \xa0(단위: 원)\n구분\n당기\n전기\n기초\n453,500,000\n453,500,000\n기말\n453,500,000\n453,500,000\n12-2 기타포괄손익-공정가치측정금융자산의 세부내역\n\xa0 \xa0 \xa0 \xa0 \xa0 \xa0 \xa0 \xa0 \xa0 \xa0 \xa0 \xa0 \xa0 \xa0 \xa0 \xa0 \xa0 \xa0 \xa0 \xa0 \xa0 \xa0 \xa0 \xa0 \xa0 \xa0 \xa0 \xa0 \xa0 \xa0 \xa0 \xa0 \xa0 \xa0 \xa0 \xa0 \xa0 \xa0 \xa0 \xa0 \xa0 \xa0 \xa0 \xa0 \xa0 \xa0 \xa0 \xa0 \xa0 \xa0 \xa0 \xa0 \xa0 (단위: 원)\n구분\n당기말\n전기말\n주식수(주)\n지분율(%)\n취득원가\n공정가치\n장부금액\n장부금액\n<지분증권 및 출자금>\n\u3000\n\u3000\n\u3000\n\xa0한국계면활성제\n-\n-\n3,500,000\n3,500,000\n3,500,000\n3,500,000\n\xa0진양개발(주)\n900\n-\n450,000,000\n450,000,000\n450,000,000\n450,000,000\n합계\n453,500,000\n453,500,000\n453,500,000\n453,500,000\n당사가 보유한 지분증권 및 출자금의 장부금액은 공정가치의 최선의 추정치입니다.\n13. 관계기업투자13-1 관계기업투자의 현황 \xa0 \xa0 \xa0 \xa0 \xa0 \xa0 \xa0 \xa0 \xa0 \xa0 \xa0 \xa0 \xa0 \xa0 \xa0 \xa0 \xa0 \xa0 \xa0 \xa0 \xa0 \xa0 \xa0 \xa0 \xa0 \xa0 \xa0 \xa0 \xa0 \xa0 \xa0 \xa0 \xa0 \xa0 \xa0 \xa0 \xa0 \xa0 \xa0 \xa0 \xa0 \xa0 \xa0 \xa0 \xa0 \xa0 \xa0 \xa0 \xa0 \xa0 \xa0 \xa0 \xa0(단위: 원)\n회사명\n주요 영업활동\n소재지\n결산월\n당기말\n전기말\n지분율(%)(주1)\n장부금액\n지분율(%)(주1)\n장부금액\n(주)경산\n화학약품의 도매\n한국\n12월\n29.4\n13,440,994,694\n29.4\n12,756,441,641\n(주)경산씨앤엘\n화학약품의 운송\n한국\n12월\n20.8\n2,384,111,545\n20.7\n2,252,948,046\n바스프한농화성솔루션스 주식회사(주2)\n화학약품의 제조,및 판매\n한국\n12월\n49.0\n7,312,957,446\n-\n-\n합계\n\u3000\n23,138,063,685\n\u3000\n15,009,389,687\n(주1) 피투자회사가 보유하고 있는 자기주식을 차감한 후의 유효지분율로 계산되었습니다. 한편, 당사가 보유한 관계기업투자는 모두 비상장주식입니다.\n(주2) 당사는 2022년 12월 29일 임시주주총회 결정에 따라 대죽공장을 2023년 4월 1일을 분할기일로 단순 물적분할하고 분할 완료 후 2023년 6월 20일 분할신설회사인 바스프한농화성솔루션스 주식회사의 지분 100% 중 51%를 독일 BASF BETEILIGUNGSGESELLSCHAFT MBH 社에 처분함에 따라 종속기업에서 관계기업으로 분류하였습니다.\n13-2 관계기업투자의 내역 \xa0 \xa0 \xa0 \xa0 \xa0 \xa0 \xa0 \xa0 \xa0 \xa0 \xa0 \xa0 \xa0 \xa0 \xa0 \xa0 \xa0 \xa0 \xa0 \xa0 \xa0 \xa0 \xa0 \xa0 \xa0 \xa0 \xa0 \xa0 \xa0 \xa0 \xa0 \xa0 \xa0 \xa0 \xa0 \xa0 \xa0 \xa0 \xa0 \xa0 \xa0 \xa0 \xa0 \xa0 \xa0 \xa0 \xa0 \xa0 \xa0 \xa0 \xa0 \xa0 \xa0(단위: 원)\n회사명\n당기말\n전기말\n취득원가\n순자산가액(주1)\n장부금액\n취득원가\n순자산가액(주1)\n장부금액\n(주)경산\n250,000,000\n16,602,277,024\n13,440,994,694\n250,000,000\n14,843,534,745\n12,756,441,641\n(주)경산씨앤엘\n190,000,000\n2,384,111,545\n2,384,111,545\n190,000,000\n2,252,948,046\n2,252,948,046\n바스프한농화성솔루션스 주식회사\n6,938,196,503\n6,946,212,888\n7,312,957,446\n-\n-\n-\n합계\n7,378,196,503\n25,932,601,457\n23,138,063,685\n440,000,000\n17,096,482,791\n15,009,389,687\n(주1) (주)경산의 순자산은 (주)경산의 연결재무제표 상 지배기업소유주지분 중 당사의 지분율 해당액입니다.13-3 관계기업투자의 변동내역<당기> \xa0 \xa0 \xa0 \xa0 \xa0 \xa0 \xa0 \xa0 \xa0 \xa0 \xa0 \xa0 \xa0 \xa0 \xa0 \xa0 \xa0 \xa0 \xa0 \xa0 \xa0 \xa0 \xa0 \xa0 \xa0 \xa0 \xa0 \xa0 \xa0 \xa0 \xa0 \xa0 \xa0 \xa0 \xa0 \xa0 \xa0 \xa0 \xa0 \xa0 \xa0 \xa0 \xa0 \xa0 \xa0 \xa0 \xa0 \xa0(단위: 원)\n회사명\n기초\n취득\n지분법이익\n배당\n지분법자본변동\n기말\n(주)경산\n12,756,441,641\n-\n1,783,761,844\n(-)1,500,000,000\n400,791,209\n13,440,994,694\n(주)경산씨앤엘\n2,252,948,046\n-\n181,996,954\n(-)57,000,000\n6,166,545\n2,384,111,545\n바스프한농화성솔루션스주식회사\n-\n6,938,196,503\n374,760,943\n-\n-\n7,312,957,446\n합계\n15,009,389,687\n6,938,196,503\n2,340,519,741\n(-)1,557,000,000\n406,957,754\n23,138,063,685\n<전기> \xa0 \xa0 \xa0 \xa0 \xa0 \xa0 \xa0 \xa0 \xa0 \xa0 \xa0 \xa0 \xa0 \xa0 \xa0 \xa0 \xa0 \xa0 \xa0 \xa0 \xa0 \xa0 \xa0 \xa0 \xa0 \xa0 \xa0 \xa0 \xa0 \xa0 \xa0 \xa0 \xa0 \xa0 \xa0 \xa0 \xa0 \xa0 \xa0 \xa0 \xa0 \xa0 \xa0 \xa0 \xa0 \xa0 \xa0 \xa0(단위: 원)\n회사명\n기초\n지분법이익\n배당\n지분법자본변동\n기말\n(주)경산\n11,658,502,522\n2,893,299,950\n(-)1,500,000,000\n(-)295,360,831\n12,756,441,641\n(주)경산씨앤엘\n2,081,081,787\n218,815,104\n(-)57,000,000\n10,051,155\n2,252,948,046\n합계\n13,739,584,309\n3,112,115,054\n(-)1,557,000,000\n(-)285,309,676\n15,009,389,687\n13-4 관계기업투자 요약재무정보<당기> \xa0 \xa0 \xa0 \xa0 \xa0 \xa0 \xa0 \xa0 \xa0 \xa0 \xa0 \xa0 \xa0 \xa0 \xa0 \xa0 \xa0 \xa0 \xa0 \xa0 \xa0 \xa0 \xa0 \xa0 \xa0 \xa0 \xa0 \xa0 \xa0 \xa0 \xa0 \xa0 \xa0 \xa0 \xa0 \xa0 \xa0 \xa0 \xa0 \xa0 \xa0 \xa0 \xa0 \xa0 \xa0 \xa0 \xa0 \xa0(단위: 원)\n회사명\n자산\n부채\n순자산\n매출액\n당기순이익\n(주)경산(주1)\n97,140,830,606\n37,910,686,518\n56,447,741,881\n129,549,911,224\n6,128,418,739\n(주)경산씨앤엘\n11,740,632,786\n285,604,212\n11,455,028,574\n10,997,837,185\n874,447,469\n바스프한농화성솔루션스주식회사(주2)\n29,778,634,771\n15,602,690,101\n14,175,944,670\n7,568,902,214\n729,750,822\n(주1) (주)경산의 순자산 및 당기순이익은 (주)경산의 연결재무제표 상 지배기업소유주지분 해당액입니다.(주2) 바스프한농화성솔루션스 주식회사의 매출액 및 당기순이익은 관계기업지분 취득후의 금액입니다.\n<전기> \xa0 \xa0 \xa0 \xa0 \xa0 \xa0 \xa0 \xa0 \xa0 \xa0 \xa0 \xa0 \xa0 \xa0 \xa0 \xa0 \xa0 \xa0 \xa0 \xa0 \xa0 \xa0 \xa0 \xa0 \xa0 \xa0 \xa0 \xa0 \xa0 \xa0 \xa0 \xa0 \xa0 \xa0 \xa0 \xa0 \xa0 \xa0 \xa0 \xa0 \xa0 \xa0 \xa0 \xa0 \xa0 \xa0 \xa0 \xa0(단위: 원)\n회사명\n자산\n부채\n순자산(주1)\n매출액\n당기순이익(주1)\n(주)경산\n92,160,902,432\n39,326,867,144\n50,468,018,132\n163,168,109,723\n9,610,750,401\n(주)경산씨앤엘\n11,597,427,182\n735,846,077\n10,861,581,105\n11,854,990,065\n1,054,947,211\n(주1) (주)경산의 순자산 및 당기순이익은 (주)경산의 연결재무제표 상 지배기업소유주지분 해당액입니다.\n14. 투자부동산14-1 투자부동산의 변동내역<당기> \xa0 \xa0 \xa0 \xa0 \xa0 \xa0 \xa0 \xa0 \xa0 \xa0 \xa0 \xa0 \xa0 \xa0 \xa0 \xa0 \xa0 \xa0 \xa0 \xa0 \xa0 \xa0 \xa0 \xa0 \xa0 \xa0 \xa0 \xa0 \xa0 \xa0 \xa0 \xa0 \xa0 \xa0 \xa0 \xa0 \xa0 \xa0 \xa0 \xa0 \xa0 \xa0 \xa0 \xa0 \xa0 \xa0 \xa0 \xa0(단위: 원)\n구분\n토지\n건물\n합계\n취득원가:\n\xa0 \xa0기초\n4,576,054,729\n419,761,830\n4,995,816,559\n\xa0 \xa0대체\n-\n-\n-\n\xa0 \xa0기말\n4,576,054,729\n419,761,830\n4,995,816,559\n감가상각누계액:\n\xa0 \xa0기초\n-\n318,894,534\n318,894,534\n\xa0 \xa0상각\n-\n7,083,104\n7,083,104\n\xa0 \xa0기말\n-\n325,977,638\n325,977,638\n장부금액:\n\xa0 \xa0기초\n4,576,054,729\n100,867,296\n4,676,922,025\n\xa0 \xa0기말\n4,576,054,729\n93,784,192\n4,669,838,921\n<전기> \xa0 \xa0 \xa0 \xa0 \xa0 \xa0 \xa0 \xa0 \xa0 \xa0 \xa0 \xa0 \xa0 \xa0 \xa0 \xa0 \xa0 \xa0 \xa0 \xa0 \xa0 \xa0 \xa0 \xa0 \xa0 \xa0 \xa0 \xa0 \xa0 \xa0 \xa0 \xa0 \xa0 \xa0 \xa0 \xa0 \xa0 \xa0 \xa0 \xa0 \xa0 \xa0 \xa0 \xa0 \xa0 \xa0 \xa0 \xa0(단위: 원)\n구분\n토지\n건물\n합계\n취득원가:\n\xa0 \xa0기초\n4,576,054,729\n419,761,830\n4,995,816,559\n\xa0 \xa0대체\n-\n-\n-\n\xa0 \xa0기말\n4,576,054,729\n419,761,830\n4,995,816,559\n감가상각누계액:\n\xa0 \xa0기초\n-\n311,811,430\n311,811,430\n\xa0 \xa0상각\n-\n7,083,104\n7,083,104\n\xa0 \xa0기말\n-\n318,894,534\n318,894,534\n장부금액:\n\xa0 \xa0기초\n4,576,054,729\n107,950,400\n4,684,005,129\n\xa0 \xa0기말\n4,576,054,729\n100,867,296\n4,676,922,025\n14-2 투자부동산과 관련하여 당기손익으로 인식한 금액에 대한 정보 \xa0 \xa0 \xa0 \xa0 \xa0 \xa0 \xa0 \xa0 \xa0 \xa0 \xa0 \xa0 \xa0 \xa0 \xa0 \xa0 \xa0 \xa0 \xa0 \xa0 \xa0 \xa0 \xa0 \xa0 \xa0 \xa0 \xa0 \xa0 \xa0 \xa0 \xa0 \xa0 \xa0 \xa0 \xa0 \xa0 \xa0 \xa0 \xa0 \xa0 \xa0 \xa0 \xa0 \xa0 \xa0 \xa0 \xa0 \xa0 \xa0 \xa0 \xa0 \xa0 \xa0(단위: 원)\n구분\n당기\n전기\n투자부동산에서 발생하는 임대수익\n170,538,800\n159,430,000\n14-3 투자부동산의 공정가치 \xa0 \xa0 \xa0 \xa0 \xa0 \xa0 \xa0 \xa0 \xa0 \xa0 \xa0 \xa0 \xa0 \xa0 \xa0 \xa0 \xa0 \xa0 \xa0 \xa0 \xa0 \xa0 \xa0 \xa0 \xa0 \xa0 \xa0 \xa0 \xa0 \xa0 \xa0 \xa0 \xa0 \xa0 \xa0 \xa0 \xa0 \xa0 \xa0 \xa0 \xa0 \xa0 \xa0 \xa0 \xa0 \xa0 \xa0 \xa0 \xa0 \xa0 \xa0 \xa0 \xa0(단위: 원)\n구분\n당기말\n전기말\n토지\n6,961,010,440\n7,188,373,190\n건물\n225,863,738\n396,732,946\n합계\n7,186,874,178\n\u30007,585,106,136\n15. 유형자산15-1 유형자산의 변동내역<당기> \xa0 \xa0 \xa0 \xa0 \xa0 \xa0 \xa0 \xa0 \xa0 \xa0 \xa0 \xa0 \xa0 \xa0 \xa0 \xa0 \xa0 \xa0 \xa0 \xa0 \xa0 \xa0 \xa0 \xa0 \xa0 \xa0 \xa0 \xa0 \xa0 \xa0 \xa0 \xa0 \xa0 \xa0 \xa0 \xa0 \xa0 \xa0 \xa0 \xa0 \xa0 \xa0 \xa0 \xa0 \xa0 \xa0 \xa0 \xa0(단위: 원)\n구분\n토지\n건물\n구축물\n기계장치\n차량운반구\n비품\n건설중인자산\n합계\n취득원가:\n\xa0 \xa0기초\n23,465,235,552\n21,540,671,943\n18,649,173,223\n116,589,251,677\n513,984,671\n7,447,854,186\n3,071,070,136\n191,277,241,388\n\xa0 \xa0취득\n225,841,500\n1,012,248,840\n1,458,349,982\n8,212,648,035\n36,756,589\n75,650,558\n1,501,427,273\n12,522,922,777\n\xa0 \xa0처분/폐기\n(-)92,356,470\n(-)62,878,423\n(-)373,734,174\n(-)3,911,421,601\n-\n(-)118,455,923\n-\n(-)4,558,846,591\n\xa0 \xa0대체\n-\n16,600,000\n1,643,700,000\n1,406,970,136\n-\n3,800,000\n(-)3,071,070,136\n-\n\xa0 \xa0매각예정자산에서  \xa0 재분류\n102,052,566\n83,186,323\n-\n-\n-\n920,000\n-\n186,158,889\n\xa0 종속기업 처분\n(-)309,335,400\n(-)109,693,240\n(-)29,235,800\n(-)376,700,000\n-\n(-)4,600,000\n-\n(-)829,564,440\n\xa0 \xa0기말\n23,391,437,748\n22,480,135,443\n21,348,253,231\n121,920,748,247\n550,741,260\n7,405,168,821\n1,501,427,273\n198,597,912,023\n감가상각누계액 및손상차손누계액:\n\xa0 \xa0기초\n-\n5,169,185,714\n9,758,808,429\n73,904,742,285\n348,898,359\n6,116,429,730\n-\n95,298,064,517\n\xa0 \xa0상각\n-\n550,875,591\n970,151,067\n9,079,976,966\n80,171,723\n445,573,517\n-\n11,126,748,864\n\xa0 \xa0처분/폐기\n-\n(-)19,597,075\n(-)373,734,174\n(-)2,185,016,204\n-\n(-)118,451,256\n(-)2,696,798,709\n\xa0 \xa0매각예정자산으로의 \xa0 분류\n-\n24,786,600\n-\n-\n-\n558,533\n-\n25,345,133\n\xa0 종속기업 처분\n-\n-\n-\n(-)260,102,352\n-\n-\n-\n(-)260,102,352\n\xa0 \xa0기말\n-\n5,725,250,830\n10,355,225,322\n80,539,600,695\n429,070,082\n6,444,110,524\n-\n103,493,257,453\n장부금액:\n\xa0 \xa0기초\n23,465,235,552\n16,371,486,229\n8,890,364,794\n42,684,509,392\n165,086,312\n1,331,424,456\n3,071,070,136\n95,979,176,871\n\xa0 \xa0기말\n23,391,437,748\n16,754,884,613\n10,993,027,909\n41,381,147,552\n121,671,178\n961,058,297\n1,501,427,273\n95,104,654,570\n<전기> \xa0 \xa0 \xa0 \xa0 \xa0 \xa0 \xa0 \xa0 \xa0 \xa0 \xa0 \xa0 \xa0 \xa0 \xa0 \xa0 \xa0 \xa0 \xa0 \xa0 \xa0 \xa0 \xa0 \xa0 \xa0 \xa0 \xa0 \xa0 \xa0 \xa0 \xa0 \xa0 \xa0 \xa0 \xa0 \xa0 \xa0 \xa0 \xa0 \xa0 \xa0 \xa0 \xa0 \xa0 \xa0 \xa0 \xa0 \xa0(단위: 원)\n구분\n토지\n건물\n구축물\n기계장치\n차량운반구\n비품\n건설중인자산\n합계\n취득원가:\n\xa0 \xa0기초\n26,436,654,940\n25,166,035,728\n22,595,292,242\n103,013,155,539\n551,138,865\n8,665,624,442\n4,900,766,000\n191,328,667,756\n\xa0 \xa0취득\n89,235,170\n438,971,000\n51,578,990\n20,621,850,132\n-\n548,930,865\n3,076,070,136\n24,826,636,293\n\xa0 \xa0처분/폐기\n-\n(-)210,616,976\n(-)178,993,436\n(-)1,749,444,376\n(-)37,154,194\n(-)1,291,358,449\n(-)25,916,000\n(-)3,493,483,431\n\xa0 \xa0대체\n-\n150,500,000\n-\n4,702,550,000\n-\n(-)5,200,000\n(-)4,879,850,000\n(-)32,000,000\n\xa0 \xa0매각예정자산으로의 \xa0 분류\n(-)3,060,654,558\n(-)4,004,217,809\n(-)3,818,704,573\n(-)9,998,859,618\n-\n(-)470,142,672\n-\n(-)21,352,579,230\n\xa0 \xa0기말\n23,465,235,552\n21,540,671,943\n18,649,173,223\n116,589,251,677\n513,984,671\n7,447,854,186\n3,071,070,136\n191,277,241,388\n감가상각누계액 및손상차손누계액:\n\xa0 \xa0기초\n-\n5,606,152,603\n10,819,636,997\n77,393,725,115\n282,881,855\n7,347,891,845\n25,916,000\n101,476,204,415\n\xa0 \xa0상각\n-\n638,887,778\n1,099,748,387\n7,124,689,380\n83,091,285\n475,348,447\n-\n9,421,765,277\n\xa0 \xa0처분/폐기\n-\n(-)52,794,932\n(-)90,372,701\n(-)1,714,781,513\n(-)17,074,781\n(-)1,289,568,722\n(-)25,916,000\n(-)3,190,508,649\n\xa0 \xa0대체\n-\n-\n-\n5,200,000\n-\n(-)5,200,000\n-\n-\n\xa0 \xa0매각예정자산으로의 \xa0 분류\n-\n(-)1,023,059,735\n(-)2,070,204,254\n(-)8,904,090,697\n-\n(-)412,041,840\n-\n(-)12,409,396,526\n\xa0 \xa0기말\n-\n5,169,185,714\n9,758,808,429\n73,904,742,285\n348,898,359\n6,116,429,730\n-\n95,298,064,517\n장부금액:\n\xa0 \xa0기초\n26,436,654,940\n19,559,883,125\n11,775,655,245\n25,619,430,424\n268,257,010\n1,317,732,597\n4,874,850,000\n89,852,463,341\n\xa0 \xa0기말\n23,465,235,552\n16,371,486,229\n8,890,364,794\n42,684,509,392\n165,086,312\n1,331,424,456\n3,071,070,136\n95,979,176,871\n15-2 차입원가의 자본화\n구분\n당기\n전기\n특정차입금 관련 자본화할 차입원가\n28,208,217\n184,420,268\n일반차입금 관련 자본화할 차입원가\n\xa0-\n\xa0-\n합계\n28,208,217\n184,420,268\n15-3 당기 보고기간말 현재 투자부동산 및 유형자산에 대하여 부보금액 218,847,148천원(전기말: 211,996,547천원)의 재산종합보험 및 화재보험에 가입하고 있으며, 한국산업은행 등의 차입금과 관련하여 보험금 수령계좌에 대하여 보험금계좌근질권 78,252,350천원(전기말: 78,252,350천원)이 설정되어 있습니다.\xa0차입금과 관련하여\xa0금융기관에 담보로 제공된 투자부동산 및 유형자산의 장부가액은 73,655,299천원(전기말 : 71,735,087천원)입니다.15-4 당사는 생산설비 증설 등과 관련하여 1,501백만원을 건설중인자산으로 계상하고 있습니다. 이와 관련하여 보고기간종료일 현재 향후 추가적으로 지출될 것으로 예상되는 금액은 3,353백만원입니다.\n16. 무형자산16-1 무형자산의 내역 <당기> \xa0 \xa0 \xa0 \xa0 \xa0 \xa0 \xa0 \xa0 \xa0 \xa0 \xa0 \xa0 \xa0 \xa0 \xa0 \xa0 \xa0 \xa0 \xa0 \xa0 \xa0 \xa0 \xa0 \xa0 \xa0 \xa0 \xa0 \xa0 \xa0 \xa0 \xa0 \xa0 \xa0 \xa0 \xa0 \xa0 \xa0 \xa0 \xa0 \xa0 \xa0 \xa0 \xa0 \xa0 \xa0 (단위: 원)\n구분\n회원권\n소프트웨어\n합계\n취득원가:\n기초\n641,564,580\n68,330,000\n709,894,580\n취득\n-\n-\n-\n기말\n641,564,580\n68,330,000\n709,894,580\n상각누계액 및 손상차손누계액:\n기초\n-\n20,232,164\n20,232,164\n상각\n-\n13,665,996\n13,665,996\n기말\n-\n33,898,160\n33,898,160\n장부금액:\n기초\n641,564,580\n48,097,836\n689,662,416\n기말\n641,564,580\n34,431,840\n675,996,420\n<전기> \xa0 \xa0 \xa0 \xa0 \xa0 \xa0 \xa0 \xa0 \xa0 \xa0 \xa0 \xa0 \xa0 \xa0 \xa0 \xa0 \xa0 \xa0 \xa0 \xa0 \xa0 \xa0 \xa0 \xa0 \xa0 \xa0 \xa0 \xa0 \xa0 \xa0 \xa0 \xa0 \xa0 \xa0 \xa0 \xa0 \xa0 \xa0 \xa0 \xa0 \xa0 \xa0 \xa0 \xa0 \xa0 (단위: 원)\n구분\n회원권\n소프트웨어\n합계\n취득원가:\n기초\n641,564,580\n51,330,000\n692,894,580\n취득\n\xa0-\n17,000,000\n17,000,000\n기말\n641,564,580\n68,330,000\n709,894,580\n상각누계액 및 손상차손누계액:\n기초\n\u3000-\n7,699,500\n7,699,500\n상각\n\u3000-\n12,532,664\n12,532,664\n기말\n\u3000-\n20,232,164\n20,232,164\n장부금액:\n기초\n641,564,580\n43,630,500\n685,195,080\n기말\n641,564,580\n48,097,836\n689,662,416\n16-2 비한정 내용연수의 무형자산 \xa0 \xa0 \xa0 \xa0 \xa0 \xa0 \xa0 \xa0 \xa0 \xa0 \xa0 \xa0 \xa0 \xa0 \xa0 \xa0 \xa0 \xa0 \xa0 \xa0 \xa0 \xa0 \xa0 \xa0 \xa0 \xa0 \xa0 \xa0 \xa0 \xa0 \xa0 \xa0 \xa0 \xa0 \xa0 \xa0 \xa0 \xa0 \xa0 \xa0 \xa0 \xa0 \xa0 \xa0 \xa0 \xa0 \xa0 \xa0 \xa0 \xa0 \xa0 \xa0 \xa0(단위: 원)\n구분\n당기말\n전기말\n비한정 내용연수의 무형자산:\n\xa0 \xa0골프회원권\n349,308,580\n349,308,580\n\xa0 \xa0콘도회원권\n292,256,000\n292,256,000\n합계\n641,564,580\n641,564,580\n16-3 무형자산(회원권)의 변동내역당사는 비한정 내용연수를 가진 무형자산인 회원권에 대하여 손상검사를 수행하였으며, 당기 중 인식한 손상차손은 없습니다.\n16-4 비용으로 인식한 연구비와 개발비 지출의 총액\n\xa0 \xa0 \xa0 \xa0 \xa0 \xa0 \xa0 \xa0 \xa0 \xa0 \xa0 \xa0 \xa0 \xa0 \xa0 \xa0 \xa0 \xa0 \xa0 \xa0 \xa0 \xa0 \xa0 \xa0 \xa0 \xa0 \xa0 \xa0 \xa0 \xa0 \xa0 \xa0 \xa0 \xa0 \xa0 \xa0 \xa0 \xa0 \xa0 \xa0 \xa0 \xa0 \xa0 \xa0 \xa0 \xa0 \xa0 \xa0 \xa0 \xa0 \xa0 \xa0 \xa0 (단위: 원)\n구분\n당기\n전기\n판매비와관리비\n79,452,486\n69,710,957\n제조원가\n166,952,692\n138,037,204\n합계\n246,405,178\n207,748,161\n17. 사용권자산 및 리스부채17-1 사용권자산<당기> \xa0 \xa0 \xa0 \xa0 \xa0 \xa0 \xa0 \xa0 \xa0 \xa0 \xa0 \xa0 \xa0 \xa0 \xa0 \xa0 \xa0 \xa0 \xa0 \xa0 \xa0 \xa0 \xa0 \xa0 \xa0 \xa0 \xa0 \xa0 \xa0 \xa0 \xa0 \xa0 \xa0 \xa0 \xa0 \xa0 \xa0 \xa0 \xa0 \xa0 \xa0 \xa0 \xa0 \xa0 \xa0 \xa0 \xa0 \xa0(단위: 원)\n구분\n토지\n건물\n차량운반구\n합계\n취득원가:\n\xa0 \xa0기초\n358,457,823\n1,995,741,992\n28,704,007\n2,382,903,822\n\xa0 \xa0신규\n\u3000-\n\u3000-\n27,752,344\n27,752,344\n\xa0 \xa0처분\n\u3000-\n\u3000-\n(28,704,007)\n(28,704,007)\n\xa0 \xa0재평가\n447,124,578\n-\n-\n447,124,578\n\xa0 \xa0기말\n805,582,401\n1,995,741,992\n27,752,344\n2,829,076,737\n감가상각누계액:\n\xa0 \xa0기초\n43,749,964\n1,076,355,216\n21,527,991\n1,141,633,171\n\xa0 \xa0상각\n26,045,552\n269,088,804\n9,488,710\n304,623,066\n\xa0 \xa0처분\n\u3000-\n\u3000-\n(28,704,007)\n(28,704,007)\n\xa0 \xa0기말\n69,795,516\n1,345,444,020\n2,312,694\n1,417,552,230\n장부금액:\n\u3000\n\u3000\n\u3000\n\u3000\n\xa0 \xa0기초\n314,707,859\n919,386,776\n7,176,016\n1,241,270,651\n\xa0 \xa0기말\n735,786,885\n650,297,972\n25,439,650\n1,411,524,507\n<전기> \xa0 \xa0 \xa0 \xa0 \xa0 \xa0 \xa0 \xa0 \xa0 \xa0 \xa0 \xa0 \xa0 \xa0 \xa0 \xa0 \xa0 \xa0 \xa0 \xa0 \xa0 \xa0 \xa0 \xa0 \xa0 \xa0 \xa0 \xa0 \xa0 \xa0 \xa0 \xa0 \xa0 \xa0 \xa0 \xa0 \xa0 \xa0 \xa0 \xa0 \xa0 \xa0 \xa0 \xa0 \xa0 \xa0 \xa0 \xa0(단위: 원)\n구분\n토지\n건물\n차량운반구\n합계\n취득원가:\n\xa0 \xa0기초\n309,064,550\n1,995,741,992\n28,704,007\n2,333,510,549\n\xa0 \xa0재평가\n49,393,273\n\u3000-\n-\n49,393,273\n\xa0 \xa0기말\n358,457,823\n1,995,741,992\n28,704,007\n2,382,903,822\n감가상각누계액:\n\xa0 \xa0기초\n32,990,724\n807,266,412\n11,959,995\n852,217,131\n\xa0 \xa0상각\n10,759,240\n269,088,804\n9,567,996\n289,416,040\n\xa0 \xa0기말\n43,749,964\n1,076,355,216\n21,527,991\n1,141,633,171\n장부금액:\n\xa0 \xa0기초\n276,073,826\n1,188,475,580\n16,744,012\n1,481,293,418\n\xa0 \xa0기말\n314,707,859\n919,386,776\n7,176,016\n1,241,270,651\n17-2 리스부채<리스부채내역>\n구분\n당기말\n전기말\n유동\n비유동\n유동\n비유동\n리스부채(명목금액)\n349,892,800\n1,530,294,800\n324,996,000\n1,204,967,500\n현재가치할인차금\n(-)5,736,623\n(-)387,101,932\n(-)5,135,405\n(-)211,240,186\n합계\n344,156,177\n1,143,192,868\n319,860,595\n993,727,314\n<리스부채변동내역> - 당기 \xa0 \xa0 \xa0 \xa0 \xa0 \xa0 \xa0 \xa0 \xa0 \xa0 \xa0 \xa0 \xa0 \xa0 \xa0 \xa0 \xa0 \xa0 \xa0 \xa0 \xa0 \xa0 \xa0 \xa0 \xa0 \xa0 \xa0 \xa0 \xa0 \xa0 \xa0 \xa0 \xa0 \xa0 \xa0 \xa0 \xa0 \xa0 \xa0 \xa0 \xa0 \xa0 \xa0 \xa0 \xa0 \xa0 \xa0 \xa0(단위: 원)\n구분\n당기\n기초\n1,313,587,909\n신규\n27,752,344\n재평가\n447,124,578\n이자비용\n48,347,014\n리스료의 지급\n(-)349,462,800\n기말\n1,487,349,045\n\xa0 유동항목\n344,156,177\n\xa0 비유동항목\n1,143,192,868\n-전기 \xa0 \xa0 \xa0 \xa0 \xa0 \xa0 \xa0 \xa0 \xa0 \xa0 \xa0 \xa0 \xa0 \xa0 \xa0 \xa0 \xa0 \xa0 \xa0 \xa0 \xa0 \xa0 \xa0 \xa0 \xa0 \xa0 \xa0 \xa0 \xa0 \xa0 \xa0 \xa0 \xa0 \xa0 \xa0 \xa0 \xa0 \xa0 \xa0 \xa0 \xa0 \xa0 \xa0 \xa0 \xa0 \xa0 \xa0 (단위: 원)\n구분\n전기\n기초\n1,547,632,225\n기타\n49,393,273\n이자비용\n43,313,811\n리스료의 지급\n(-)326,751,400\n기말\n1,313,587,909\n\xa0 유동항목\n319,860,595\n\xa0 비유동항목\n993,727,314\n<리스부채 연령분석>- 당기\n구분\n토지\n건물\n차량운반구\n합계\n1년 이내\n39,170,295\n295,250,157\n9,735,725\n344,156,177\n1년 초과 2년 이내\n38,033,259\n286,658,801\n9,271,201\n333,963,261\n2년 초과 3년 이내\n36,929,214\n116,965,219\n7,196,505\n161,090,938\n3년 초과 4년 이내\n35,857,223\n-\n-\n35,857,223\n4년 초과 5년 이내\n34,816,350\n-\n-\n34,816,350\n5년 초과\n577,465,096\n\u3000-\n-\n577,465,096\n합계\n762,271,437\n698,874,177\n26,203,431\n1,487,349,045\n- 전기\n구분\n토지\n건물\n차량운반구\n합계\n1년 이내\n16,680,619\n295,250,157\n7,929,819\n319,860,595\n1년 초과 2년 이내\n16,196,413\n286,658,801\n\u3000\n302,855,214\n2년 초과 3년 이내\n15,726,257\n278,317,452\n-\n294,043,709\n3년 초과 4년 이내\n15,269,752\n113,561,701\n-\n128,831,453\n4년 초과 5년 이내\n14,826,497\n-\n-\n14,826,497\n5년 초과\n253,170,441\n-\n-\n253,170,441\n합계\n331,869,979\n973,788,111\n7,929,819\n1,313,587,909\n18. 차입금18-1 차입금 장부금액의 내역 \xa0 \xa0 \xa0 \xa0 \xa0 \xa0 \xa0 \xa0 \xa0 \xa0 \xa0 \xa0 \xa0 \xa0 \xa0 \xa0 \xa0 \xa0 \xa0 \xa0 \xa0 \xa0 \xa0 \xa0 \xa0 \xa0 \xa0 \xa0 \xa0 \xa0 \xa0 \xa0 \xa0 \xa0 \xa0 \xa0 \xa0 \xa0 \xa0 \xa0 \xa0 \xa0 \xa0 \xa0 \xa0 \xa0 \xa0 \xa0 \xa0 \xa0 \xa0 \xa0 \xa0(단위: 원)\n구분\n당기말\n전기말\n유동부채 (주1):\n\xa0 \xa0단기차입금\n4,504,623,890\n6,387,497,400\n\xa0 \xa0유동성장기차입금\n7,463,740,000\n4,500,000,000\n소계\n11,968,363,890\n10,887,497,400\n비유동부채:\n\u3000\n\u3000\n\xa0 \xa0장기차입금\n29,536,260,000\n37,000,000,000\n합계\n41,504,623,890\n47,887,497,400\n(주1) 보고기간 후 12개월 이상 부채의 결제를 연기할 수 있는 무조건의 권리를 가지고 있지 아니하므로 유동부채로 분류하였습니다.\n18-2 단기차입금의 내역 \xa0 \xa0 \xa0 \xa0 \xa0 \xa0 \xa0 \xa0 \xa0 \xa0 \xa0 \xa0 \xa0 \xa0 \xa0 \xa0 \xa0 \xa0 \xa0 \xa0 \xa0 \xa0 \xa0 \xa0 \xa0 \xa0 \xa0 \xa0 \xa0 \xa0 \xa0 \xa0 \xa0 \xa0 \xa0 \xa0 \xa0 \xa0 \xa0 \xa0 \xa0 \xa0 \xa0 \xa0 \xa0 \xa0 \xa0 \xa0 \xa0 \xa0 \xa0 \xa0 \xa0(단위: 원)\n구분\n차입처\n당기말\n전기말\n이자율(%)\n한도\n장부금액\n구매자금\n하나은행\n5.46\n4,000,000,000\n1,504,623,890\n1,087,497,400\n구매자금\n신한은행\n-\n-\n-\n2,300,000,000\n운영자금\n한국산업은행\n-\n-\n-\n3,000,000,000\n운영자금\n국민은행\n4.62\n3,000,000,000\n3,000,000,000\n-\n합계\n\u3000\n7,000,000,000\n4,504,623,890\n6,387,497,400\n18-3 장기차입금의 내역 \xa0 \xa0 \xa0 \xa0 \xa0 \xa0 \xa0 \xa0 \xa0 \xa0 \xa0 \xa0 \xa0 \xa0 \xa0 \xa0 \xa0 \xa0 \xa0 \xa0 \xa0 \xa0 \xa0 \xa0 \xa0 \xa0 \xa0 \xa0 \xa0 \xa0 \xa0 \xa0 \xa0 \xa0 \xa0 \xa0 \xa0 \xa0 \xa0 \xa0 \xa0 \xa0 \xa0 \xa0 \xa0 \xa0 \xa0 \xa0 \xa0 \xa0 \xa0 \xa0 \xa0(단위: 원)\n구분\n차입처\n최종만기일\n이자율(%)\n당기말\n전기말\n원화시설자금\n한국산업은행\n-\n-\n-\n600,000,000\n한국산업은행\n-\n-\n-\n900,000,000\n한국산업은행\n25.04.28\n4.22\n1,500,000,000\n2,500,000,000\n한국산업은행\n25.04.28\n4.40\n1,500,000,000\n2,500,000,000\n한국산업은행\n26.06.10\n4.15\n2,000,000,000\n2,400,000,000\n한국산업은행\n26.06.10\n4.30\n3,000,000,000\n3,600,000,000\n한국산업은행\n26.11.17\n4.65\n2,500,000,000\n2,500,000,000\n한국산업은행\n26.11.17\n4.65\n1,000,000,000\n1,000,000,000\n한국산업은행\n32.01.27\n4.59\n6,000,000,000\n6,000,000,000\n한국산업은행\n32.01.27\n4.59\n8,000,000,000\n8,000,000,000\n한국산업은행\n32.01.27\n4.60\n5,000,000,000\n5,000,000,000\n한국산업은행\n32.01.27\n4.59\n5,500,000,000\n5,500,000,000\n한국산업은행\n32.12.29\n5.72\n1,000,000,000\n1,000,000,000\n소계\n37,000,000,000\n41,500,000,000\n유동성 대체\n(-)7,463,740,000\n(-)4,500,000,000\n차감후 잔액\n29,536,260,000\n37,000,000,000\n18-4 당기 보고기간종료일 현재 연도별 상환계획 \xa0 \xa0 \xa0 \xa0 \xa0 \xa0 \xa0 \xa0 \xa0 \xa0 \xa0 \xa0 \xa0 \xa0 \xa0 \xa0 \xa0 \xa0 \xa0 \xa0 \xa0 \xa0 \xa0 \xa0 \xa0 \xa0 \xa0 \xa0 \xa0 \xa0 \xa0 \xa0 \xa0 \xa0 \xa0 \xa0 \xa0 \xa0 \xa0 \xa0 \xa0 \xa0 \xa0 \xa0 \xa0 \xa0 \xa0 \xa0 \xa0 \xa0 \xa0 \xa0 \xa0(단위: 원)\n구분\n1년미만\n2년이하\n5년이하\n5년초과\n합계\n단기차입금\n4,504,623,890\n-\n-\n-\n4,504,623,890\n장기차입금\n7,463,740,000\n7,229,120,000\n11,782,720,000\n10,524,420,000\n37,000,000,000\n합계\n11,968,363,890\n7,229,120,000\n11,782,720,000\n10,524,420,000\n41,504,623,890\n19. 매입채무및기타채무보고기간종료일 현재 매입채무및기타채무의 내역은 다음과 같습니다. \xa0 \xa0 \xa0 \xa0 \xa0 \xa0 \xa0 \xa0 \xa0 \xa0 \xa0 \xa0 \xa0 \xa0 \xa0 \xa0 \xa0 \xa0 \xa0 \xa0 \xa0 \xa0 \xa0 \xa0 \xa0 \xa0 \xa0 \xa0 \xa0 \xa0 \xa0 \xa0 \xa0 \xa0 \xa0 \xa0 \xa0 \xa0 \xa0 \xa0 \xa0 \xa0 \xa0 \xa0 \xa0 \xa0 \xa0 \xa0 \xa0 \xa0 \xa0 \xa0 \xa0(단위: 원)\n구분\n당기말\n전기말\n유동\n비유동\n유동\n비유동\n매입채무\n13,103,304,619\n-\n13,921,827,086\n-\n기타지급채무\n\u3000\n\u3000\n\xa0 미지급금\n4,795,472,201\n-\n5,873,641,844\n-\n기타장기지급채무\n\u3000\n\u3000\n\xa0 장기미지급금\n-\n140,468,925\n-\n350,240,315\n합계\n17,898,776,820\n140,468,925\n19,795,468,930\n350,240,315\n20. 확정급여부채당사는 종업원을 위하여 확정급여제도를 운영하고 있으며, 확정급여부채의 보험수리적평가는 예측단위적립방식을 사용하여 적격성이 있는 독립적인 보험계리인에 의해서 수행되었습니다.\n20-1 확정급여부채의 내역 \xa0 \xa0 \xa0 \xa0 \xa0 \xa0 \xa0 \xa0 \xa0 \xa0 \xa0 \xa0 \xa0 \xa0 \xa0 \xa0 \xa0 \xa0 \xa0 \xa0 \xa0 \xa0 \xa0 \xa0 \xa0 \xa0 \xa0 \xa0 \xa0 \xa0 \xa0 \xa0 \xa0 \xa0 \xa0 \xa0 \xa0 \xa0 \xa0 \xa0 \xa0 \xa0 \xa0 \xa0 \xa0 \xa0 \xa0 \xa0 \xa0 \xa0 \xa0 \xa0 \xa0(단위: 원)\n구분\n당기말\n전기말\n확정급여채무의 현재가치\n8,410,988,160\n8,071,171,399\n사외적립자산의 공정가치(-)\n(-)6,976,861,261\n(-)6,968,895,956\n확정급여부채\n1,434,126,899\n1,102,275,443\n20-2 확정급여제도와 관련하여 당기손익에 인식된 금액 \xa0 \xa0 \xa0 \xa0 \xa0 \xa0 \xa0 \xa0 \xa0 \xa0 \xa0 \xa0 \xa0 \xa0 \xa0 \xa0 \xa0 \xa0 \xa0 \xa0 \xa0 \xa0 \xa0 \xa0 \xa0 \xa0 \xa0 \xa0 \xa0 \xa0 \xa0 \xa0 \xa0 \xa0 \xa0 \xa0 \xa0 \xa0 \xa0 \xa0 \xa0 \xa0 \xa0 \xa0 \xa0 \xa0 \xa0 \xa0 \xa0 \xa0 \xa0 \xa0 \xa0(단위: 원)\n구분\n당기\n전기\n당기근무원가\n854,138,040\n930,687,432\n확정급여부채의 순이자\n73,937,886\n25,397,988\n중단영업에 포함된 비용\n(-)17,726,727\n(-)72,798,569\n합계\n910,349,199\n883,286,851\n매출원가 인식액\n799,454,654\n844,114,918\n판매관리비 인식액\n128,621,272\n111,970,502\n중단영업에 포함된 비용\n(-)17,726,727\n(-)72,798,569\n20-3 확정급여채무의 현재가치 변동내역 \xa0 \xa0 \xa0 \xa0 \xa0 \xa0 \xa0 \xa0 \xa0 \xa0 \xa0 \xa0 \xa0 \xa0 \xa0 \xa0 \xa0 \xa0 \xa0 \xa0 \xa0 \xa0 \xa0 \xa0 \xa0 \xa0 \xa0 \xa0 \xa0 \xa0 \xa0 \xa0 \xa0 \xa0 \xa0 \xa0 \xa0 \xa0 \xa0 \xa0 \xa0 \xa0 \xa0 \xa0 \xa0 \xa0 \xa0 \xa0 \xa0 \xa0 \xa0 \xa0 \xa0(단위: 원)\n구분\n당기\n전기\n기초\n8,071,171,399\n7,630,777,533\n급여비용(당기손익):\n\u3000\n\u3000\n\xa0 \xa0당기근무원가\n854,138,040\n930,687,432\n\xa0 \xa0이자비용\n396,831,966\n214,677,420\n지급액\n(-)2,076,685,990\n(-)737,334,228\n관계사전출입\n21,455,000\n218,130,586\n재측정요소:\n\xa0 \xa0인구통계학적가정의 변동에서 \xa0 발생하는 보험수리적손익\n(-)7,760,389\n-\n\xa0 \xa0재무적가정의 변동에서  \xa0 발생하는 보험수리적손익\n543,855,586\n(-)280,777,684\n\xa0 \xa0경험조정\n607,982,548\n95,010,340\n기말\n8,410,988,160\n8,071,171,399\n20-4 사외적립자산의 공정가치 변동내역 \xa0 \xa0 \xa0 \xa0 \xa0 \xa0 \xa0 \xa0 \xa0 \xa0 \xa0 \xa0 \xa0 \xa0 \xa0 \xa0 \xa0 \xa0 \xa0 \xa0 \xa0 \xa0 \xa0 \xa0 \xa0 \xa0 \xa0 \xa0 \xa0 \xa0 \xa0 \xa0 \xa0 \xa0 \xa0 \xa0 \xa0 \xa0 \xa0 \xa0 \xa0 \xa0 \xa0 \xa0 \xa0 \xa0 \xa0 \xa0 \xa0 \xa0 \xa0 \xa0 \xa0(단위: 원)\n구분\n당기\n전기\n기초\n6,968,895,956\n6,728,467,532\n급여비용(당기손익):\n\u3000\n\u3000\n\xa0 \xa0이자수익\n322,894,080\n189,279,432\n고용인의 기여금\n1,318,093,226\n320,295,983\n관계사전출입\n21,455,000\n121,398,340\n재측정요소:\n\u3000\n\u3000\n\xa0 \xa0사외적립자산의 수익\n(-)69,651,882\n(-)95,807,515\n지급액\n(-)1,584,825,119\n(-)294,737,816\n기말\n6,976,861,261\n6,968,895,956\n20-5 보험수리적평가를 위하여 사용된 주요 추정 \xa0 \xa0 \xa0 \xa0 \xa0 \xa0 \xa0 \xa0 \xa0 \xa0 \xa0 \xa0 \xa0 \xa0 \xa0 \xa0 \xa0 \xa0 \xa0 \xa0 \xa0 \xa0 \xa0 \xa0 \xa0 \xa0 \xa0 \xa0 \xa0 \xa0 \xa0 \xa0 \xa0 \xa0 \xa0 \xa0 \xa0 \xa0 \xa0 \xa0 \xa0 \xa0 \xa0 \xa0 \xa0 \xa0 \xa0 \xa0 \xa0 \xa0 \xa0 \xa0 \xa0(단위: %)\n구분\n당기말\n전기말\n기대임금상승율\xa0\n5.00\n5.00\n할인율\n4.51\n5.34\n20-6 당기말 현재 유의적인 보험수리적 가정에 대한 민감도 분석 \xa0 \xa0 \xa0 \xa0 \xa0 \xa0 \xa0 \xa0 \xa0 \xa0 \xa0 \xa0 \xa0 \xa0 \xa0 \xa0 \xa0 \xa0 \xa0 \xa0 \xa0 \xa0 \xa0 \xa0 \xa0 \xa0 \xa0 \xa0 \xa0 \xa0 \xa0 \xa0 \xa0 \xa0 \xa0 \xa0 \xa0 \xa0 \xa0 \xa0 \xa0 \xa0 \xa0 \xa0 \xa0 \xa0 \xa0 \xa0 \xa0 \xa0 \xa0 \xa0 \xa0(단위: 원)\n구분\n1% 감소\n기준\n1% 증가\n기대임금상승율 변화에 따른 \xa0 확정급여채무의 변동\n7,765,713,250\n8,410,988,160\n9,135,127,849\n할인율 변화에 따른 \xa0 확정급여채무의 변동\n9,145,253,205\n8,410,988,160\n7,769,325,447\n20-7 사외적립자산의 구성내역 \xa0 \xa0 \xa0 \xa0 \xa0 \xa0 \xa0 \xa0 \xa0 \xa0 \xa0 \xa0 \xa0 \xa0 \xa0 \xa0 \xa0 \xa0 \xa0 \xa0 \xa0 \xa0 \xa0 \xa0 \xa0 \xa0 \xa0 \xa0 \xa0 \xa0 \xa0 \xa0 \xa0 \xa0 \xa0 \xa0 \xa0 \xa0 \xa0 \xa0 \xa0 \xa0 \xa0 \xa0 \xa0 \xa0 \xa0 \xa0 \xa0 \xa0 \xa0 \xa0 \xa0(단위: 원)\n구분\n당기말\n전기말\n예적금\n6,976,768,261\n6,968,431,656\n국민연금전환금\n93,000\n464,300\n합계\n6,976,861,261\n6,968,895,956\n20-8 기타장기종업원급여부채\n구분\n당기말\n전기말\n기타장기종업원급여부채\n110,059,860\n117,982,162\n21. 자본금보고기간종료일 현재 자본금의 내역은 다음과 같습니다. \xa0 \xa0 \xa0 \xa0 \xa0 \xa0 \xa0 \xa0 \xa0 \xa0 \xa0 \xa0 \xa0 \xa0 \xa0 \xa0 \xa0 \xa0 \xa0 \xa0 \xa0 \xa0 \xa0 \xa0 \xa0 \xa0 \xa0 \xa0 \xa0 \xa0 \xa0 \xa0 \xa0 \xa0 \xa0 \xa0 \xa0 \xa0 \xa0 \xa0 \xa0 \xa0 \xa0 \xa0 \xa0 \xa0 \xa0 \xa0 \xa0 \xa0 \xa0(단위: 원,주)\n구분\n당기말\n전기말\n발행할 주식의 총수\n40,000,000\n40,000,000\n1주의 액면금액\n500\n500\n발행한 주식의 총수\n15,637,042\n15,637,042\n납입자본금\n7,818,521,000\n7,818,521,000\n22. 자본잉여금보고기간종료일 현재 자본잉여금의 내역은 다음과 같습니다. \xa0 \xa0 \xa0 \xa0 \xa0 \xa0 \xa0 \xa0 \xa0 \xa0 \xa0 \xa0 \xa0 \xa0 \xa0 \xa0 \xa0 \xa0 \xa0 \xa0 \xa0 \xa0 \xa0 \xa0 \xa0 \xa0 \xa0 \xa0 \xa0 \xa0 \xa0 \xa0 \xa0 \xa0 \xa0 \xa0 \xa0 \xa0 \xa0 \xa0 \xa0 \xa0 \xa0 \xa0 \xa0 \xa0 \xa0 \xa0 \xa0 \xa0 \xa0 \xa0 \xa0(단위: 원)\n구분\n당기말\n전기말\n주식발행초과금\n2,047,568,973\n2,047,568,973\n23. 자기주식보고기간종료일 현재 임직원에 대한 상여금지급 등을 목적으로 자기주식 343,022주 (전기말: 343,022주)를 보유하고 있습니다. 한편, 동 자기주식은 상법 제369조에 의하여 의결권이 제한되어 있습니다.\n24. 적립금보고기간종료일 현재 적립금의 내역은 다음과 같습니다. \xa0 \xa0 \xa0 \xa0 \xa0 \xa0 \xa0 \xa0 \xa0 \xa0 \xa0 \xa0 \xa0 \xa0 \xa0 \xa0 \xa0 \xa0 \xa0 \xa0 \xa0 \xa0 \xa0 \xa0 \xa0 \xa0 \xa0 \xa0 \xa0 \xa0 \xa0 \xa0 \xa0 \xa0 \xa0 \xa0 \xa0 \xa0 \xa0 \xa0 \xa0 \xa0 \xa0 \xa0 \xa0 \xa0 \xa0 \xa0 \xa0 \xa0 \xa0 \xa0 \xa0(단위: 원)\n구분\n당기말\n전기말\n법정적립금:\n\xa0 \xa0이익준비금 (주1)\n4,860,000,000\n4,660,000,000\n임의적립금:\n\u3000\n\u3000\n\xa0 \xa0중소기업투자준비금 (주2)\n728,936,613\n728,936,613\n\xa0 \xa0연구및인력개발준비금 (주2)\n800,000,000\n800,000,000\n합계\n6,388,936,613\n6,188,936,613\n(주1) 상법상 자본금의 50%에 달할 때까지 매결산기에 금전에 의한 이익배당액의 10%이상을 이익준비금으로 적립하도록 규정되어 있으며, 동 이익준비금은 이월결손금의 보전과 자본전입에만 사용될 수 있습니다.\n(주2) 조세특례제한법에 따라 법인세의 징수유예혜택을 받기 위하여 설정한 준비금으로서 적립한 사업년도부터 일정기간 경과후 환입하여 과세하도록 되어 있으며 동 환입기간동안 사용이 제한되어 있습니다.\n25. 이익잉여금\n25-1 이익잉여금처분계산서 \xa0 \xa0 \xa0 \xa0 \xa0 \xa0 \xa0 \xa0 \xa0 \xa0 \xa0 \xa0 \xa0 \xa0 \xa0 \xa0 \xa0 \xa0 \xa0 \xa0 \xa0 \xa0 \xa0 \xa0 \xa0 \xa0 \xa0 \xa0 \xa0 \xa0 \xa0 \xa0 \xa0 \xa0 \xa0 \xa0 \xa0 \xa0 \xa0 \xa0 \xa0 \xa0 \xa0 \xa0 \xa0 \xa0 \xa0 \xa0 \xa0 \xa0 \xa0 \xa0 \xa0(단위: 원)\n구분\n당기\n전기\n처분예정일:\xa02024년 3월 22일\n처분확정일: 2023년 3월 24일\nI.미처분이익잉여금\n\u3000\n146,958,485,852\n137,554,607,817\n\xa0 \xa0전기이월미처분이익잉여금\n135,519,325,417\n128,912,318,126\n\xa0 \xa0보험수리적손익\n(-)960,060,135\n71,068,265\n\xa0 \xa0당기순이익\n12,399,220,570\n8,571,221,426\nII.이익잉여금 처분액\n\u3000\n2,035,282,400\n2,035,282,400\n\xa0 \xa0이익준비금\n200,000,000\n\u3000\n200,000,000\n\xa0 \xa0배당금\n1,835,282,400\n\u3000\n1,835,282,400\nIII.차기이월미처분이익잉여금\n\u3000\n144,923,203,452\n135,519,325,417\n25-2 현금배당금당기 및 전기에 주주총회승인을 위해 제안된 배당금은 다음과 같습니다. \xa0 \xa0 \xa0 \xa0 \xa0 \xa0 \xa0 \xa0 \xa0 \xa0 \xa0 \xa0 \xa0 \xa0 \xa0 \xa0 \xa0 \xa0 \xa0 \xa0 \xa0 \xa0 \xa0 \xa0 \xa0 \xa0 \xa0 \xa0 \xa0 \xa0 \xa0 \xa0 \xa0 \xa0 \xa0 \xa0 \xa0 \xa0 \xa0 \xa0 \xa0 \xa0 \xa0 \xa0 \xa0 \xa0 \xa0 \xa0 \xa0 \xa0 \xa0(단위: 원,주)\n구분\n당기\n전기\n주당 액면금액\n500\n500\n액면배당률\n24.0%\n24.0%\n1주당 배당금\n120\n120\n발행주식수 (주1)\n15,294,020\n15,294,020\n배당금총액\n1,835,282,400\n1,835,282,400\n(주1) 당기말 현재 자기주식 343,022주(전기말: 343,022주)는 발행주식수에서 차감하였습니다.한편, 전기 배당금의 지급내역은 주주총회 승인을 위하여 제안된 배당금과 동일합니다.\n26. 고객과의 계약에서 생기는 수익26-1 당사의 고객과의 계약에서 생기는 수익 구성내역 \xa0 \xa0 \xa0 \xa0 \xa0 \xa0 \xa0 \xa0 \xa0 \xa0 \xa0 \xa0 \xa0 \xa0 \xa0 \xa0 \xa0 \xa0 \xa0 \xa0 \xa0 \xa0 \xa0 \xa0 \xa0 \xa0 \xa0 \xa0 \xa0 \xa0 \xa0 \xa0 \xa0 \xa0 \xa0 \xa0 \xa0 \xa0 \xa0 \xa0 \xa0 \xa0 \xa0 \xa0 \xa0 \xa0 \xa0 \xa0 \xa0 \xa0 \xa0 \xa0 \xa0(단위: 원)\n구 \xa0 \xa0분\n당기\n전기\n주요 제품/용역\n\xa0제품매출\n199,226,991,944\n255,552,782,456\n\xa0상품매출\n17,164,742,902\n10,890,247,918\n\xa0중단영업에 포함된 매출\n(-)3,995,764,687\n(-)27,010,141,126\n합 \xa0 \xa0계\n212,395,970,159\n239,432,889,248\n지리적 시장\n\xa0국내\n137,861,253,695\n170,647,738,247\n\xa0수출\n78,530,481,151\n95,795,292,127\n\xa0중단영업에 포함된 매출\n(-)3,995,764,687\n(-)27,010,141,126\n합 \xa0 \xa0계\n212,395,970,159\n239,432,889,248\n수익인식시기\n\xa0한 시점에 인식\n216,391,734,846\n266,443,030,374\n\xa0기간에 걸쳐 인식\n-\n-\n\xa0중단영업에 포함된 매출\n(-)3,995,764,687\n(-)27,010,141,126\n합 \xa0 \xa0계\n212,395,970,159\n239,432,889,248\n당기말 현재 당사는 모두 고객과의 계약에서 생기는 수익을 매출로 인식하였습니다.\n26-2 매출원가의 구성내역 \xa0 \xa0 \xa0 \xa0 \xa0 \xa0 \xa0 \xa0 \xa0 \xa0 \xa0 \xa0 \xa0 \xa0 \xa0 \xa0 \xa0 \xa0 \xa0 \xa0 \xa0 \xa0 \xa0 \xa0 \xa0 \xa0 \xa0 \xa0 \xa0 \xa0 \xa0 \xa0 \xa0 \xa0 \xa0 \xa0 \xa0 \xa0 \xa0 \xa0 \xa0 \xa0 \xa0 \xa0 \xa0 \xa0 \xa0 \xa0 \xa0 \xa0 \xa0 \xa0 \xa0(단위: 원)\n구분\n당기\n전기\n제품매출원가\n190,453,615,506\n237,606,120,875\n상품매출원가\n16,394,591,720\n10,073,981,695\n중단영업에 포함된 매출원가\n(-)3,687,105,947\n(-)24,517,805,923\n합계\n203,161,101,279\n223,162,296,647\n27. 영업비용27-1 비용(매출원가, 판매비와 관리비)의 성격별 내역 \xa0 \xa0 \xa0 \xa0 \xa0 \xa0 \xa0 \xa0 \xa0 \xa0 \xa0 \xa0 \xa0 \xa0 \xa0 \xa0 \xa0 \xa0 \xa0 \xa0 \xa0 \xa0 \xa0 \xa0 \xa0 \xa0 \xa0 \xa0 \xa0 \xa0 \xa0 \xa0 \xa0 \xa0 \xa0 \xa0 \xa0 \xa0 \xa0 \xa0 \xa0 \xa0 \xa0 \xa0 \xa0 \xa0 \xa0 \xa0 \xa0 \xa0 \xa0 \xa0 \xa0(단위: 원)\n구분\n당기\n전기\n제품의 변동\n7,946,094,255\n(-)6,858,863,608\n원재료의 사용액\n133,425,735,711\n194,231,027,007\n상품판매\n16,394,591,720\n10,073,981,695\n종업원급여\n14,625,922,518\n16,099,893,394\n감가상각비 (주1)\n11,438,455,034\n9,718,264,421\n무형자산상각비\n13,665,996\n12,532,664\n기타\n34,911,563,301\n37,401,550,491\n중단영업에 포함된 비용\n(-)3,932,516,568\n(-)25,790,408,021\n합계\n214,823,511,967\n234,887,978,043\n(주1) 투자부동산, 유형자산 및 사용권자산 감가상각비로 구성되어 있습니다.\n27-2 종업원급여의 내역 \xa0 \xa0 \xa0 \xa0 \xa0 \xa0 \xa0 \xa0 \xa0 \xa0 \xa0 \xa0 \xa0 \xa0 \xa0 \xa0 \xa0 \xa0 \xa0 \xa0 \xa0 \xa0 \xa0 \xa0 \xa0 \xa0 \xa0 \xa0 \xa0 \xa0 \xa0 \xa0 \xa0 \xa0 \xa0 \xa0 \xa0 \xa0 \xa0 \xa0 \xa0 \xa0 \xa0 \xa0 \xa0 \xa0 \xa0 \xa0 \xa0 \xa0 \xa0 \xa0 \xa0(단위: 원)\n구분\n당기\n전기\n급여\n11,321,862,789\n12,439,692,477\n퇴직급여\n928,075,926\n956,085,420\n복리후생비\n2,375,983,803\n2,704,115,497\n중단영업에 포함된 비용\n(-)509,591,727\n(-)1,348,917,258\n합계\n14,116,330,791\n14,750,976,136\n27-3 판매비와관리비의 내역 \xa0 \xa0 \xa0 \xa0 \xa0 \xa0 \xa0 \xa0 \xa0 \xa0 \xa0 \xa0 \xa0 \xa0 \xa0 \xa0 \xa0 \xa0 \xa0 \xa0 \xa0 \xa0 \xa0 \xa0 \xa0 \xa0 \xa0 \xa0 \xa0 \xa0 \xa0 \xa0 \xa0 \xa0 \xa0 \xa0 \xa0 \xa0 \xa0 \xa0 \xa0 \xa0 \xa0 \xa0 \xa0 \xa0 \xa0 \xa0 \xa0 \xa0 \xa0 \xa0 \xa0(단위: 원)\n구분\n당기\n전기\n급여\n2,577,377,620\n2,678,811,912\n퇴직급여\n128,621,272\n111,970,502\n복리후생비\n391,074,062\n382,535,429\n감가상각비 (주1)\n425,645,608\n432,097,078\n무형자산상각비\n13,665,996\n12,532,664\n지급수수료\n2,918,824,086\n3,441,282,804\n광고선전비\n39,358,469\n41,646,500\n운반비\n3,922,161,100\n4,505,875,277\n차량관리비\n113,022,809\n127,015,825\n기타\n1,378,070,287\n1,264,515,503\n중단영업에 포함된 비용\n(-)245,410,621\n(-)1,272,602,098\n합계\n11,662,410,688\n11,725,681,396\n(주1) 투자부동산, 유형자산 및 사용권자산 감가상각비로 구성되어 있습니다.\n28. 영업외손익28-1 기타수익 \xa0 \xa0 \xa0 \xa0 \xa0 \xa0 \xa0 \xa0 \xa0 \xa0 \xa0 \xa0 \xa0 \xa0 \xa0 \xa0 \xa0 \xa0 \xa0 \xa0 \xa0 \xa0 \xa0 \xa0 \xa0 \xa0 \xa0 \xa0 \xa0 \xa0 \xa0 \xa0 \xa0 \xa0 \xa0 \xa0 \xa0 \xa0 \xa0 \xa0 \xa0 \xa0 \xa0 \xa0 \xa0 \xa0 \xa0 \xa0 \xa0 \xa0 \xa0 \xa0 \xa0(단위: 원)\n구분\n당기\n전기\n외환차익\n712,633,921\n1,609,632,090\n외화환산이익\n2,309,687\n176,740,886\n국고보조금수익\n160,462,392\n495,118,175\n유형자산처분이익\n41,227,190\n-\n임대료\n170,538,800\n159,430,000\n잡이익\n512,168,240\n744,868,867\n중단영업기타수익\n(-)508,540\n-\n합계\n1,598,831,690\n3,185,790,018\n28-2 기타비용 \xa0 \xa0 \xa0 \xa0 \xa0 \xa0 \xa0 \xa0 \xa0 \xa0 \xa0 \xa0 \xa0 \xa0 \xa0 \xa0 \xa0 \xa0 \xa0 \xa0 \xa0 \xa0 \xa0 \xa0 \xa0 \xa0 \xa0 \xa0 \xa0 \xa0 \xa0 \xa0 \xa0 \xa0 \xa0 \xa0 \xa0 \xa0 \xa0 \xa0 \xa0 \xa0 \xa0 \xa0 \xa0 \xa0 \xa0 \xa0 \xa0 \xa0 \xa0 \xa0 \xa0(단위: 원)\n구분\n당기\n전기\n외환차손\n400,701,731\n528,417,807\n외화환산손실\n185,707,591\n484,703,594\n유형자산처분손실\n-\n8,261,231\n유형자산폐기손실\n341,091,412\n282,895,369\n기부금\n6,300,000\n26,000,000\n기타\n739,260,172\n97,885,991\n중단영업기타비용\n(-)14\n-\n합계\n1,673,060,892\n1,428,163,992\n28-3 금융수익 \xa0 \xa0 \xa0 \xa0 \xa0 \xa0 \xa0 \xa0 \xa0 \xa0 \xa0 \xa0 \xa0 \xa0 \xa0 \xa0 \xa0 \xa0 \xa0 \xa0 \xa0 \xa0 \xa0 \xa0 \xa0 \xa0 \xa0 \xa0 \xa0 \xa0 \xa0 \xa0 \xa0 \xa0 \xa0 \xa0 \xa0 \xa0 \xa0 \xa0 \xa0 \xa0 \xa0 \xa0 \xa0 \xa0 \xa0 \xa0 \xa0 \xa0 \xa0 \xa0 \xa0(단위: 원)\n구분\n당기\n전기\n이자수익\n329,982,990\n18,862,563\n배당금수익\n6,750,000\n6,750,000\n당기손익-공정가치측정금융자산평가이익\n64,175,709\n55,702,582\n중단영업금융수익\n(-)97,841\n-\n합계\n400,810,858\n81,315,145\n28-4 금융원가 \xa0 \xa0 \xa0 \xa0 \xa0 \xa0 \xa0 \xa0 \xa0 \xa0 \xa0 \xa0 \xa0 \xa0 \xa0 \xa0 \xa0 \xa0 \xa0 \xa0 \xa0 \xa0 \xa0 \xa0 \xa0 \xa0 \xa0 \xa0 \xa0 \xa0 \xa0 \xa0 \xa0 \xa0 \xa0 \xa0 \xa0 \xa0 \xa0 \xa0 \xa0 \xa0 \xa0 \xa0 \xa0 \xa0 \xa0 \xa0 \xa0 \xa0 \xa0 \xa0 \xa0(단위: 원)\n구분\n당기\n전기\n이자비용 (주1)\n2,088,341,215\n1,292,875,340\n당기손익-공정가치측정금융자산평가손실\n1,014,778\n-\n합계\n2,089,355,993\n1,292,875,340\n(주1) 리스부채의 상각에서 발행하는 이자비용이 포함되어 있습니다.\n29. 법인세29-1 법인세비용의 구성내역 \xa0 \xa0 \xa0 \xa0 \xa0 \xa0 \xa0 \xa0 \xa0 \xa0 \xa0 \xa0 \xa0 \xa0 \xa0 \xa0 \xa0 \xa0 \xa0 \xa0 \xa0 \xa0 \xa0 \xa0 \xa0 \xa0 \xa0 \xa0 \xa0 \xa0 \xa0 \xa0 \xa0 \xa0 \xa0 \xa0 \xa0 \xa0 \xa0 \xa0 \xa0 \xa0 \xa0 \xa0 \xa0 \xa0 \xa0 \xa0 \xa0 \xa0 \xa0 \xa0 \xa0(단위: 원)\n구분\n당기\n전기\n법인세부담액:\n1,428,679,793\n1,320,338,937\n\xa0 \xa0 당기 법인세부담액\n1,428,679,793\n1,320,338,937\n\xa0 \xa0 법인세추납액\n-\n-\n일시적차이로 인한 이연법인세 변동액\n(-)1,414,961,584\n(-)491,790,936\n총법인세효과\n13,718,209\n828,548,001\n자본에 직접 반영된 법인세비용\n231,195,134\n23,055,768\n법인세비용\n244,913,343\n851,603,769\n계속영업으로 분류되는 법인세비용\n243,676,499\n741,368,326\n중단영업으로 분류되는 법인세비용\n1,236,844\n110,235,443\n29-2 회계상이익과 법인세비용의 관계\n\xa0 \xa0 \xa0 \xa0 \xa0 \xa0 \xa0 \xa0 \xa0 \xa0 \xa0 \xa0 \xa0 \xa0 \xa0 \xa0 \xa0 \xa0 \xa0 \xa0 \xa0 \xa0 \xa0 \xa0 \xa0 \xa0 \xa0 \xa0 \xa0 \xa0 \xa0 \xa0 \xa0 \xa0 \xa0 \xa0 \xa0 \xa0 \xa0 \xa0 \xa0 \xa0 \xa0 \xa0 \xa0 \xa0 \xa0 \xa0 \xa0 \xa0 \xa0 \xa0 \xa0 (단위: 원)\n구분\n당기\n전기\n계속영업 법인세비용차감전순이익\n12,580,279,427\n8,203,092,090\n중단영업 법인세비용차감전순이익\n63,854,486\n1,219,733,105\n적용세율적용시 세부담액(당기: 20.73%, 전기: 21.75%)\n2,620,623,987\n2,049,021,542\n조정사항:\n\xa0 \xa0 비과세수익(당기: \xa01,215,858,673원 \xa0 \xa0 \xa0 \xa0 \xa0 \xa0 \xa0 \xa0 \xa0 \xa0전기: \xa0 \xa0 467,590,542원)\n(-)251,998,945\n(-)101,678,963\n\xa0 \xa0 비공제비용(당기: \xa0 176,405,402원 \xa0 \xa0 \xa0 \xa0 \xa0 \xa0 \xa0 \xa0 \xa0 \xa0전기: \xa0 \xa0280,236,165원)\n36,561,795\n60,938,193\n\xa0 \xa0 세액공제\n(-)717,537,313\n(-)769,527,370\n\xa0 \xa0 법인세추납액\n-\n-\n\xa0 \xa0 기타(세율차이 등)\n(-)1,442,736,181\n(-)387,149,633\n소계\n(-)2,375,710,644\n(-)1,197,417,773\n법인세비용\n244,913,343\n851,603,769\n계속영업으로 분류되는 법인세비용\n243,676,499\n741,368,326\n중단영업으로 분류되는 법인세비용\n1,236,844\n110,235,443\n유효세율\n1.9%\n9.0%\n29-3 일시적차이의 증감내역과 보고기간종료일 현재 이연법인세자산ㆍ부채의 내역\n<당기> \xa0 \xa0 \xa0 \xa0 \xa0 \xa0 \xa0 \xa0 \xa0 \xa0 \xa0 \xa0 \xa0 \xa0 \xa0 \xa0 \xa0 \xa0 \xa0 \xa0 \xa0 \xa0 \xa0 \xa0 \xa0 \xa0 \xa0 \xa0 \xa0 \xa0 \xa0 \xa0 \xa0 \xa0 \xa0 \xa0 \xa0 \xa0 \xa0 \xa0 \xa0 \xa0 \xa0 \xa0 \xa0 \xa0 \xa0 \xa0(단위: 원)\n구분\n일시적차이\n이연법인세자산(부채)\n기초\n증감\n기말\n기초\n기말\n1.손익에 반영될 일시적차이\n(1)차감할 일시적차이\n\xa0 \xa0 확정급여부채\n1,226,520,988\n(-)881,878,171\n344,642,817\n257,569,407\n72,030,349\n\xa0 \xa0 감가상각비\n984,820,086\n(-)98,509,339\n886,310,747\n206,812,218\n185,238,946\n\xa0 \xa0 재고자산\n3,014,410,236\n342,409,449\n3,356,819,685\n633,026,150\n701,575,314\n\xa0 \xa0 리스부채\n1,313,587,909\n173,761,136\n1,487,349,045\n275,853,461\n310,855,950\n\xa0 \xa0 기타\n1,439,636,526\n399,358,149\n1,838,994,675\n302,323,670\n384,349,887\n소계\n7,978,975,745\n(-)64,858,776\n7,914,116,969\n1,675,584,906\n1,654,050,446\n(2)가산할 일시적차이\n\xa0 \xa0 미수수익\n(-)2,859,451\n(-)157,370\n(-)3,016,821\n(-)600,485\n(-)630,516\n\xa0 \xa0 관계기업투자\n(-)14,998,409,600\n(-)1,703,127,657\n(-)16,701,537,257\n(-)2,164,088,792\n(-)922,347,138\n\xa0 \xa0 토지\n(-)2,272,567,400\n-\n(-)2,272,567,400\n(-)477,239,154\n(-)474,966,587\n\xa0 \xa0 사용권자산\n(-)1,241,270,651\n(-)170,253,856\n(-)1,411,524,507\n(-)260,666,837\n(-)295,008,622\n\xa0 \xa0 기타\n(-)232,443,468\n165,958,072\n(-)66,485,396\n(-)48,813,128\n(-)13,895,448\n소계\n(-)18,747,550,570\n(-)1,707,580,811\n(-)20,455,131,381\n(-)2,951,408,396\n(-)1,706,848,311\n합계\n(-)10,768,574,825\n(-)1,772,439,587\n(-)12,541,014,412\n(-)1,275,823,490\n(-)52,797,865\n2.자본에 반영될 일시적차이\n\xa0 \xa0 지분법자본변동\n429,019,913\n(-)406,957,754\n22,062,159\n63,076,167\n1,218,389\n\xa0 \xa0 보험수리적손익\n(-)124,245,545\n1,213,729,627\n1,089,484,082\n(-)26,091,564\n227,702,173\n합계\n304,774,368\n806,771,873\n1,111,546,241\n36,984,603\n228,920,562\n3.이연법인세자산(부채)\n(-)1,238,838,887\n176,122,697\n<전기> \xa0 \xa0 \xa0 \xa0 \xa0 \xa0 \xa0 \xa0 \xa0 \xa0 \xa0 \xa0 \xa0 \xa0 \xa0 \xa0 \xa0 \xa0 \xa0 \xa0 \xa0 \xa0 \xa0 \xa0 \xa0 \xa0 \xa0 \xa0 \xa0 \xa0 \xa0 \xa0 \xa0 \xa0 \xa0 \xa0 \xa0 \xa0 \xa0 \xa0 \xa0 \xa0 \xa0 \xa0 \xa0 \xa0 \xa0 \xa0(단위: 원)\n구분\n일시적차이\n이연법인세자산(부채)\n기초\n증감\n기말\n기초\n기말\n1.손익에 반영될 일시적차이\n(1)차감할 일시적차이\n\xa0 \xa0 확정급여부채\n922,813,651\n303,707,337\n1,226,520,988\n223,320,904\n257,569,407\n\xa0 \xa0 감가상각비\n1,014,075,805\n(-)29,255,719\n984,820,086\n245,406,345\n206,812,218\n\xa0 \xa0 재고자산\n1,712,614,519\n1,301,795,717\n3,014,410,236\n414,452,714\n633,026,150\n\xa0 \xa0 리스부채\n1,547,632,225\n(-)234,044,316\n1,313,587,909\n374,526,998\n275,853,461\n\xa0 \xa0 기타\n980,487,865\n459,148,661\n1,439,636,526\n237,278,063\n302,323,670\n소계\n6,177,624,065\n1,801,351,680\n7,978,975,745\n1,494,985,024\n1,675,584,906\n(2)가산할 일시적차이\n\xa0 \xa0 미수수익\n(-)956,712\n(-)1,902,739\n(-)2,859,451\n(-)231,524\n(-)600,485\n\xa0 \xa0 관계기업투자\n(-)13,443,294,546\n(-)1,555,115,054\n(-)14,998,409,600\n(-)2,278,613,117\n(-)2,164,088,792\n\xa0 \xa0 토지\n(-)2,272,567,400\n-\n(-)2,272,567,400\n(-)549,961,311\n(-)477,239,154\n\xa0 \xa0 사용권자산\n(-)1,481,293,418\n240,022,767\n(-)1,241,270,651\n(-)358,473,007\n(-)260,666,837\n\xa0 \xa0 기타\n(-)224,740,547\n(-)7,702,921\n(-)232,443,468\n(-)54,387,212\n(-)48,813,128\n소계\n(-)17,422,852,623\n(-)1,324,697,947\n(-)18,747,550,570\n(-)3,241,666,171\n(-)2,951,408,396\n합계\n(-)11,245,228,558\n476,653,733\n(-)10,768,574,825\n(-)1,746,681,147\n(-)1,275,823,490\n2.자본에 반영될 일시적차이\n\xa0 \xa0 지분법자본변동\n143,710,237\n285,309,676\n429,019,913\n24,348,467\n63,076,167\n\xa0 \xa0 보험수리적손익\n(-)34,285,716\n(-)89,959,829\n(-)124,245,545\n(-)8,297,143\n(-)26,091,564\n합계\n109,424,521\n195,349,847\n304,774,368\n16,051,324\n36,984,603\n3.이연법인세자산(부채)\n(-)1,730,629,823\n(-)1,238,838,887\n30. 주당이익30-1 계속영업 기본주당이익의 산정내역 \xa0 \xa0 \xa0 \xa0 \xa0 \xa0 \xa0 \xa0 \xa0 \xa0 \xa0 \xa0 \xa0 \xa0 \xa0 \xa0 \xa0 \xa0 \xa0 \xa0 \xa0 \xa0 \xa0 \xa0 \xa0 \xa0 \xa0 \xa0 \xa0 \xa0 \xa0 \xa0 \xa0 \xa0 \xa0 \xa0 \xa0 \xa0 \xa0 \xa0 \xa0 \xa0 \xa0 \xa0 \xa0 \xa0 \xa0 \xa0 \xa0 \xa0 (단위: 원, 주)\n구분\n당기\n전기\n보통주 당기순이익\n12,336,602,928\n7,461,723,764\n가중평균유통보통주식수\n15,294,020\n15,294,020\n기본주당이익\n807\n488\n30-2 중단영업 기본주당이익의 산정내역 \xa0 \xa0 \xa0 \xa0 \xa0 \xa0 \xa0 \xa0 \xa0 \xa0 \xa0 \xa0 \xa0 \xa0 \xa0 \xa0 \xa0 \xa0 \xa0 \xa0 \xa0 \xa0 \xa0 \xa0 \xa0 \xa0 \xa0 \xa0 \xa0 \xa0 \xa0 \xa0 \xa0 \xa0 \xa0 \xa0 \xa0 \xa0 \xa0 \xa0 \xa0 \xa0 \xa0 \xa0 \xa0 \xa0 \xa0 \xa0 \xa0 \xa0 (단위: 원, 주)\n구분\n당기\n전기\n보통주 당기순이익\n62,617,642\n1,109,497,662\n가중평균유통보통주식수\n15,294,020\n15,294,020\n기본주당이익\n4\n73\n30-3 가중평균유통보통주식수의 산정내역당기 및 전기 중 발행주식수의 변동은 없으므로, 가중평균유통보통주식수는 자기주식 343,022주를 차감한 15,294,020주입니다.\n30-4 당사는 희석성 잠재적보통주가 없습니다.\n31. 특수관계자거래31-1 특수관계자 현황\n구분\n특수관계자 명칭\n관계기업\n(주)경산, (주)경산씨앤엘, 바스프한농화성솔루션스(주)\n기타특수관계자\xa0\n(주)경산씨앤티, 한국삼공(주), (주)케이앤티로지스틱스, 서한, 주요 경영진\n31-2 특수관계자와의 매출ㆍ매입 등의 거래내역\n\xa0 \xa0 \xa0 \xa0 \xa0 \xa0 \xa0 \xa0 \xa0 \xa0 \xa0 \xa0 \xa0 \xa0 \xa0 \xa0 \xa0 \xa0 \xa0 \xa0 \xa0 \xa0 \xa0 \xa0 \xa0 \xa0 \xa0 \xa0 \xa0 \xa0 \xa0 \xa0 \xa0 \xa0 \xa0 \xa0 \xa0 \xa0 \xa0 \xa0 \xa0 \xa0 \xa0 \xa0 \xa0 \xa0 \xa0 \xa0 \xa0 \xa0 \xa0 \xa0 \xa0 (단위: 원)\n특수관계명\n특수관계자구분\n거래내역\n당기\n전기\n<매출 등>\n(주)경산\n관계기업\n매출\n3,692,760,218\n407,098,000\n배당금수익\n1,500,000,000\n1,500,000,000\n(주)경산씨앤엘\n관계기업\n배당금수익\n57,000,000\n57,000,000\n(주)경산씨앤티\n기타특수관계자\xa0\n매출\xa0\n55,663,505,300\n68,478,571,750\n바스프한농화성솔루션스(주)\n관계기업\n임대료수익\n8,700,000\n-\n이자수익\n117,238,968\n-\n한국삼공(주)\n기타특수관계자\n매출\n842,177,430\n600,116,520\n임원\n기타특수관계자\n임대료수익\n4,153,300\n1,802,400\n합계\n61,885,535,216\n71,044,588,670\n<매입 등>\n(주)경산\n관계기업\n매입\n6,318,416,903\n18,734,195,931\n경상연구개발비\n833,000\n-\n이자비용(리스)\n25,086,066\n33,085,661\n리스료지급\n300,000,000\n300,000,000\n지급수수료\n1,356,698,922\n1,466,958,650\n배당금 지급\n130,911,960\n244,568,890\n수도광열비\n97,596,071\n-\n(주)경산씨앤엘\n관계기업\n기타매입\n631,305,300\n759,203,200\n운반비\n4,842,470,220\n5,494,284,827\n(주)경산씨앤티\n기타특수관계자\n매입\n17,504,749,520\n16,199,358,600\n경상연구개발비\n338,400\n-\n바스프한농화성솔루션스(주)\n관계기업\n매입\n6,581,951,514\n-\n기타비용\n690,965,859\n-\n(주)케이앤티로지스틱스\n기타특수관계자\n지급수수료 등\n929,756,720\n962,284,920\n임원\n기타특수관계자\n리스부채의 상환\n37,728,800\n16,851,400\n이자비용(리스)\n22,848,680\n9,946,060\n합계\n39,471,657,935\n44,220,738,139\n31-3 특수관계자에 대한 채권ㆍ채무내역\n\xa0 \xa0 \xa0 \xa0 \xa0 \xa0 \xa0 \xa0 \xa0 \xa0 \xa0 \xa0 \xa0 \xa0 \xa0 \xa0 \xa0 \xa0 \xa0 \xa0 \xa0 \xa0 \xa0 \xa0 \xa0 \xa0 \xa0 \xa0 \xa0 \xa0 \xa0 \xa0 \xa0 \xa0 \xa0 \xa0 \xa0 \xa0 \xa0 \xa0 \xa0 \xa0 \xa0 \xa0 \xa0 \xa0 \xa0 \xa0 \xa0 \xa0 \xa0 \xa0 \xa0 (단위: 원)\n특수관계자명\n특수관계자구분\n계정과목\n당기말\n전기말\n<채권>\n(주)경산\n관계기업\n매출채권\n159,255,360\n-\n임차보증금\n250,000,000\n250,000,000\n미수금\n139,058,480\n13,436,715\n(주)경산씨앤티\n기타특수관계자\n매출채권\n6,862,132,550\n6,057,607,760\n바스프한농화성솔루션스(주)\n관계기업\n매출채권\n45,713,800\n-\n미수금\n220,351,751\n-\n단기대여금\n5,921,160,000\n-\n미수수익\n117,238,968\n-\n한국삼공(주)\n기타특수관계자\n매출채권\n235,098,512\n63,448,506\n합계\n13,950,009,421\n6,384,492,981\n<채무>\n(주)경산\n관계기업\n매입채무\n-\n408,031,256\n미지급금\n180,305,834\n182,480,922\n(주)경산씨앤엘\n관계기업\n미지급금\n442,358,169\n473,109,930\n선수금\n15,898,468\n-\n바스프한농화성솔루션스(주)\n관계기업\n매입채무\n1,241,923,516\n-\n미지급금\n690,965,859\n-\n임대보증금\n30,000,000\n-\n(주)케이앤티로지스틱스\n기타특수관계자\n미지급금\n62,655,120\n111,338,920\n합계\n2,664,106,966\n1,174,961,028\n31-4 특수관계자에게 제공한 담보자산당기말 현재 특수관계자에게 제공한 담보는 없습니다.\n31-5 특수관계자로부터 제공받은 지급보증당기말 현재 당사의 금융거래와 관련하여 대표이사로부터 28,800,000,000원(전기말: 28,800,000,000원) 및 US$6,600,000(전기말: US$6,600,000)의 지급보증을 제공받고 있습니다.\n31-6 주요 경영진에 대한 보상당기에 주요 경영진(당사의 기업활동의 계획ㆍ운영ㆍ통제에 대한 중요한 권한과 책임을 가지고 있는 등기이사)에 대하여 단기급여 972,000,000원(전기: 1,175,500,000원)이 지급되었습니다.\n32. 약정사항 및 우발사항32-1 담보제공자산\n보고기간종료일 현재 당사의 차입금과 관련하여 당사의 유형자산, 투자부동산에 \xa0대하여 60,000,000,000원(전기말: 60,000,000,000원)의 근저당권이 설정되어 있습니다.32-2 당기 보고기간종료일 현재 한국산업은행 등과 원화 71,000,000,000원(전기말: 71,500,000,000원)을 한도로 하는 회전대출약정 및 당좌차월약정 등을 체결하고 있습니다. 또한, 당기 보고기간종료일 현재 하나은행 등과 US$6,500,000(전기말: US$6,500,000)을 한도로 하는 L/C개설약정 등을 체결하고 있습니다.\n32-3 당기말 현재 당사가 피고로 계류중인 소송사건은 없습니다.\n32-4 당기말 현재 당사가 타인(특수관계자제외)으로부터 제공받은 보증의 내용은 다음과 같습니다.\n(단위: 원)\n보증회사\n피보증회사\n보증금액\n내 \xa0용\n서울보증보험\n당사\n171,525,000\n인허가, 이행계약 및 이행지급 등\n32-5 당사는 한국바스프 주식회사와 바스프한농화성솔루션스 주식회사의 제품 생산에 대한 우선권 약정을 체결하였습니다. 한국바스프 주식회사 및 계열사와 한농화성 제품의 총 수요가 바스프한농화성솔루션스 주식회사의 가용 용량을 초과하는 경우 한국바스프 주식회사 및 계열사의 제품 제조가 연간 계획에서 최우선 순위(이하 우선권)가 됩니다. 우선권은 CAPEX투자가 완료되거나 대금지급완료 후 원하는 때 중 빠른날부터 20년간 가지게 됩니다.\n32-6 당사는 BASF Beteiligungsgesellschaft MBH와의 주식매각거래에서 발생한 매각대금을 양사간의 합의에 의해 질권을 설정하고, 이 매각대금을 주식매매계약 거래종결일로부터 5년이 되는 날 이전까지 공장 개선 작업(이하 초기 CAPEX 작업)에 사용하도록 하였습니다. 초기 CAPEX 작업이 완료된 이후 잔여금액이 존재하는 경우 해당 금액은 질권설정을 해제하고 당사가 사용할 수 있습니다.33. 재무위험관리의 목적 및 정책당사의 주요 금융부채는 차입금, 매입채무및기타채무, 리스부채 등으로 구성되어 있으며, 이러한 금융부채는 영업활동을 위한 자금을 조달하기 위하여 발생하였습니다. 또한, 당사는 영업활동에서 발생하는 매출채권, 현금 및 단기예금과 같은 다양한 금융자산도 보유하고 있습니다.당사의 금융자산 및 금융부채에서 발생할 수 있는 주요 위험은 시장위험, 신용위험 및 유동성위험입니다.\n당사의 주요 경영진은 아래에서 설명하는 바와 같이, 각 위험별 관리절차를 검토하고정책에 부합하는지 검토하고 있습니다. 또한, 당사는 투기 목적의 파생상품거래를 실행하지 않는 것이 기본적인 정책입니다.\n33-1 시장위험시장위험은 시장가격의 변동으로 인하여 금융상품의 공정가치나 미래현금흐름이 변동할 위험입니다. 시장위험은 이자율위험, 환율변동위험 및 기타 가격위험의 세가지 유형으로 구성됩니다.\n다음의 민감도 분석은 당기말 및 전기말과 관련되어 있습니다.\n33-1-1 이자율위험이자율위험은 시장이자율의 변동으로 인하여 금융상품의 공정가치 및 현금흐름이 변동할 위험입니다. 이에 따라, 당사의 경영진은 이자율 현황을 주기적으로 검토하여 고정이자율 차입금과 변동이자율 차입금의 적절한 균형을 유지하고 있습니다. 당기 보고기간종료일 현재 이자율변동이 금융부채의 현금흐름에 미치는 영향은 중요하지 아니합니다.\n33-1-2 환율변동위험당사는 매출 및 매입 등 정상적인 거래에서 야기되는 환율변동위험에 노출되어 있습니다. 보고기간종료일 현재 당사의 기능통화 이외의 외화로 표시된 화폐성자산 및 부채의 장부금액은 다음과 같습니다.\n\xa0 \xa0 \xa0 \xa0 \xa0 \xa0 \xa0 \xa0 \xa0 \xa0 \xa0 \xa0 \xa0 \xa0 \xa0 \xa0 \xa0 \xa0 \xa0 \xa0 \xa0 \xa0 \xa0 \xa0 \xa0 \xa0 \xa0 \xa0 \xa0 \xa0 \xa0 \xa0 \xa0 \xa0 \xa0 \xa0 \xa0 \xa0 \xa0 \xa0 \xa0 \xa0 \xa0 \xa0 \xa0 \xa0 \xa0 \xa0 \xa0 \xa0 \xa0 \xa0 \xa0 (단위: 원)\n통화\n당기말\n전기말\n자산\n부채\n자산\n부채\nUSD\n6,867,815,359\n688,256,318\n8,001,177,459\n2,493,341,273\nJPY\n3,354,299\n-\n14,583\n-\nCNY\n163,186,408\n-\n588,493,902\n-\nEUR\n84,145,984\n-\n-\n-\n합계\n7,118,502,050\n688,256,318\n8,589,685,944\n2,493,341,273\n당사는 내부적으로 환율변동에 대한 환위험을 정기적으로 측정하고 있습니다. 보고기간종료일 현재 다른 모든 변수가 일정하다고 가정할 때 합리적인 범위에서 가능한 환율변동이 당사의 세전순이익 및 자본에 미치는 효과에 대한 민감도분석 결과는 다음과 같습니다.\n\xa0 \xa0 \xa0 \xa0 \xa0 \xa0 \xa0 \xa0 \xa0 \xa0 \xa0 \xa0 \xa0 \xa0 \xa0 \xa0 \xa0 \xa0 \xa0 \xa0 \xa0 \xa0 \xa0 \xa0 \xa0 \xa0 \xa0 \xa0 \xa0 \xa0 \xa0 \xa0 \xa0 \xa0 \xa0 \xa0 \xa0 \xa0 \xa0 \xa0 \xa0 \xa0 \xa0 \xa0 \xa0 \xa0 \xa0 \xa0 \xa0 \xa0 \xa0 \xa0 \xa0 (단위: 원)\n통화\n당기말\n전기말\n5% 상승시\n5% 하락시\n5% 상승시\n5% 하락시\nUSD\n308,977,952\n(-)308,977,952\n275,391,809\n(-)275,391,809\nJPY\n167,715\n(-)167,715\n729\n(-)729\nCNY\n8,159,320\n(-)8,159,320\n29,424,695\n(-)29,424,695\nEUR\n4,207,299\n(-)4,207,299\n-\n-\n합계\n321,512,286\n(-)321,512,286\n304,817,233\n(-)304,817,233\n상기 민감도 분석은 보고기간종료일 현재 기능통화 이외의 외화로 표시된 화폐성 자산 및 부채를 대상으로 하였습니다.\n33-1-3 가격위험당기 보고기간종료일 현재 재무상태표상 기타포괄손익-공정가치측정금융자산으로 분류되는 당사 보유 상장지분증권이 없으므로 이로 인한 가격위험에 노출되어 있지 않습니다.\n33-2 신용위험\n당사의 비금융업 금융자산 중 지분상품을 제외한 금융자산은 신용위험에 노출되어 있는 바, 신용위험에 노출된 최대 금액은 각 보고기간말 현재 장부금액으로 한정됩니다. 다만, 당사가 제공한 금융보증계약의 최대 노출액은 보증금액입니다.33-2-1 매출채권및기타채권당사는 신용거래를 희망하는 모든 거래상대방에 대하여 신용검증절차의 수행을 원칙으로 하여 신용상태가 건전한 거래상대방과의 거래만을 수행하고 있습니다. 또한, 대손위험에 대한 당사의 노출정도가 중요하지 않은 수준으로 유지될 수 있도록 지속적으로 신용도를 재평가하는 등 매출채권및기타채권 잔액에 대한 지속적인 관리업무를수행하고 있으며, 매 보고기간말에 개별적으로 손상여부를 검토하고 있습니다.\n당사의 대손위험에 대한 최대 노출정도는 다음과 같습니다.\n\xa0 \xa0 \xa0 \xa0 \xa0 \xa0 \xa0 \xa0 \xa0 \xa0 \xa0 \xa0 \xa0 \xa0 \xa0 \xa0 \xa0 \xa0 \xa0 \xa0 \xa0 \xa0 \xa0 \xa0 \xa0 \xa0 \xa0 \xa0 \xa0 \xa0 \xa0 \xa0 \xa0 \xa0 \xa0 \xa0 \xa0 \xa0 \xa0 \xa0 \xa0 \xa0 \xa0 \xa0 \xa0 \xa0 \xa0 \xa0 \xa0 \xa0 \xa0 \xa0 \xa0 (단위: 원)\n구분\n당기말\n전기말\n매출채권\n39,901,326,817\n43,415,419,654\n기타채권\n364,872,498\n150,894,142\n합계\n40,266,199,315\n43,566,313,796\n33-2-2 기타자산현금및현금성자산, 장ㆍ단기예금 및 단기대여금 등으로 구성되는 당사의 기타의 자산으로부터 발생하는 신용위험은 거래상대방의 부도 등으로 발생합니다. 이러한 경우 당사의 신용위험노출정도는 최대 해당 금융상품 장부금액과 동일한 금액이 될 것입니다. 한편, 연체되었으나 손상되지 아니한 기타의 금융자산은 없습니다.또한, 당사는 신한은행 등의 금융기관에 현금및현금성자산 및 장ㆍ단기금융상품 등을 예치하고 있으며, 신용등급이 우수한 금융기관과 거래하고 있으므로 금융기관으로부터의 신용위험은 제한적입니다. \n33-3 유동성위험당사는 자체적인 유동성 전략 및 계획을 통하여 자금부족에 따른 위험을 관리하고 있습니다. 동 방법은 금융자산 및 금융부채의 만기와 영업현금흐름의 추정치를 고려하고 있습니다.경영진은 영업활동현금흐름과 금융자산의 현금유입으로 금융부채를 상환가능하다고 판단하고 있습니다. 한편, 당사는 일시적으로 발생할 수 있는 유동성위험을 관리하기 위하여 한국산업은행 등과 대출한도 약정을 체결하고 있습니다. 한편, 당기말 \xa0현재 재무제표에 반영된 차입금의 장부금액을 기준으로 만기가 1년 이내인 차입금 비율은 28.84%(전기말: 22.74%)입니다. 당사는 자금조달 집중위험에 대하여 평가한결과 낮은 것으로 판단하였습니다. 자금조달의 원천에 대한 접근은 충분히 용이하며 12개월 이내 만기가 도래하는 부채는 동일 차입처로부터 연장될 수 있습니다.\n보고기간종료일 현재 금융부채별 상환계획으로서 할인되지 않은 계약상의 금액은 다음과 같습니다.<당기말> \xa0 \xa0 \xa0 \xa0 \xa0 \xa0 \xa0 \xa0 \xa0 \xa0 \xa0 \xa0 \xa0 \xa0 \xa0 \xa0 \xa0 \xa0 \xa0 \xa0 \xa0 \xa0 \xa0 \xa0 \xa0 \xa0 \xa0 \xa0 \xa0 \xa0 \xa0 \xa0 \xa0 \xa0 \xa0 \xa0 \xa0 \xa0 \xa0 \xa0 \xa0 \xa0 \xa0 \xa0 \xa0 \xa0 (단위: 원)\n구분\n3개월 이내\n3개월 ~ 1년\n1년 ~ 5년\n5년 초과\n합계\n차입금\n1,760,517,736\n11,803,361,019\n22,333,937,482\n11,297,123,626\n47,194,939,863\n매입채무및기타채무\n17,898,776,820\n-\n140,468,925\n-\n18,039,245,745\n기타금융부채\n550,631,070\n-\n119,000,000\n-\n669,631,070\n리스부채\n87,473,200\n262,419,600\n602,694,200\n927,600,600\n1,880,187,600\n합계\n20,297,398,826\n12,065,780,619\n23,196,100,607\n12,224,724,226\n67,784,004,278\n<전기말> \xa0 \xa0 \xa0 \xa0 \xa0 \xa0 \xa0 \xa0 \xa0 \xa0 \xa0 \xa0 \xa0 \xa0 \xa0 \xa0 \xa0 \xa0 \xa0 \xa0 \xa0 \xa0 \xa0 \xa0 \xa0 \xa0 \xa0 \xa0 \xa0 \xa0 \xa0 \xa0 \xa0 \xa0 \xa0 \xa0 \xa0 \xa0 \xa0 \xa0 \xa0 \xa0 \xa0 \xa0 \xa0 \xa0 (단위: 원)\n구분\n3개월 이내\n3개월 ~ 1년\n1년 ~ 5년\n5년 초과\n합계\n차입금\n1,763,130,591\n10,941,944,570\n27,492,712,648\n15,053,854,653\n55,251,642,462\n매입채무및기타채무\n19,795,468,930\n-\n350,240,315\n-\n20,145,709,245\n기타금융부채\n537,529,436\n-\n89,000,000\n-\n626,529,436\n리스부채\n81,722,500\n243,273,500\n792,960,000\n412,007,500\n1,529,963,500\n합계\n22,177,851,457\n11,185,218,070\n28,724,912,963\n15,465,862,153\n77,553,844,643\n33-4 자본위험의 관리자본관리의 주 목적은 당사의 영업활동을 유지하고 주주가치를 극대화하기 위하여 높은 신용등급과 건전한 자본비율을 유지하기 위한 것입니다. 당사는 자본구조를 경제환경의 변화에 따라 수정하고 있으며, 이를 위하여 배당정책을 수정하거나 자본감소 혹은 신주발행을 검토하도록 하고 있습니다. 한편, 기중 자본관리의 목적, 정책 및절차에 대한 변경사항은 없습니다.\n당사는 순부채를 자기자본과 순부채를 합한 총자본으로 나눈 부채비율을 사용하여 감독하고 있으며 순부채는 총부채에서 현금및현금성자산을 차감하여 산정하고 있습니다. 보고기간종료일 현재 부채비율은 다음과 같습니다. \xa0 \xa0 \xa0 \xa0 \xa0 \xa0 \xa0 \xa0 \xa0 \xa0 \xa0 \xa0 \xa0 \xa0 \xa0 \xa0 \xa0 \xa0 \xa0 \xa0 \xa0 \xa0 \xa0 \xa0 \xa0 \xa0 \xa0 \xa0 \xa0 \xa0 \xa0 \xa0 \xa0 \xa0 \xa0 \xa0 \xa0 \xa0 \xa0 \xa0 \xa0 \xa0 \xa0 \xa0 \xa0 \xa0 \xa0 \xa0 \xa0 \xa0 \xa0 \xa0 \xa0(단위: 원)\n구분\n당기말\n전기말\n총부채\n74,790,088,790\n72,824,106,640\n차감: 현금및현금성자산\n(-)12,201,120,550\n(-)2,548,644,663\n순부채\n62,588,968,240\n70,275,461,977\n자기자본\n162,579,437,615\n152,591,076,184\n순부채및자기자본\n225,168,405,855\n222,866,538,161\n부채비율\n27.80%\n31.53%\n34. 금융상품의 범주별 분류내역34-1 금융자산의 범주별 분류내역<당기말> \xa0 \xa0 \xa0 \xa0 \xa0 \xa0 \xa0 \xa0 \xa0 \xa0 \xa0 \xa0 \xa0 \xa0 \xa0 \xa0 \xa0 \xa0 \xa0 \xa0 \xa0 \xa0 \xa0 \xa0 \xa0 \xa0 \xa0 \xa0 \xa0 \xa0 \xa0 \xa0 \xa0 \xa0 \xa0 \xa0 \xa0 \xa0 \xa0 \xa0 \xa0 \xa0 \xa0 \xa0 \xa0 \xa0 (단위: 원)\n구분\n상각후원가로측정하는금융자산\n기타포괄손익-공정가치측정금융자산\n당기손익-공정가치측정금융자산\n합계\n<유동>\n현금및현금성자산\n12,201,120,550\n-\n-\n12,201,120,550\n매출채권및기타채권\n40,266,199,315\n-\n-\n40,266,199,315\n당기손익-공정가치측정금융자산(유동)\n-\n-\n1,380,385,013\n1,380,385,013\n기타금융자산(비파생금융자산)\n6,541,415,789\n-\n-\n6,541,415,789\n소계\n59,008,735,654\n-\n1,380,385,013\n60,389,120,667\n<비유동>\n당기손익-공정가치측정금융자산(비유동)\n-\n-\n902,423,583\n902,423,583\n기타포괄손익-공정가치측정금융자산\n-\n453,500,000\n-\n453,500,000\n기타금융자산(비파생상품자산)\n12,456,183,352\n-\n-\n12,456,183,352\n소계\n12,456,183,352\n453,500,000\n902,423,583\n13,812,106,935\n합계\n71,464,919,006\n453,500,000\n2,282,808,596\n74,201,227,602\n<전기말> \xa0 \xa0 \xa0 \xa0 \xa0 \xa0 \xa0 \xa0 \xa0 \xa0 \xa0 \xa0 \xa0 \xa0 \xa0 \xa0 \xa0 \xa0 \xa0 \xa0 \xa0 \xa0 \xa0 \xa0 \xa0 \xa0 \xa0 \xa0 \xa0 \xa0 \xa0 \xa0 \xa0 \xa0 \xa0 \xa0 \xa0 \xa0 \xa0 \xa0 \xa0 \xa0 \xa0 \xa0 \xa0 \xa0 (단위: 원)\n구분\n상각후원가로측정하는금융자산\n기타포괄손익-공정가치측정금융자산\n당기손익-공정가치측정금융자산\n합계\n<유동>\n현금및현금성자산\n2,548,644,663\n-\n-\n2,548,644,663\n매출채권및기타채권\n43,566,313,796\n-\n-\n43,566,313,796\n기타금융자산(비파생금융자산)\n502,859,451\n-\n-\n502,859,451\n소계\n46,617,817,910\n-\n-\n46,617,817,910\n<비유동>\n당기손익-공정가치측정금융자산(비유동)\n-\n-\n2,207,313,881\n2,207,313,881\n기타포괄손익-공정가치측정금융자산\n-\n453,500,000\n-\n453,500,000\n기타금융자산(비파생상품자산)\n478,054,704\n-\n-\n478,054,704\n소계\n478,054,704\n453,500,000\n2,207,313,881\n3,138,868,585\n합계\n47,095,872,614\n453,500,000\n2,207,313,881\n49,756,686,495\n34-2 금융부채의 범주별 분류내역 \xa0 \xa0 \xa0 \xa0 \xa0 \xa0 \xa0 \xa0 \xa0 \xa0 \xa0 \xa0 \xa0 \xa0 \xa0 \xa0 \xa0 \xa0 \xa0 \xa0 \xa0 \xa0 \xa0 \xa0 \xa0 \xa0 \xa0 \xa0 \xa0 \xa0 \xa0 \xa0 \xa0 \xa0 \xa0 \xa0 \xa0 \xa0 \xa0 \xa0 \xa0 \xa0 \xa0 \xa0 \xa0 \xa0 \xa0 \xa0 \xa0 \xa0 \xa0 \xa0 \xa0(단위: 원)\n구분\n상각후원가로 측정하는 금융부채\n당기말\n전기말\n<유동>\n차입금(유동)\n11,968,363,890\n10,887,497,400\n매입채무및기타채무\n17,898,776,820\n19,795,468,930\n리스부채(유동)\n344,156,177\n319,860,595\n기타금융부채(비파생금융부채)\n550,631,070\n537,529,436\n소계\n30,761,927,957\n31,540,356,361\n<비유동>\n차입금(비유동)\n29,536,260,000\n37,000,000,000\n리스부채(비유동)\n1,143,192,868\n993,727,314\n기타금융부채(비파생금융부채)\n119,000,000\n89,000,000\n기타장기지급채무\n140,468,925\n350,240,315\n소계\n30,938,921,793\n38,432,967,629\n합계\n61,700,849,750\n69,973,323,990\n34-3 금융상품의 범주별 순손익내역<당기> \xa0 \xa0 \xa0 \xa0 \xa0 \xa0 \xa0 \xa0 \xa0 \xa0 \xa0 \xa0 \xa0 \xa0 \xa0 \xa0 \xa0 \xa0 \xa0 \xa0 \xa0 \xa0 \xa0 \xa0 \xa0 \xa0 \xa0 \xa0 \xa0 \xa0 \xa0 \xa0 \xa0 \xa0 \xa0 \xa0 \xa0 \xa0 \xa0 \xa0 \xa0 \xa0 \xa0 \xa0 \xa0 \xa0 \xa0 \xa0(단위: 원)\n구분\n상각후원가로측정하는 금융자산\n기타포괄손익-공정가치측정금융자산\n당기손익-공정가치측정금융자산\n상각후원가로 측정하는 금융부채\n합계\n당기손익:\n\xa0 대손상각비\n222,283,425\n-\n-\n-\n222,283,425\n\xa0 이자수익\n329,982,990\n-\n-\n-\n329,982,990\n\xa0 배당금수익\n-\n6,750,000\n-\n-\n6,750,000\n\xa0 외환차손익\n153,487,526\n-\n-\n158,444,664\n311,932,190\n\xa0 외화환산손익\n(-)185,707,591\n-\n-\n2,309,687\n(-)183,397,904\n\xa0 당기손익-공정가치측정 \xa0금융자산평가이익\n-\n-\n64,175,709\n-\n64,175,709\n\xa0 이자비용\n-\n-\n-\n(-)2,088,341,215\n(-)2,088,341,215\n\xa0 당기손익-공정가치측정 \xa0금융자산평가손실\n-\n-\n(-)1,014,778\n-\n(-)1,014,778\n합계\n520,046,350\n6,750,000\n63,160,931\n(-)1,927,586,864\n(-)1,337,629,583\n<전기> \xa0 \xa0 \xa0 \xa0 \xa0 \xa0 \xa0 \xa0 \xa0 \xa0 \xa0 \xa0 \xa0 \xa0 \xa0 \xa0 \xa0 \xa0 \xa0 \xa0 \xa0 \xa0 \xa0 \xa0 \xa0 \xa0 \xa0 \xa0 \xa0 \xa0 \xa0 \xa0 \xa0 \xa0 \xa0 \xa0 \xa0 \xa0 \xa0 \xa0 \xa0 \xa0 \xa0 \xa0 \xa0 \xa0 \xa0 \xa0(단위: 원)\n구분\n상각후원가로측정하는 금융자산\n기타포괄손익-공정가치측정금융자산\n당기손익-공정가치측정금융자산\n상각후원가로 측정하는 금융부채\n합계\n당기손익:\n\xa0 이자수익\n18,862,563\n-\n-\n-\n18,862,563\n\xa0 배당금수익\n-\n6,750,000\n-\n-\n6,750,000\n\xa0 외환차손익\n1,137,569,349\n-\n-\n(-)56,355,066\n1,081,214,283\n\xa0 외화환산손익\n(-)484,253,659\n-\n-\n176,290,951\n(-)307,962,708\n\xa0 당기손익-공정가치측정 \xa0금융자산평가이익\n-\n-\n55,702,582\n-\n55,702,582\n\xa0 이자비용\n-\n-\n-\n(-)1,292,875,340\n(-)1,292,875,340\n합계\n672,178,253\n6,750,000\n55,702,582\n(-)1,172,939,455\n(-)438,308,620\n35. 공정가치35-1 금융상품의 장부금액 및 공정가치 \xa0 \xa0 \xa0 \xa0 \xa0 \xa0 \xa0 \xa0 \xa0 \xa0 \xa0 \xa0 \xa0 \xa0 \xa0 \xa0 \xa0 \xa0 \xa0 \xa0 \xa0 \xa0 \xa0 \xa0 \xa0 \xa0 \xa0 \xa0 \xa0 \xa0 \xa0 \xa0 \xa0 \xa0 \xa0 \xa0 \xa0 \xa0 \xa0 \xa0 \xa0 \xa0 \xa0 \xa0 \xa0 \xa0 \xa0 \xa0 \xa0 \xa0 \xa0 \xa0 \xa0(단위: 원)\n구분\n당기말\n전기말\n장부금액\n공정가치\n장부금액\n공정가치\n<금융자산>\n공정가치로 인식된 금융자산:\n\xa0 \xa0기타포괄손익-공정가치측정금융자산\n453,500,000\n453,500,000\n453,500,000\n453,500,000\n\xa0 \xa0당기손익-공정가치측정금융자산(유동)\n1,380,385,013\n1,380,385,013\n-\n-\n\xa0 \xa0당기손익-공정가치측정금융자산(비유동)\n902,423,583\n902,423,583\n2,207,313,881\n2,207,313,881\n소계\n2,736,308,596\n2,736,308,596\n2,660,813,881\n2,660,813,881\n상각후원가로 인식된 금융자산\n\xa0 \xa0현금및현금성자산\n12,201,120,550\n12,201,120,550\n2,548,644,663\n2,548,644,663\n\xa0 \xa0매출채권및기타채권\n40,266,199,315\n40,266,199,315\n43,566,313,796\n43,566,313,796\n\xa0 \xa0기타금융자산(유동)\n6,541,415,789\n6,541,415,789\n502,859,451\n502,859,451\n\xa0 \xa0기타금융자산(비유동)\n12,456,183,352\n12,456,183,352\n478,054,704\n478,054,704\n소계\n71,464,919,006\n71,464,919,006\n47,095,872,614\n47,095,872,614\n합계\n74,201,227,602\n74,201,227,602\n49,756,686,495\n49,756,686,495\n<금융부채>\n상각후원가로 인식된 금융부채:\n\xa0 \xa0차입금(유동)\n11,968,363,890\n11,968,363,890\n10,887,497,400\n10,887,497,400\n\xa0 \xa0매입채무및기타채무\n17,898,776,820\n17,898,776,820\n19,795,468,930\n19,795,468,930\n\xa0 \xa0기타금융부채(유동)\n550,631,070\n550,631,070\n537,529,436\n537,529,436\n\xa0 \xa0리스부채(유동)\n344,156,177\n344,156,177\n319,860,595\n319,860,595\n\xa0 \xa0차입금(비유동)\n29,536,260,000\n29,536,260,000\n37,000,000,000\n37,000,000,000\n\xa0 \xa0기타금융부채(비유동)\n119,000,000\n119,000,000\n89,000,000\n89,000,000\n\xa0 \xa0기타장기지급채무\n140,468,925\n140,468,925\n350,240,315\n350,240,315\n\xa0 \xa0리스부채(비유동)\n1,143,192,868\n1,143,192,868\n993,727,314\n993,727,314\n합계\n61,700,849,750\n61,700,849,750\n69,973,323,990\n69,973,323,990\n35-2 공정가치 서열체계당사는 공정가치측정에 사용된 투입변수의 유의성을 반영하는 공정가치 서열체계에 따라 공정가치측정치를 분류하고 있으며, 공정가치 서열체계의 수준은 다음과 같습니다.\n구 \xa0분\n투입변수의 유의성\n수준1\n동일한 자산이나 부채에 대한 활성시장의 공시가격\u3000\n수준2\n직접적으로 또는 간접적으로 관측가능한 자산이나 부채에 대한 투입변수\n수준3\n관측가능한 시장자료에 기초하지 않은 자산이나 부채에 대한 투입변수\n35-3 당기말 현재 공정가치로 측정되거나 공시되는 금융상품의 공정가치 서열체계에 따른 수준별 내역은 다음과 같습니다. \xa0 \xa0 \xa0 \xa0 \xa0 \xa0 \xa0 \xa0 \xa0 \xa0 \xa0 \xa0 \xa0 \xa0 \xa0 \xa0 \xa0 \xa0 \xa0 \xa0 \xa0 \xa0 \xa0 \xa0 \xa0 \xa0 \xa0 \xa0 \xa0 \xa0 \xa0 \xa0 \xa0 \xa0 \xa0 \xa0 \xa0 \xa0 \xa0 \xa0 \xa0 \xa0 \xa0 \xa0 \xa0 \xa0 \xa0 \xa0 \xa0 \xa0 \xa0 \xa0 \xa0(단위: 원)\n구 \xa0분\n수준 1\n수준 2\n수준 3\n합 \xa0계\n<금융자산>\n공정가치로 공시된 금융자산:\n\xa0당기손익-공정가치측정금융자산(유동)\n-\n1,380,385,013\n-\n1,380,385,013\n\xa0당기손익-공정가치측정금융자산(비유동)\n-\n902,423,583\n-\n902,423,583\n\xa0기타포괄손익-공정가치측정금융자산\n-\n-\n453,500,000\n453,500,000\n합계\n-\n2,282,808,596\n453,500,000\n2,736,308,596\n당기 중 공정가치 서열체계의 수준 1과 수준 2 사이의 유의적인 이동 및 공정가치 서열체계 수준 3으로 또는 수준 3으로부터의 이동은 없었습니다.\n35-4 가치평가기법 및 투입변수당사는 공정가치 서열체계에서 공정가치측정치에 대해 다음의 가치평가기법과 투입변수를 사용하고 있습니다.\r\n(단위: 천원)\n당기말\n공정가치\n수준\n가치평가기법 등\n투입변수\n투입변수 범위(가중평균)\n당기손익 - 공정가치 측정 금융상품\n\xa0 저축성보험\n2,282,808,596\n2\n해지환급금\n국고채수익률, 회사채수익률,보험사의 운용자산이익률 등\nN/A\xa0\n기타포괄손익-공정가치측정금융자산\n\xa0 출자금\n3,500,000\n3\n순자산가치법\n\xa0순자산가치\xa0\nN/A\xa0\n\xa0 지분증권\n450,000,000\n3\n순자산가치법\n\xa0순자산가치\xa0\nN/A\xa0\n36. 현금흐름표36-1 당기와 전기 중 현금의 유입과 유출이 없는 중요한 거래내용은 다음과 같습니다.\n(단위: 원)\n구분\n당기\n전기\n유형자산 취득으로 인한 미지급금 증가(감소)\n(-)779,717,900\n(-)2,282,044,930\n차입금 유동성 대체\n7,463,740,000\n4,500,000,000\n건설중자산의 대체\n3,071,070,136\n4,847,850,000\n사용권자산, 리스부채의 조정\n474,876,922\n(-)49,393,273\n당기손익-공정가치측정금융자산 유동으로 대체\n1,380,385,013\n516,055,090\n퇴직금 미지급금\n(-)310,408,470\n310,408,470\n36-2 당기와 전기 중 재무활동에서 발생한 부채의 변동내역은 다음과 같습니다.\n(당기)\n(단위: 원)\n구 분\n기 초\n재무활동현금흐름에서발생한 변동\n비현금변동\n기 말\n유동성대체\n외화환산손익\n이자비용\n기타\n단기차입금\n6,387,497,400\n(-)1,882,873,510\n-\n-\n-\n-\n4,504,623,890\n유동성장기차입금\n4,500,000,000\n(-)4,500,000,000\n7,463,740,000\n-\n-\n-\n7,463,740,000\n장기차입금\n37,000,000,000\n-\n(-)7,463,740,000\n-\n-\n-\n29,536,260,000\n임대보증금\n89,000,000\n30,000,000\n-\n-\n-\n-\n119,000,000\n리스부채\n1,313,587,909\n(-)349,462,800\n-\n-\n48,347,014\n474,876,922\n1,487,349,045\n합 계\n49,290,085,309\n(-)6,702,336,310\n-\n-\n48,347,014\n474,876,922\n43,110,972,935\n(전기)\n(단위: 원)\n구 분\n기 초\n재무활동현금흐름에서발생한 변동\n비현금변동\n기 말\n유동성대체\n외화환산손익\n이자비용\n기타\n단기차입금\n17,731,119,914\n(-)11,343,622,514\n-\n-\n-\n-\n6,387,497,400\n유동성장기차입금\n2,500,000,000\n(-)2,500,000,000\n4,500,000,000\n-\n-\n-\n4,500,000,000\n장기차입금\n16,000,000,000\n25,500,000,000\n(-)4,500,000,000\n-\n-\n-\n37,000,000,000\n리스부채\n1,547,632,225\n(-)326,751,400\n-\n-\n43,313,811\n49,393,273\n1,313,587,909\n합 계\n37,778,752,139\n11,329,626,086\n-\n-\n43,313,811\n49,393,273\n49,201,085,309\n37. 보험가입현황보고기간말 현재 당사의 보험가입현황은 다음과 같습니다.\n(단위: 원)\n금융기관\n보험가입대상\n\xa0부보금액\nDB손해보험(*)\n재고자산\n7,000,000,000\n건물, 기계 등\n218,847,147,977\n배상책임위험보상 등\n7,194,744,065\n환경책임보험\n30,000,000,000\nKB손해보험 등\n가스사고배상책임보험\n3,340,000,000\n교보생명보험\n임직원단체상해보험\n5,627,000,000\n합 \xa0계\n272,008,892,042\n(*) 당사가 DB손해보험에 가입한 화재보험과 관련하여 한화손해보험에서 보험계약의 20%를 인수하고 있습니다.또한, 당사는 상기 보험 이외에 당사 소유의 차량운반구에 대한 업무용자동차보험에 가입하고 있습니다.\xa0\n38. 중단영업\n당사는 2022년 12월 29일 임시주주총회 결정에 따라 대죽공장을 2023년 4월 1일을 분할기일로 단순 물적분할하고 분할 완료 후 2023년 6월 20일 분할신설회사인 바스프한농화성솔루션스 주식회사의 지분 100% 중 51%를 독일 BASF BETEILIGUNGSGESELLSCHAFT MBH 社에 처분하였습니다.\n38-1 중단영업의 손익 \xa0 \xa0 \xa0 \xa0 \xa0 \xa0 \xa0 \xa0 \xa0 \xa0 \xa0 \xa0 \xa0 \xa0 \xa0 \xa0 \xa0 \xa0 \xa0 \xa0 \xa0 \xa0 \xa0 \xa0 \xa0 \xa0 \xa0 \xa0 \xa0 \xa0 \xa0 \xa0 \xa0 \xa0 \xa0 \xa0 \xa0 \xa0 \xa0 \xa0 \xa0 \xa0 \xa0 \xa0 \xa0 \xa0 \xa0 (단위: 원)\n구분\n당기\n전기\n수익\n3,996,371,068\n27,010,141,126\n비용\n(-)3,932,516,582\n(-)25,790,408,021\n세전 중단영업손익\n63,854,486\n1,219,733,105\n법인세비용\n(-)1,236,844\n(-)110,235,443\n세후 중단영업손익\n62,617,642\n1,109,497,662\n중단영업으로부터의 이익\n62,617,642\n1,109,497,662\n중단영업으로부터의 기타포괄이익\n62,617,642\n1,109,497,662\n38-2 중단영업의 현금흐름 \xa0 \xa0 \xa0 \xa0 \xa0 \xa0 \xa0 \xa0 \xa0 \xa0 \xa0 \xa0 \xa0 \xa0 \xa0 \xa0 \xa0 \xa0 \xa0 \xa0 \xa0 \xa0 \xa0 \xa0 \xa0 \xa0 \xa0 \xa0 \xa0 \xa0 \xa0 \xa0 \xa0 \xa0 \xa0 \xa0 \xa0 \xa0 \xa0 \xa0 \xa0 \xa0 \xa0 \xa0 \xa0 \xa0 (단위: 원)\n구분\n당기\n전기\n영업활동 현금흐름\n50,181,910\n1,671,901,482\n투자활동 현금흐름\n(-)379,570,540\n(-)89,690,300\n재무활동 현금흐름\n1,000,000,000\n(-)1,580,311,342\n총 현금흐름\n670,611,370\n1,899,840\n39. 물적분할\n당사는 각 사업부문별로 분리 경영을 통한 업종 전문화를 구축하여 경쟁력을 제고하고자 대죽공장부문을 분리하여 물적분할하였습니다.\n39-1 분할회사 및 분할신설회사당사는 2022년 10월 6일자 이사회 및 2022년 12월 29일자 임시주주총회에서 승인된 분할계획서에 따라 2023년 4월 1일을 분할기일로 다음과 같이 분할하였습니다.\n구분\n회사명\n사업부문\n분할회사\n(주)한농화성\n화학제품 제조 및 판매 사업\n분할신설회사\n바스프한농화성솔루션스(주)\n대죽공장 화학산업부문\n39-2 분할방법에 대한 설명상기 분할은 상법 제 530조의2 내지 제 530조의 12의 규정이 정하는 바에 따라 분할회사가 영위하는 사업부문 중 분할 대상 사업부문을 분할하여 분할신설회사를 설립하고, 분할회사가 분할신설회사 발행주식의 100%를 배정받는 단순 물적분할 방식입니다.\n39-3 분할신설회사로 이전되는 자산 및 부채의 가액당기 중 분할을 통해 분할신설회사로 이전된 자산과 부채의 내역은 다음과 같습니다.\n(단위: 원)\n구분\n금액\n유동자산\n\xa0 현금및현금성자산\n1,000,000,000\n\xa0 재고자산\n82,325,817\n\xa0 선급비용\n23,269,689\n비유동자산\n\xa0 토지\n3,042,095,892\n\xa0 건물\n2,922,758,351\n\xa0 구축물\n1,748,500,319\n\xa0 기계장치\n1,211,366,569\n\xa0 비품\n57,739,365\n자산 총계\n10,088,056,002\n부채 총계\n-\n순자산 금액\n10,088,056,002\n39-4 권리·의무의 승계 등에 관한 사항분할되는 회사의 일체의 적극적, 소극적 재산 및 기타의 권리ㆍ의무와 재산적 가치가있는 사실관계(인허가, 근로관계, 계약관계, 소송등을 모두 포함)는 분할대상부문에 관한 것이면 해당 분할신설회사에게, 분할대상부문 이외의 부문에 관한 것이면 분할되는 회사에게 각각 귀속되는 것을 원칙으로 합니다.\n40. 종속기업의 처분당사는 2022년 12월 29일 임시주주총회 결정에 따라 대죽공장을 2023년 4월 1일을 분할기일로 단순 물적분할하고 분할 완료 후 2023년 6월 20일 분할신설회사인 바스프한농화성솔루션스 주식회사의 지분 100% 중 51%를 독일 BASF BETEILIGUNGSGESELLSCHAFT MBH 社에 처분하였습니다.40-1 종속기업 처분대가의 공정가치는 다음과 같습니다.\n(단위: 원)\n구 \xa0분\n금액\n현금및현금성자산으로 수취한 대가\n17,701,782,764\n40-2 지배력을 상실한 날 처분 대상 종속기업의 자산 및 부채의 장부금액은 다음과 같습니다.\n(단위: 원)\n구 \xa0분\n금액\n유동자산\n\xa0현금및현금성자산\n674,295,217\n\xa0매출채권및기타채권\n860,454,236\n\xa0재고자산\n107,730,652\n\xa0기타유동자산 등\n42,101,522\n비유동자산\n\xa0유형자산\n12,709,943,755\n\xa0기타금융자산\n10,200,000\n자산 총계\n14,404,725,382\n유동부채\n매입채무및기타채무\n793,961,796\n기타유동부채\n42,747,431\n부채 총계\n836,709,227\n처분한 순자산 장부금액 합계\n13,568,016,155\n40-3 종속기업 처분으로 인한 이익은 다음과 같습니다.\n(단위: 원)\n구 \xa0분\n금액\n처분대가의 공정가치\n17,701,782,764\n처분한 순자산의 장부금액\n6,919,688,239\n처분이익\n10,782,094,525\n40-4 종속기업 처분으로 인한 순현금흐름은 다음과 같습니다.\n(단위: 원)\n구 \xa0분\n금액\n현금 및 현금성 자산으로 수취한 대가\n17,701,782,764\n\xa0 차감 : 현금 및 현금성자산 처분액\n(-)674,295,217\n순현금흐름\n17,027,487,547\n41. 재무제표의 승인당사의 재무제표는 2024년 2월 7일자의 이사회에서 승인되었으며,\xa02024년 3월 22일개최될 정기주주총회에서 최종 승인 예정입니다.\n']"
