text
"['\n5. 재무제표 주석\n1. 당사의 개요주식회사 세원정공(이하 \'당사\')은 자동차부품의 제조판매를 주사업목적으로 1989년7월 대구광역시에서 설립되었고, 자동차용 차체 보강판넬류 등을 제조하여 현대자동차주식회사 등에 판매하고 있습니다. 당사는 1996년 7월에 발행주식을 한국증권선물거래소가 개설하는 유가증권시장에 상장하였습니다.당반기말 현재 당사의 납입자본금은 5,000,000천원이며, 주요 주주현황은 다음과 같습니다.\n주주명\n소유주식수(주)\n지분율\n비고\n(주)에스엔아이\n2,101,210\n21.01%\n최대주주\n김문기\n955,700\n9.56%\n대표이사\n김상현\n426,041\n4.26%\n대표이사\n기타특수관계자\n1,181,276\n11.81%\n\u3000-\n기타\n5,335,773\n53.36%\n\u3000-\n합 \xa0 계\n10,000,000\n100.00%\n\u3000-\n2. 재무제표 작성기준 및 중요한 회계정책당사의 재무제표는 연차재무제표가 속하는 기간의 일부에 대하여 기업회계기준서 제1034호 \'중간재무보고\'를 적용하여 작성하는 요약중간재무제표이며, 기업회계기준서 제1027호 \'별도재무제표\'에 따른 별도재무제표입니다. 동 요약중간재무제표에 대한 이해를 위해서는 한국채택국제회계기준에 따라 작성된 2021년 6월 30일자로 종료하는 회계연도에 대한 연차별도재무제표를 함께 이용하여야 합니다.중간재무제표의 작성에 적용된 중요한 회계정책은 아래에서 설명하는 기준서나 해석서의 도입과 관련된 영향 및 다음 문단에서 설명하고 있는 사항을 제외하고는 2021년6월 30일로 종료하는 회계연도에 대한 연차재무제표 작성시 채택한 회계정책과 동일합니다.1) 당반기부터 새로 도입된 기준서 및 해석서와 그로 인한 회계정책 변경의 내용은 다음과 같습니다.① 기업회계기준서 제1109호 \'금융상품\', 제1039호 \'금융상품: 인식과 측정\', 제1107호 \'금융상품: 공시\', 제 1104호 \'보험계약\' 및 제 1116호 \'리스\' 개정 - 이자율지표 개혁이자율지표 개혁과 관련하여 상각후원가로 측정되는 금융상품의 이자율지표 대체시 장부금액이 아닌 유효이자율을 조정하고, 위험회피관계에서 이자율지표 대체가 발생한 경우에도 중단 없이 위험회피회계를 계속할 수 있도록 하는 등의 예외규정을 포함하고 있습니다. 해당 기준서의 개정이 재무제표에 미치는 중요한 영향은 없습니다.② 기업회계기준서 제 1116호 \'리스\' 개정 - \xa02021년 6월 30일 후에도 제공되는 코로나19 관련 임차료 할인 등코로나19의 직접적인 결과로 발생한 임차료 할인 등(rent concession)이 리스변경에해당하는지 평가하지 않을 수 있도록 하는 실무적 간편법의 적용대상이 2022년 6월 30일 이전에 지급하여야 할 리스료에 영향을 미치는 리스료 감면으로 확대되었습니다. 리스이용자는 비슷한 상황에서 특성이 비슷한 계약에 실무적 간편법을 일관되게 적용해야 합니다. 동 개정사항은 2021년 4월 1일 이후 시작하는 회계연도부터 적용하였으며, 해당 기준서의 개정이 재무제표에 미치는 중요한 영향은 없습니다.\n2) 제정 또는 공표되었으나 2021년 7월 1일 이후 시작하는 회계연도에 시행일이 도래하지 않았고, 조기 적용하지 않은 제ㆍ개정 기준서 및 해석서는 다음과 같습니다.① 기업회계기준서 제1103호 \'사업결합\' 개정 - 개념체계의 인용인식할 자산과 부채의 정의를 개정된 재무보고를 위한 개념체계를 참조하도록 개정되었으나, 기업회계기준서 제1037호 \'충당부채, 우발부채 및 우발자산\' 및 해석서 제2121호 \'부담금\'의 적용범위에 포함되는 부채 및 우발부채에 대해서는 해당 기준서를적용하도록 예외를 추가하고, 우발자산이 취득일에 인식되지 않는다는 점을 명확히 하였습니다. 동 개정사항은 2022년 1월 1일 이후 시작하는 회계연도부터 적용되며, 조기적용이 허용됩니다. 당사는 동 개정으로 인해 재무제표에 중요한 영향은 없을 것으로 예상하고 있습니다.② 기업회계기준서 제1016호 \'유형자산\' 개정 - 의도한 사용 전의 매각금액기업이 자산을 의도한 방식으로 사용하기 전에 생산된 품목의 판매에서 발생하는 수익을 생산원가와 함께 당기손익으로 인식하도록 요구하며, 유형자산의 취득원가에서차감하는 것을 금지하고 있습니다. 동 개정사항은 2022년 1월 1일 이후 시작하는 회계연도부터 적용되며, 조기적용이 허용됩니다. 당사는 동 개정으로 인해 재무제표에 중요한 영향은 없을 것으로 예상하고 있습니다.③ 기업회계기준서 제1037호 \'충당부채, 우발부채 및 우발자산\' 개정 - 손실부담계약: 계약이행원가손실부담계약을 식별할 때 계약이행원가의 범위를 계약 이행을 위한 증분원가와 계약 이행에 직접 관련되는 다른 원가의 배분이라는 점을 명확히 하였습니다. 동 개정사항은 2022년 1월 1일 이후 시작하는 회계연도부터 적용되며, 조기적용이 허용됩니다. 당사는 동 개정으로 인해 재무제표에 중요한 영향은 없을 것으로 예상하고 있습니다.④ 기업회계기준서 제1001호 \'재무제표 표시\' 개정 - 부채의 유동/비유동 분류보고기간말 현재 존재하는 실질적인 권리에 따라 유동 또는 비유동으로 분류되며, 부채의 결제를 연기할 수 있는 권리의 행사가능성이나 경영진의 기대는 고려하지 않습니다. 또한, 부채의 결제에 자기지분상품의 이전도 포함되나, 복합금융상품에서 자기지분상품으로 결제하는 옵션이 지분상품의 정의를 충족하여 부채와 분리하여 인식된경우는 제외됩니다. 동 개정사항은 2023년 1월 1일 이후 시작하는 회계연도부터 적용하며, 조기적용이 허용됩니다. 당사는 동 개정으로 인해 재무제표에 중요한 영향은 없을 것으로 예상하고 있습니다.⑤ 기업회계기준서 제1117호 \'보험계약\' 제정 \xa0기업회계기준서 제1117호 \'보험계약\'은 기업회계기준서 제1104호 \'보험계약’을 대체합니다. 보험계약에 따른 모든 현금흐름을 추정하고 보고시점의 가정과 위험을 반영한 할인율을 사용하여 보험부채를 측정하고, 매 회계연도별로 계약자에게 제공한 서비스(보험보장)를 반영하여 수익을 발생주의로 인식하도록 합니다. 또한, 보험사건과 관계없이 보험계약자에게 지급하는 투자요소(해약/만기환급금)는 보험수익에서 제외하며, 보험손익과 투자손익을 구분 표시하여 정보이용자가 손익의 원천을 확인할 수 있도록 하였습니다. 동 기준서는 2023년 1월 1일 이후 최초로 시작하는 회계연도부터 적용되며, 기업회계기준서 제1109호 \'금융상품\'을 적용한 기업은 조기적용이 허용됩니다.\xa0당사는 동 제정으로 인해 재무제표에 중요한 영향은 없을 것으로 예상하고 있습니다.⑥ 기업회계기준서 제1001호 \'재무제표 표시\' 개정 -\'회계정책\'의 공시중요한 회계정책을 정의하고 공시하도록 하며, 중요성 개념을 적용하는 방법에 대한 지침을 제공하기 위하여 국제회계기준 실무서 2 \'회계정책 공시\'를 개정하였습니다.동 개정 사항은 2023년 1월 1일 이후 최초로 시작하는 회계연도부터 적용되며 조기적용이 허용됩니다. 당사는 동 개정으로 인해 재무제표에 중요한 영향은 없을 것으로 예상하고 있습니다.\u3000⑦ 기업회계기준서 제1008호 \'회계정책, 회계추정의 변경 및 오류\' 개정 - \'회계추정\'의 정의회계추정을 정의하고, 회계정책의 변경과 구별하는 방법을 명확히 하였습니다. 동 개정 사항은 2023년 1월 1일 이후 최초로 시작하는 회계연도부터 적용되며 조기적용이 허용됩니다. 당사는 동 개정으로 인해 재무제표에 중요한 영향은 없을 것으로 예상하고 있습니다.\n⑧ 기업회계기준서 제1012호 \'법인세\' 개정 - 단일거래에서 생기는 자산과 부채에 대한 이연법인세자산 또는 부채가 최초로 인식되는 거래의 최초 인식 예외 요건에 거래시점이 동일한가산할 일시적차이와 차감할 일시적차이를 발생시키지 않는 거래라는 요건을 추가하였습니다. 동 개정사항은 2023년 1월 1일 이후 시작하는 회계연도부터 적용하며, 조기적용이 허용됩니다. 당사는 동 개정으로 인해 재무제표에 중요한 영향은 없을 것으로 예상하고 있습니다.⑨ 한국채택국제회계기준 연차개선 2018-2020한국채택국제회계기준 연차개선 2018-2020은 2022년 1월 1일 이후 시작하는 회계연도부터 적용되며, 조기적용이 허용됩니다. 당사는 동 개정으로 인해 재무제표에 중요한 영향은 없을 것으로 예상하고 있습니다.- 기업회계기준서 제1101호 \'한국채택국제회계기준의 최초 채택\': 최초채택기업인 종속기업- 기업회계기준서 제1109호 \'금융상품\': 금융부채 제거 목적의 10% 테스트 관련 수수료- 기업회계기준서 제1116호 \'리스\': 리스 인센티브- 기업회계기준서 제1041호 \'농림어업\': 공정가치 측정\n3) 영업부문당사는 한국채택국제회계기준 제1108호(영업부문)에 따른 보고부문이 단일부문으로, 기업전체 수준에서의 부문별 정보는 다음과 같습니다. \xa0\xa0\n① 지역에 대한 정보\n당사는 국내 및 해외에서 영업활동이 이루어지고 있으며, 지역별로 세분화된 당사의 외부고객으로부터의 계속영업수익에 대한 정보는 다음과 같습니다(단위: 천원).\n\xa0구 \xa0 분\n\xa0당반기\n\xa0전반기\n\xa03개월\n\xa0누적\n\xa03개월\n\xa0누적\n국내매출\n9,098,570\n16,375,163\n11,319,996\n18,871,366\n해외매출\n4,072,671\n8,120,418\n4,776,118\n8,067,715\n합 \xa0 계\n13,171,241\n24,495,581\n16,096,114\n26,939,081\n② 주요고객에 대한 정보\n당반기 또는 전반기에 당사 수익의 10% 이상을 차지하는 주요 고객에 대한 정보는 다음과 같습니다(단위: 천원).\n매출처\n\xa0당반기\xa0\n\xa0전반기\xa0\n매출액\n매출비율\n매출액\n매출비율\n현대모비스\n14,029,017\n57.27%\n17,086,693\n63.43%\n덕양산업\n3,677,267\n15.01%\n5,174,670\n19.21%\n한편, 당사의 비유동자산은 모두 국내에 소재하고 있습니다.\n3. 중요한 회계적 판단, 추정 및 가정한국채택국제회계기준에서는 재무제표를 작성함에 있어서 경영진으로 하여금 회계정책의 적용이나, 보고기간종료일 현재 자산, 부채 및 수익, 비용의 보고금액에 영향을 미치는 판단, 추정치, 가정의 사용을 요구하고 있습니다. 보고기간종료일 현재 경영진의 최선의 판단을 기준으로 한 추정치와 가정이 실제 환경과 다를 경우 실제 결과는 이러한 추정치와 다를 수 있습니다.추정치와 추정에 대한 기본가정은 지속적으로 검토되고 있으며, 회계추정의 변경은 추정이 변경된 기간과 미래 영향을 받을 기간 동안 인식되고 있습니다. 한편, 재무제표에 인식된 금액에 유의한 영향을 미치는 회계정책의 적용과 관련된 주요한 경영진의 판단에 대한 정보는 다음의 주석사항에 포함되어 있습니다.\n-\xa0확정급여부채의 측정 (주석19)\n- 이연법인세의 측정 (주석26)\n4. 공정가치의 결정당사의 회계정책 및 공시사항은 금융 및 비금융자산과 부채에 대해서 공정가치를 결정하도록 요구하고 있습니다. 측정 및 공시목적상 공정가치는 아래에서 설명하고 있는 방법에 근거하여 결정되었습니다. 공정가치 측정시 사용된 가정에 대한 추가적인 정보는 각 해당 자산 혹은 부채의 주석사항에 공시되고 있습니다.\n(1) 채무증권에 대한 투자당기손익-공정가치측정 금융자산, 기타포괄손익-공정가치측정 금융자산의 공정가치는 보고기간종료일 현재 공시되는 마감 호가에 의해 산정되고 있습니다. \n(2) 비파생 금융부채공시목적으로 결정되는 공정가치는 미래 원금 및 이자 현금흐름을 보고기간종료일의시장이자율로 할인한 현재가치에 근거하여 산정되고 있습니다.\n5. 현금 및 현금성자산당사의 현금 및 현금성자산은 재무상태표와 현금흐름표상의 금액이 동일하게 관리되고 있습니다. 보고기간종료일 현재 현금및현금성자산의 내역은 다음과 같습니다(단위:천원).\n구 \xa0 분\n당반기말\n전기말\n보통예금\n5,065,806\n7,130,896\n기타현금성자산\n10\n6,237\n합 \xa0 계\n5,065,816\n7,137,133\n6. 매출채권 및 기타채권(1) 보고기간종료일 현재 현재 매출채권 및 기타채권의 내역은 다음과 같습니다(단위: 천원).\n구 \xa0 분\n당반기말\n전기말\n매출채권\n6,471,635\n12,331,021\n미수금\n1,441,822\n1,558,540\n합 \xa0 계\n7,913,457\n13,889,561\n차감 : 대손충당금\n(47,851)\n(47,851)\n\xa0차감후 합계\n7,865,606\n13,841,710\n상기 매출채권 및 기타채권은 상각후원가로 측정됩니다.\n(2) 당사는 매출채권및기타채권에 대해 전체 기간 기대신용손실을 사용하는 간편법을 적용합니다. 기대신용손실을 측정하기 위해 매출채권및기타채권은 신용위험 특성과 연체일을 기준으로 구분하였습니다. 기대신용손실에는 미래전망정보가 포함되며 당반기말과 전기말의 손실충당금은 다음과 같습니다(단위: 천원).① 당반기말\n구분\n가중평균손실률\n총 장부금액\n손실충당금\n\xa0미연체 ~ 3개월\n-%\n6,276,629\n-\n4 ~ 6개월 연체\n-%\n759,589\n-\n7 ~ 9개월 연체\n-%\n807,823\n-\n10 ~ 12개월 연체\n51.69%\n44,397\n(22,950)\n1년 초과 연체\n-%\n-\n-\n개별평가채권\n99.53%\n25,019\n(24,901)\n합 \xa0 계\n7,913,457\n(47,851)\n② 전기말\n구분\n가중평균손실률\n총 장부금액\n손실충당금\n\xa0미연체 ~ 3개월\n-%\n8,044,963\n-\n4 ~ 6개월 연체\n1.15%\n42,319\n(486)\n7 ~ 9개월 연체\n0.39%\n5,777,260\n(22,464)\n10 ~ 12개월 연체\n-%\n-\n-\n1년 초과 연체\n-%\n118\n-\n개별평가채권\n100.00%\n24,901\n(24,901)\n합 \xa0 계\n\u3000\n13,889,561\n(47,851)\n(3) 당반기 및 전반기 중 매출채권 및 기타채권의 대손충당금의 변동은 없습니다.\n7. 기타금융자산(1) 보고기간종료일 현재 기타금융자산의 내역은 다음과 같습니다(단위: 천원).\n계정명\n당반기말\n전기말\n유동\n비유동\n유동\n비유동\n금융상품\n156,000,000\n-\n145,000,000\n-\n대여금\n27,267\n-\n53,793\n-\n미수수익\n932,829\n-\n835,687\n-\n보증금\n-\n1,312,145\n-\n1,181,623\n합 \xa0 계\n156,960,096\n1,312,145\n145,889,480\n1,181,623\n(2) 기타금융자산 중 사용이 제한된 금융상품은 다음과 같습니다(단위: 천원).\n구 \xa0 분\n당반기말\n전기말\n사용 제한 내용\n단기금융상품\n2,000,000\n2,000,000\n당사 무역금융 약정 관련 담보\n8. 기타자산보고기간종료일 현재 기타자산의 내역은 다음과 같습니다(단위: 천원).\n구 \xa0 분\n당반기말\n전기말\n유동\n비유동\n유동\n비유동\n선급금\n205,981\n-\n154,369\n-\n선급비용\n453,730\n-\n923,294\n-\n부가세대급금\n10,714\n-\n-\n-\n기타\n-\n96,690\n-\n96,690\n합 \xa0 계\n670,425\n96,690\n1,077,663\n96,690\n9. 재고자산\n보고기간종료일 현재 재고자산의 내역은 다음과 같습니다(단위: 천원).\n구 \xa0 분\n당반기말\n전기말\n취득원가\n평가충당금\n장부금액\n취득원가\n평가충당금\n장부금액\n상품\n23,121\n-\n23,121\n-\n-\n-\n제품\n949,307\n(153,436)\n795,871\n668,156\n(83,129)\n585,027\n재공품\n153,016\n-\n153,016\n112,706\n-\n112,706\n원재료\n407,327\n-\n407,327\n264,177\n-\n264,177\n매입부분품\n52,503\n-\n52,503\n45,700\n-\n45,700\n저장품\n14,611\n-\n14,611\n17,751\n-\n17,751\n금형\n6,777,528\n-\n6,777,528\n5,115,526\n-\n5,115,526\n합 \xa0 계\n8,377,413\n(153,436)\n8,223,977\n6,224,016\n(83,129)\n6,140,887\n당반기 중 비용으로 인식되어 매출원가에 포함된 재고자산의 원가는\xa010,051,595천원(전반기:\xa09,054,976천원) 입니다. 동 비용에는 재고자산평가손실 139,805천원(전반기: -천원)이 포함되어 있습니다.\n10. 기타포괄손익-공정가치측정금융자산보고기간종료일 현재 기타포괄손익-공정가치측정금융자산은 다음과 같습니다(단위: 천원).\xa0\n구 \xa0 분\n당반기말\n전기말\n시장성없는 지분증권\n\xa0 출자금\n37,500\n37,500\n11. 종속기업투자(1) 보고기간종료일 현재 종속기업투자주식의 내용은 다음과 같습니다(단위: 천원).\n구 \xa0 분\n주요영업활동\n소재국가\n결산월\n지분율\n장부금액\n당반기말\n전기말\n당반기말\n전기말\n삼하세원기차과기유한공사\n자동차부품제조업\n중국\n12월\n62%\n62%\n37,824,307\n37,824,307\n(주)제이엠오토\n자동차부품 수출입업\n대한민국\n12월\n50%\n50%\n300,000\n300,000\n합 \xa0계\n38,124,307\n38,124,307\n(2) 당반기와 전반기 중 종속기업의 변동은 다음과 같습니다(단위: 천원).\n구 \xa0 분\n당반기\n전반기\n기초가액\n38,124,307\n37,824,307\n취득가액\n-\n300,000\n반기말가액\n38,124,307\n38,124,307\n(3)\xa0보고기간종료일 현재 종속기업의 요약 재무상태는 다음과 같습니다(단위: 천원).\n구 \xa0 분\n삼하세원기차과기유한공사\n(주)제이엠오토\n당반기말\n전기말\n당반기말\n전기말\n유동자산\n98,601,341\n91,591,963\n1,337,796\n738,589\n비유동자산\n211,584,587\n217,384,613\n25,209\n2,000\n자산총계\n310,185,928\n308,976,576\n1,363,005\n740,589\n유동부채\n23,547,535\n31,191,083\n471,519\n65,938\n비유동부채\n-\n-\n58,573\n-\n부채총계\n23,547,535\n31,191,083\n530,092\n65,938\n자본\n286,638,393\n277,785,493\n832,913\n674,651\n부채 및 자본총계\n310,185,928\n308,976,576\n1,363,005\n740,589\n(주) 상기 요약 재무상태는 지배기업과의 회계정책 차이조정 등을 반영한 후의 금액이며, 다만 내부거래는 제거하기 전의 금액입니다.\n(4)\xa0당반기와 전반기 중 종속기업의 요약 경영성과는 다음과 같습니다(단위: 천원).\n구 \xa0 분\n삼하세원기차과기유한공사\n(주)제이엠오토\n당반기\n전반기\n당반기\n전반기\n매출액\n30,974,918\n55,666,863\n820,355\n13,345\n영업이익(손실)\n(9,779,968)\n(438,242)\n149,424\n(1,051)\n반기순이익(손실)\n(8,007,117)\n5,772,200\n158,262\n(946)\n기타포괄손익\n16,860,017\n(4,592,243)\n-\n-\n반기총포괄손익\n8,852,900\n1,179,957\n158,262\n(946)\n(주) 상기 요약 경영성과는 지배기업과의 회계정책 차이조정 등을 반영한 후의 금액이며, 다만 내부거래는 제거하기 전의 금액입니다.\n12. 관계기업투자(1) 보고기간종료일 현재 관계기업투자주식의 내용은 다음과 같습니다(단위: 천원).\n구 \xa0 분\n주요영업활동\n소재국가\n결산월\n지분율\n장부금액\n당반기말\n전기말\n당반기말\n전기말\n(주)세원물산\n자동차부품제조업\n대한민국\n12월\n22.82%\n22.82%\n23,274,146\n23,274,146\n(주)세원테크\n자동차부품제조업\n대한민국\n6월\n24.49%\n24.49%\n16,191,502\n16,191,502\n(주)세원이엔아이\n자동차부품제조업\n대한민국\n12월\n26.71%\n26.71%\n7,517,691\n7,517,691\n합 \xa0 계\u3000\n46,983,339\n46,983,339\n(2) 보고기간종료일 현재 공시되는 시장가격이 존재하는 관계기업투자의 공정가치는 다음과 같습니다(단위: 천원).\n구 \xa0 분\n당반기말\n전기말\n(주)세원물산\n11,968,361\n11,968,361\n(3)\xa0보고기간종료일 현재 관계기업의 요약 재무상태는 다음과 같습니다(단위: 천원).\n구 \xa0 분\n(주)세원물산\n(주)세원테크\n(주)세원이엔아이\n당반기말\n전기말\n당반기말\n전기말\n당반기말\n전기말\n유동자산\n90,851,593\n85,439,129\n94,202,584\n95,092,109\n78,830,394\n70,916,009\n비유동자산\n211,788,979\n227,705,564\n129,843,256\n130,382,299\n25,547,230\n26,483,677\n자산총계\n302,640,572\n313,144,693\n224,045,840\n225,474,408\n104,377,624\n97,399,686\n유동부채\n44,934,161\n67,592,594\n19,663,208\n23,877,800\n33,758,205\n29,944,065\n비유동부채\n24,036,851\n24,650,842\n17,165,647\n16,352,730\n7,495,135\n7,986,350\n부채총계\n68,971,012\n92,243,436\n36,828,855\n40,230,530\n41,253,340\n37,930,415\n자본\n233,669,561\n220,901,257\n187,216,985\n185,243,878\n63,124,284\n59,469,271\n부채 및 자본총계\n302,640,573\n313,144,693\n224,045,840\n225,474,408\n104,377,624\n97,399,686\n(주) 상기 요약 재무상태는 지배기업과의 회계정책 차이조정 등을 반영한 후의 금액이며, 다만 내부거래는 제거하기 전의 금액입니다.\n(4)\xa0당반기와 전반기 중 관계기업의 요약 경영성과는 다음과 같습니다(단위: 천원).\n구 \xa0 분\n(주)세원물산\n(주)세원테크\n(주)세원이엔아이\n당반기\n전반기\n당반기\n전반기\n당반기\n전반기\n매출액\n104,390,939\n90,911,804\n48,038,192\n61,617,528\n68,724,320\n75,762,680\n영업이익\n5,577,103\n7,902,050\n(1,953,766)\n5,309,475\n114,529\n8,535,679\n반기순이익\n12,735,193\n7,873,373\n(186,143)\n9,630,114\n3,123,517\n7,893,729\n기타포괄이익(손실)\n33,110\n(1,462,274)\n2,179,221\n(7,138,471)\n531,495\n(579,988)\n반기총포괄이익\n12,768,303\n6,411,099\n1,993,078\n2,491,643\n3,655,012\n7,313,741\n(주) 상기 요약 재무상태는 지배기업과의 회계정책 차이조정 등을 반영한 후의 금액이며, 다만 내부거래는 제거하기 전의 금액입니다.\n13. 유형자산(1) 보고기간종료일 현재 유형자산 장부금액의 구성내역은 다음과 같습니다(단위:천원).\n구 \xa0 분\n당반기말\n전기말\n취득원가\n감가상각누계액\n정부보조금\n장부금액\n취득원가\n감가상각누계액\n정부보조금\n장부금액\n토지\n5,936,080\n-\n-\n5,936,080\n5,936,080\n-\n-\n5,936,080\n건물\n8,889,918\n(3,536,858)\n-\n5,353,060\n8,889,918\n(3,424,538)\n-\n5,465,380\n구축물\n981,016\n(555,215)\n-\n425,801\n981,016\n(532,144)\n-\n448,872\n기계장치\n39,239,129\n(27,916,302)\n(346,875)\n10,975,952\n40,382,869\n(28,046,204)\n(370,294)\n11,966,371\n금형\n7,098,945\n(5,858,749)\n-\n1,240,196\n7,549,481\n(6,163,831)\n-\n1,385,650\n차량운반구\n318,570\n(292,759)\n-\n25,811\n318,570\n(278,710)\n-\n39,860\n공구와기구\n2,558,388\n(2,188,235)\n-\n370,153\n2,437,218\n(2,120,763)\n-\n316,455\n비품\n1,436,812\n(1,287,004)\n-\n149,808\n1,434,112\n(1,245,106)\n-\n189,006\n건설중인자산\n2,158,898\n-\n-\n2,158,898\n1,975,155\n-\n-\n1,975,155\n합 \xa0 계\n68,617,756\n(41,635,122)\n(346,875)\n26,635,759\n69,904,419\n(41,811,296)\n(370,294)\n27,722,829\n(2) 당반기와 전반기 중 유형자산 장부금액의 변동 내역은 다음과 같습니다(단위: 천원).① 당반기\n구 \xa0 분\n기초금액\n취득\n대체(주1)\n처분\n감가상각비\n기말 금액\n토지\n5,936,080\n-\n-\n-\n-\n5,936,080\n건물\n5,465,380\n-\n-\n-\n(112,320)\n5,353,060\n구축물\n448,872\n-\n-\n-\n(23,071)\n425,801\n기계장치\n11,966,371\n321,720\n37,350\n(53)\n(1,349,436)\n10,975,952\n금형\n1,385,650\n47,831\n5,708\n(85)\n(198,908)\n1,240,196\n차량운반구\n39,860\n-\n-\n-\n(14,049)\n25,811\n공구와기구\n316,455\n121,170\n-\n-\n(67,472)\n370,153\n비품\n189,006\n2,700\n-\n-\n(41,898)\n149,808\n건설중인자산\n1,975,155\n1,312,092\n(1,128,349)\n-\n-\n2,158,898\n합 \xa0 계\n27,722,829\n1,805,513\n(1,085,291)\n(138)\n(1,807,154)\n26,635,759\n(주1) 당반기 중 건설중인자산에서 매출원가로 1,085백만원 대체되었습니다.\n② 전반기\n구 \xa0 분\n기초금액\n취득\n대체(주1)\n처분\n감가상각비\n기말 금액\n토지\n5,936,080\n-\n-\n-\n-\n5,936,080\n건물\n5,690,021\n-\n-\n-\n(112,320)\n5,577,701\n구축물\n495,979\n-\n-\n-\n(23,565)\n472,414\n기계장치\n9,334,845\n-\n3,721,927\n(20)\n(1,098,535)\n11,958,217\n금형\n476,004\n-\n986,687\n(60)\n(179,623)\n1,283,008\n차량운반구\n60,773\n30,685\n-\n(1)\n(22,209)\n69,248\n공구와기구\n261,215\n-\n155,080\n-\n(72,836)\n343,459\n비품\n288,745\n-\n-\n-\n(63,398)\n225,347\n건설중인자산\n5,508,270\n4,266,337\n(7,690,124)\n-\n-\n2,084,483\n합 \xa0 계\n28,051,932\n4,297,022\n(2,826,430)\n(81)\n(1,572,486)\n27,949,957\n(주1) 전반기 중 건설중인자산에서 매출원가로 2,826백만원 대체되었습니다.(3) 담보제공유형자산당반기말 현재 당사의 유형자산 중 담보제공된 사항은 없습니다.14. 무형자산(1) 보고기간종료일 현재 무형자산 장부금액의 구성내역은 다음과 같습니다(단위:천원).\n구 \xa0 분\n당반기말\n전기말\n산업재산권\n기타의무형자산\n회원권\n합 \xa0 계\n산업재산권\n기타의무형자산\n회원권\n합 \xa0 계\n취득원가\n51,425\n1,752,829\n915,441\n2,719,695\n50,450\n1,752,829\n915,441\n2,718,720\n상각누계액\n(38,432)\n(1,656,098)\n-\n(1,694,530)\n(37,109)\n(1,635,495)\n-\n(1,672,604)\n정부보조금\n-\n(4,181)\n-\n(4,181)\n-\n(6,968)\n-\n(6,968)\n장부금액\n12,993\n92,550\n915,441\n1,020,984\n13,341\n110,366\n915,441\n1,039,148\n(2) 당반기와 전반기 중 무형자산 장부금액의 변동내역은 다음과 같습니다(단위: 천원).\n구 \xa0 분\n당반기\n전반기\n산업재산권\n기타의무형자산\n회원권\n합 \xa0 계\n산업재산권\n기타의무형자산\n회원권\n합 \xa0 계\n기초 금액\n13,341\n110,366\n915,441\n1,039,148\n12,957\n187,268\n915,441\n1,115,666\n취득\n975\n-\n-\n975\n-\n20,000\n-\n20,000\n상각비\n(1,323)\n(20,603)\n-\n(21,926)\n(1,356)\n(68,938)\n-\n(70,294)\n정부보조금\n-\n2,787\n-\n2,787\n-\n2,788\n-\n2,788\n반기말 금액\n12,993\n92,550\n915,441\n1,020,984\n11,601\n141,118\n915,441\n1,068,160\n15. 매입채무 및 기타채무보고기간종료일 현재 매입채무 및 기타채무의 내역은 다음과 같습니다(단위: 천원).\n구 \xa0 분\n당반기말\n전기말\n매입채무\n2,093,491\n1,921,686\n미지급금\n3,771,665\n4,296,285\n합 \xa0 계\n5,865,156\n6,217,971\n16. 기타금융부채보고기간종료일 현재 기타금융부채의 내역은 다음과 같습니다(단위: 천원).\n구 \xa0 분\n당반기말\n전기말\n유동\n비유동\n유동\n비유동\n미지급비용\n732,168\n-\n451,448\n-\n미지급배당금\n3\n-\n1\n-\n수입보증금\n88,814\n-\n88,814\n-\n임대보증금\n-\n281,880\n-\n281,880\n금융보증부채\n447,249\n-\n916,198\n-\n합 \xa0 계\n1,268,234\n281,880\n1,456,461\n281,880\n17. 기타부채(1) 보고기간종료일 현재 기타부채의 내역은 다음과 같습니다(단위: 천원).\n구 \xa0 분\n당반기말\n전기말\n예수금\n2,015,641\n1,498,937\n선수금\n5,934,537\n3,817,317\n합 \xa0 계\n7,950,178\n5,316,254\n(2) 보고기간종료일 현재 고객과의 계약에서 생기는 수익과 관련하여 인식하고 있는 계약부채의 내역은 다음과 같습니다(단위: 천원).\xa0\n구 \xa0 분\n당반기말\n전기말\n계약부채\n선수금\n5,934,537\n3,817,317\n합 \xa0 계\n5,934,537\n3,817,317\n(3) 당반기 및 전반기 중 계약부채의 변동내역은 다음과 같습니다(단위: 천원).\xa0\n구 \xa0 분\n당반기\n전반기\n기초 금액\n3,817,317\n4,264,775\n당기 발생액\n7,560,553\n9,699,494\n수익인식금액\n(5,443,333)\n(4,205,018)\n반기말 금액\n5,934,537\n9,759,251\n18. 사용권자산 및 리스부채\xa0(1) 보고기간종료일 현재 리스와 관련해 재무상태표에 인식된 사용권자산과 리스부채의 장부금액의 구성내역은 다음과 같습니다(단위:천원).① 사용권자산\n구분\n당반기말\n전기말\n취득금액\n감가상각누계액\n장부금액\n취득금액\n감가상각누계액\n장부금액\n사용권자산\n190,568\n(136,111)\n54,457\n190,568\n(95,911)\n94,657\n② 당반기말과 전기말 현재 리스부채의 장부금액은 ""0""입니다.\n(2) 당반기와 전반기 중\xa0리스와 관련해 재무상태표에 인식된 사용권자산 및 리스부채의\xa0장부금액의 변동 내역은 다음과 같습니다(단위:천원).\n\u3000구 \xa0분\n당반기\n전반기\n사용권자산\n리스부채\n사용권자산\n리스부채\n부동산\n합계\n유동\n비유동\n합계\n부동산\n합계\n유동\n비유동\n합계\n기초금액\n94,657\n94,657\n-\n-\n-\n151,915\n151,915\n-\n-\n-\n대체\n-\n-\n-\n-\n-\n-\n-\n-\n-\n-\n감가상각\n(40,200)\n(40,200)\n-\n-\n-\n(30,943)\n(30,943)\n-\n-\n-\n이자비용\n-\n-\n-\n-\n-\n-\n-\n-\n-\n-\n지급\n-\n-\n-\n-\n-\n-\n-\n-\n-\n-\n반기말 금액\n54,457\n54,457\n-\n-\n-\n120,972\n120,972\n-\n-\n-\n(3) 당반기와 전반기 중 리스와 관련해 손익계산서에 인식된 금액은 다음과 같습니다(단위:천원).\n구 \xa0분\n당반기\n전반기\n사용권자산의 감가상각비\n40,200\n30,943\n리스부채의 이자비용\n-\n-\n손익계산서에 인식된 총 금액\n40,200\n30,943\n19.\xa0퇴직급여제도(1) 보고기간종료일 현재 확정급여형 퇴직급여제도와 관련하여 재무상태표에 인식된 금액은 다음과 같습니다(단위:천원).\n구 \xa0 분\n당반기말\n전기말\n확정급여채무의 현재가치\n13,574,692\n13,502,591\n사외적립자산의 공정가치\n(1,464,464)\n(1,487,133)\n국민연금전환금\n(8,691)\n(8,691)\n순확정급여부채\n12,101,537\n12,006,767\n(2) 당반기와 전반기 중 순확정급여부채의 변동 내용은 다음과 같습니다(단위:천원).\n구 \xa0 분\n당반기\n전반기\n확정급여채무\n사외적립자산\n합 \xa0 계\n확정급여채무\n사외적립자산\n합 \xa0 계\n기초 금액\n13,502,591\n(1,495,824)\n12,006,767\n12,922,074\n(1,540,863)\n11,381,211\n당기근무원가\n603,461\n-\n603,461\n622,084\n-\n622,084\n이자비용(이자수익)\n148,477\n(16,539)\n131,938\n112,038\n(13,407)\n98,631\n재측정요소\n-\n4,538\n4,538\n-\n(932)\n(932)\n기여금\n-\n-\n-\n-\n-\n-\n제도에서 지급한 금액\n(679,837)\n34,670\n(645,167)\n(466,710)\n-\n(466,710)\n기말 금액\n13,574,692\n(1,473,155)\n12,101,537\n13,189,486\n(1,555,202)\n11,634,284\n(3) 보고기간종료일 현재 사외적립자산은 전액 정기예금에 투자되어 있습니다.\n(4) 보고기간종료일 현재 보험수리적평가를 위하여 사용된 주요 추정은 다음과 같습니다.\n구 \xa0 분\n당반기말\n전기말\n할인률\n2.32%\n2.32%\n기대임금상승률\n4.44%\n4.44%\n20. 자본금 및 기타불입자본(1) 보고기간종료일 현재 당사의 자본금과 관련된 사항은 다음과 같습니다.\n구 \xa0 \xa0 \xa0 \xa0분\n당기말\n전기말\n수권주식수\n26,000,000 주\n26,000,000 주\n주 당 금 액\n500 원\n500 원\n발행주식수\n10,000,000 주\n10,000,000 주\n보통주\n10,000,000 주\n10,000,000 주\n자 \xa0 본 \xa0 금\n5,000,000,000 원\n5,000,000,000 원\n(2) 당반기와 전반기 중 당사의 발행주식수 변동은 없습니다.(3) 보고기간종료일 현재 당사의 기타불입자본의 내역은 다음과 같습니다(단위: 천원).\n구 \xa0 \xa0 \xa0 \xa0분\n당반기말\n전기말\n주식발행초과금\n2,100,000\n2,100,000\n(4) 당반기와 전반기 중 주식발행초과금의 변동은 없습니다.21. 이익잉여금(1) 보고기간종료일 현재 당사의 이익잉여금의 구성내역은 다음과 같습니다(단위: 천원).\n구 \xa0 \xa0 \xa0 \xa0분\n당반기말\n전기말\n이익준비금(주1)\n1,718,100\n1,693,100\n임의적립금\n3,927,000\n3,927,000\n미처분이익잉여금\n247,002,242\n244,920,505\n합 \xa0 \xa0 \xa0 \xa0계\n252,647,342\n250,540,605\n(주1) 이익준비금은 상법상 자본금의 50%에 달할 때까지 매 결산기에 금전에 의한 이익배당액의 10% 이상을 이익준비금으로 적립하도록 규정되어 있습니다. 동 이익준비금은 현금으로 배당할 수 없으며, 주주총회의 결의에 의하여 이월결손금의 보전과 자본전입에만 사용할 수 있습니다.(2) 당반기 및 전반기 중 이익잉여금의 변동은 다음과 같습니다(단위: 천원).\n구 \xa0 \xa0 \xa0 \xa0 분\n당반기\n전반기\n기초금액\n250,540,605\n239,182,112\n반기순이익\n2,360,276\n5,799,057\n확정급여제도의 재측정요소\n(3,539)\n727\n배당금의 지급\n(250,000)\n(250,000)\n반기말금액\n252,647,342\n244,731,896\n22. 매출액 및 매출원가(1) 당반기와 전반기의 매출의 세부내역은 다음과 같습니다(단위: 천원).\n구 \xa0 분\n당반기\n전반기\n3개월\n누적\n3개월\n누적\n제품매출\n11,679,454\n22,409,984\n11,734,119\n20,956,232\n기타매출\n1,491,787\n2,085,597\n4,361,995\n5,982,849\n합 \xa0 계\n13,171,241\n24,495,581\n16,096,114\n26,939,081\n(2) 당반기와 전반기의 매출원가의 세부내역은 다음과 같습니다(단위: 천원).\n구 \xa0 분\n당반기\n전반기\n3개월\n누적\n3개월\n누적\n제품매출원가\n10,299,830\n20,170,170\n9,879,035\n18,273,338\n기타매출원가\n985,220\n1,207,343\n2,241,535\n3,131,521\n합 \xa0 계\n11,285,050\n21,377,513\n12,120,570\n21,404,859\n23. 판매비와 관리비당반기와 전반기의 판매비와 관리비의 내역은 다음과 같습니다(단위: 천원).\n구 \xa0 분\n당반기\n전반기\n3개월\n누적\n3개월\n누적\n판매비\n\xa0 운반비\n538,100\n978,469\n562,394\n1,042,503\n\xa0 기타\n646\n1,796\n1,120\n2,619\n판매비 계\n538,746\n980,265\n563,514\n1,045,122\n관리비\n\xa0 급여\n342,459\n926,655\n257,526\n785,720\n\xa0 퇴직급여\n62,803\n125,606\n65,951\n131,902\n\xa0 감가상각비\n54,886\n121,687\n77,089\n153,224\n\xa0 사용권자산감가상각비\n7,727\n15,454\n7,727\n15,454\n\xa0 무형자산상각비\n5,823\n11,639\n19,352\n45,006\n\xa0 지급수수료\n173,887\n236,030\n347,486\n451,422\n\xa0 기타\n169,550\n374,320\n177,169\n353,043\n관리비 계\n817,135\n1,811,391\n952,300\n1,935,771\n합 \xa0 계\n1,355,881\n2,791,656\n1,515,814\n2,980,893\n24. 기타수익 및 기타비용(1) 당반기와 전반기의 기타수익의 내역은 다음과 같습니다(단위: 천원).\n구 \xa0 분\n당반기\n전반기\n3개월\n누적\n3개월\n누적\n수입임대료\n-\n8,880\n-\n8,880\n수입수수료\n446,341\n446,341\n439,840\n439,840\n유형자산처분이익\n-\n-\n23,678\n30,436\n정부보조금\n254,530\n270,313\n5,883\n347,106\n외환차익\n-\n245,621\n(354)\n-\n외화환산이익\n24,899\n66,689\n-\n-\n잡이익\n45,492\n160,858\n(2,215,417)\n181,605\n합 \xa0 계\n771,262\n1,198,702\n(1,746,370)\n1,007,867\n(2) 당반기와 전반기의 기타비용의 내역은 다음과 같습니다(단위: 천원).\n구 \xa0 분\n당반기\n전반기\n3개월\n누적\n3개월\n누적\n외환차손\n-\n-\n146\n13,352\n유형자산처분손실\n35\n35\n-\n-\n외화환산손실\n30\n30\n266,854\n316,024\n기부금\n-\n-\n10,000\n10,000\n잡손실\n2,661\n9,614\n(3,947)\n6,345\n합 \xa0 계\n2,726\n9,679\n273,053\n345,721\n25. 금융수익 및 원가당반기와 전반기의 순금융원가(수익)의 내역은 다음과 같습니다(단위: 천원).\n구 \xa0 분\n당반기\n전반기\n3개월\n누적\n3개월\n누적\n금융수익\n\u3000\n\u3000\n\xa0 이자수익\n539,655\n1,006,442\n497,217\n1,040,714\n\xa0 외환차익\n97,167\n236,128\n82,313\n82,313\n\xa0 외화환산이익\n(61,585)\n-\n(1,165)\n-\n\xa0 금융보증부채환입\n128,316\n468,948\n393,419\n775,233\n금융수익 소계\n703,553\n1,711,518\n971,784\n1,898,260\n금융원가\n\xa0 이자비용\n-\n-\n-\n103\n\xa0 외화환산손실\n2\n2\n209,864\n240,324\n\xa0 금융보증손실\n128,317\n468,949\n393,419\n775,233\n\xa0 \xa0 \xa0 \xa0 금융원가 소계\n128,319\n468,951\n603,283\n1,015,660\n순금융원가(수익)\n(575,234)\n(1,242,567)\n(368,501)\n(882,600)\n26. 법인세(1) 당반기와 전반기의 법인세비용의 구성내역은 다음과 같습니다(단위: 천원).\n구 \xa0 분\n당반기\n전반기\n3개월\n누적\n3개월\n누적\n법인세부담액\n320,448\n539,978\n(2,085,301)\n(1,451,249)\n일시적차이로 인한 이연법인세 변동액\n(68,650)\n(143,249)\n(181,400)\n(249,526)\n자본에 직접 반영된 법인세비용\n498\n998\n133\n(205)\n법인세비용(수익)\n252,296\n397,727\n(2,266,568)\n(1,700,980)\n(2) 당반기와 전반기 중 당사의 법인세비용차감전순손익과 법인세비용간의 관계는 다음과 같습니다(단위: 천원).\n구 \xa0 분\n당반기\n전반기\n3개월\n누적\n3개월\n누적\n법인세비용차감전순이익\n1,874,080\n2,758,003\n808,808\n4,098,076\n적용세율에 따른 세부담액\n395,798\n584,761\n172,438\n890,577\n조정사항\n\u3000\n\u3000\n\u3000\n\u3000\n\xa0 비과세비용(수익)\n501\n-\n(74,793)\n(10,627)\n\xa0 세액공제 및 감면\n(160,821)\n(267,687)\n(253,076)\n(487,016)\n\xa0 기타\n16,819\n80,653\n(2,111,137)\n(2,093,914)\n법인세비용(수익)\n252,297\n397,727\n(2,266,568)\n(1,700,980)\n(3) 당반기와 전반기 중 인식한 자본에 직접 가감되는 항목과 관련된 법인세의 내역은 다음과 같습니다(단위: 천원).\xa0\n구 \xa0 분\n당반기\n전반기\n3개월\n누적\n3개월\n누적\n확정급여제도의 재측정요소\n498\n998\n133\n(205)\n27. 비용의 성격별 분류당반기와 전반기의 비용의 성격별 분류 내역은 다음과 같습니다(단위: 천원).\n구 \xa0 분\n당반기\n전반기\n3개월\n누적\n3개월\n누적\n재고자산의 변동\n(564,251)\n(1,933,137)\n(2,151,682)\n(2,934,704)\n재료비\n6,261,422\n11,984,732\n7,534,800\n11,989,680\n종업원급여\n3,211,418\n6,744,159\n3,256,684\n6,796,419\n유형자산상각비\n901,498\n1,807,154\n820,538\n1,572,487\n사용권자산상각비\n20,100\n40,201\n15,472\n30,944\n무형자산상각비\n9,574\n19,139\n30,602\n67,506\n운반비\n558,360\n1,013,913\n586,208\n1,081,522\n세금과공과\n20,080\n92,077\n20,074\n90,880\n지급수수료\n317,236\n397,637\n443,619\n623,831\n기타\n1,905,494\n4,003,294\n3,080,070\n5,067,188\n합 \xa0 계\n12,640,931\n24,169,169\n13,636,385\n24,385,753\n28. 주당이익(1) 기본주당순이익당반기와 전반기의 기본주당순이익의 내역은 다음과 \xa0같습니다.\n구 \xa0 분\n당반기\n전반기\n3개월\n누적\n3개월\n누적\n반기순이익\n1,621,783,690 원\n2,360,275,789 원\n3,075,375,687 원\n5,799,056,521 원\n가중평균유통보통주식수\n10,000,000 주\n10,000,000 주\n10,000,000 주\n10,000,000 주\n주당순이익\n162 원\n236 원\n308 원\n580 원\n(2) 희석주당순손익당사는 희석화증권이 없어 당반기와 전반기의 희석주당순손익은 기본주당순손익과 동일합니다.\n29. 금융상품의 구분 및 공정가치(1) 보고기간종료일 현재 당사의 범주별 금융자산 내역은 다음과 같습니다(단위:천원).\xa0\n구 \xa0 분\n당반기말\n전기말\n상각후원가 측정금융자산\n기타포괄손익-공정가치측정금융자산\n합 \xa0 계\n상각후원가 측정금융자산\n기타포괄손익-공정가치측정금융자산\n합 \xa0 계\n현금및현금성자산\n5,065,816\n-\n5,065,816\n7,137,133\n-\n7,137,133\n매출채권및기타채권\n7,865,606\n-\n7,865,606\n13,841,710\n-\n13,841,710\n기타포괄손익-공정가치측정금융자산\n-\n37,500\n37,500\n-\n37,500\n37,500\n기타금융자산\n158,272,242\n-\n158,272,242\n147,071,103\n-\n147,071,103\n합 \xa0 계\n171,203,664\n37,500\n171,241,164\n168,049,946\n37,500\n168,087,446\n(2) 보고기간종료일 현재 당사의 범주별 금융부채 내역은 다음과 같습니다(단위:천원).\xa0\n구 \xa0 분\n상각후원가 측정금융부채\n당반기말\n전기말\n매입채무및기타채무\n5,865,156\n6,217,972\n기타금융부채\n1,550,114\n1,738,341\n합 \xa0 계\n7,415,270\n7,956,313\n(3) 당반기와 전반기에 발생한 금융상품 범주별 순손익은 다음과 같습니다(단위:천원).\xa0\n구 \xa0 분\n당반기\n전반기\n상각후원가 측정금융자산\n\u3000\n\u3000\n\xa0 이자수익\n1,006,442\n1,040,714\n\xa0 외환차손익\n481,749\n68,961\n\xa0 외화환산손익\n66,656\n(556,347)\n상각후원가 측정금융부채\n\u3000\n\u3000\n\xa0 이자비용\n-\n(103)\n합 \xa0 계\n1,554,847\n553,225\n(4) 공정가치의 추정\n1) 당사는 공정가치로 측정되는 금융상품을 공정가치 측정에 사용된 투입변수에 따라 다음과 같은 공정가치 서열체계로 분류하였으며, 당반기말과 전기말 현재 공정가치 서열체계에 해당하는 금융상품은 존재하지 않습니다.\nㆍ수준1 :\n동일한 자산이나 부채에 대한 활성시장에서 공시된 가격(조정되지 않은)을 사용하여 도출되는 공정가치입니다.\nㆍ수준2 :\n수준 1 에 해당되는 공시된 가격을 제외한, 자산이나 부채에 대하여 직접적으로 (가격) 또는 간접적으로(가격으로부터 도출) 관측가능한 투입변수를 사용하여 도출되는 공정가치입니다.\nㆍ수준3 :\n자산이나 부채에 대하여 관측가능한 시장정보에 근거하지 않은 투입변수(관측불가능한 변수)를 사용하는 평가기법으로부터 도출되는 공정가치입니다.\n2) 당사의 경영진은 재무제표에 상각후원가로 인식되는 금융자산 및 금융부채의 장부금액은 공정가치와 유사하다고 판단하고 있습니다.\n3) 공정가치로 후속측정하는 것이 원칙인 금융자산이나 금융부채 중 공정가치를 신뢰성있게 측정할 수 없어 공정가치 정보를 공시하지 않은 금융자산과 금융부채의 내역 및 관련 장부금액은 다음과 같습니다(단위:천원).\n범 \xa0주\n내역\n당반기말\n전기말\n기타포괄손익-공정가치측정금융자산\n출자금\n37,500\n37,500\n30. 우발부채 및 약정사항(1) 약정사항보고기간종료일 현재 당사는 기업은행과 무역금융약정(한도 : 2,000,000천원)을 체결하고 있으며, 해당 약정사항과 관련하여 당사의 금융상품(주석 7참조)이 담보제공 되어있습니다.(2) 지급보증보고기간종료일 현재 당사는 지급보증을 제공받고 있는 사항은 없습니다.보고기간종료일 현재 당사가 특수관계자에게 제공하는 지급보증은 주석 31(5)를 참조하시기 바랍니다.(3) 기타 우발상황당사는 2018년 12월 4일자에 공소 제기된 당사 임원의 업무상 배임 혐의 사실(혐의금액 423,596백만원)을 2019년 7월 24일에 지연 공시한 바, 이에 따라 한국거래소는 동일자에 주권의 매매거래를 정지하였고, 2019년 10월 8일에 실시한 상장적격성 실질심사의 결과로 1년간의 개선기간을 부여 받았습니다. 이후 2020년 10월 30일 한국거래소는 당사의 상장적격성 유지 여부 심의를 위해기업심사위원회를 개최하였으며, 당사에 대하여 심의를 속개하기로 결정하였고 그후 2021년 4월 30일 한국거래소는 당상의 상장적격성 유지 여부 심의를 위해 2차 기업심사위원회를 개최하였으나, 당사에 대하여 심의를 속개하기로 재결정 하였습니다. 당사 현직 임직원 업무상 배임혐의의 1심판결(선고일 : 2021년 9월 30)이 2021년 10월5일자로 ""특정경제범죄 가중처벌등에 관한 법율위반(배임) : 무죄, 업무상배임 : 유죄, 사실확인금액 : 알수없음""으로 확인되었으며, 2021년 10월 07일 1심판결에 대해 쌍방상소하여 상소법원으로 송부되었습니다. 보고기간종료일 현재 동 선고결과 및 항소심 선고결과가 당사의 재무제표에 미치는 영향은 알 수 없습니다.\n31. 특수관계자 거래\n(1) 보고기간종료일 현재 특수관계자 현황은 다음과 같습니다.\n구 \xa0 분\n특수관계자 명\n당사에 유의적인 영향력을 행사하는 기업\n(주)에스엔아이\n종속기업\n삼하세원기차과기유한공사, (주)제이엠오토\n관계기업\n(주)세원물산, (주)세원테크, (주)세원이엔아이\n기타 특수관계자\n(주)에스엠티, (주)한성, (주)세진, Sewon America, Inc., 황화세원기차과기유한공사, 중경성원기차과기유한공사\n(2) 당반기와 전반기 중 특수관계자와의 거래 내역은 다음과 같습니다(단위: 천원).1) 매출 등\n특수관계자 명\n매출\n수입수수료\n기타\n당반기(주1)\n전반기\n당반기\n전반기\n당반기\n전반기\n종속기업\n삼하세원기차과기유한공사\n-\n-\n-\n-\n-\n-\n(주)제이엠오토\n-\n-\n-\n-\n-\n-\n관계기업\n(주)세원물산\n6,916,699\n1,340,453\n-\n-\n33,237\n204,775\n(주)세원테크\n2,655,155\n538,940\n-\n-\n296,865\n209,199\n(주)세원이엔아이\n-\n-\n-\n-\n115,465\n98,705\n당사에 유의적인 영향력을 행사하는 기업\n(주)에스엔아이\n747\n11,980\n-\n-\n-\n-\n기타 특수관계자\n(주)에스엠티\n36,282\n-\n-\n-\n-\n-\n(주)한성\n809,527\n-\n-\n-\n37,933\n36,660\n(주)세진\n244,446\n169,765\n-\n-\n62,656\n-\nSewon America, Inc.\n685,000\n-\n446,341\n439,840\n-\n-\n(주1) 당반기의 매출액은 원재료 유상사급액 등을 차감하기 전의 금액입니다.2) 매입 등\n특수관계자 명\n자재 매입\n유형자산 취득\n기타\n당반기(주1)\n전반기\n당반기\n전반기\n당반기\n전반기\n관계기업\n(주)세원물산\n7,198,188\n1,130,622\n-\n-\n-\n27,227\n(주)세원테크\n141,062\n184,566\n-\n-\n-\n(주)세원이엔아이\n-\n-\n-\n-\n25,426\n20,502\n당사에 유의적인 영향력을 행사하는 기업\n(주)에스엔아이\n-\n-\n-\n-\n93,449\n83,753\n기타 특수관계자\n(주)에스엠티\n-\n-\n-\n-\n111,734\n83,701\n(주)한성\n1,619,202\n862,876\n-\n-\n-\n-\n(주1) 당반기의 매입액은 원재료 유상사금액 등을 차감하기 전의 금액입니다.\n(3) 보고기간종료일 현재 특수관계자에 대한 채권ㆍ채무잔액은 다음과 같습니다(단위: 천원).\n특수관계자 명\n매출채권및기타채권\n매입채무및기타채무\n기타부채\n당반기말\n전기말\n당반기말\n전기말\n당반기말\n전기말\n종속기업\n삼하세원기차과기유한공사\n44,397\n1,990,403\n-\n-\n-\n-\n(주)제이엠오토\n-\n-\n-\n-\n-\n-\n관계기업\n(주)세원물산\n124,250\n291,370\n277,571\n282,465\n-\n-\n(주)세원테크\n2,046,995\n2,089,073\n22,411\n31,929\n4,022,296\n-\n(주)세원이엔아이\n115,465\n115,831\n5,604\n3,483\n-\n-\n당사에 유의적인 영향력을 행사하는 기업\n(주)에스엔아이\n-\n-\n67,545\n62,209\n-\n-\n기타특수관계자\n(주)에스엠티\n4,112\n7,729\n111,734\n98,258\n-\n-\n(주)한성\n37,933\n40,852\n586,284\n233,266\n-\n-\n(주)세진\n236,213\n254,635\n24,398\n24,398\n-\n-\nSewon America, Inc.,\xa0\n2,013,753\n5,199,834\n-\n-\n-\n-\n황화세원기차과기유한공사\n-\n-\n-\n-\n-\n-\n(4) 당반기 및 전반기 중 현재 특수관계자에 대한 자금 및 대여거래내역은 발생되지 않았습니다.\n(5) 보고기간종료일 현재 당사가 특수관계자를 위하여 제공하고 있는 지급보증의 내역은 다음과 같습니다(단위: 천원, 천USD).\n보증제공자\n피보증인\n보증제공처\n보증금액\n비고\n지급보증내역\n㈜세원정공\nSewon America, Inc.\nKEB하나은행\n14,226,000\nUSD 12,000\n차입금지급보증\n㈜세원정공\nSewon America, Inc.\nKEB하나은행\n14,937,300\nUSD 12,600\n차입금지급보증\n㈜세원정공\nSewon America, Inc.\n한국수출입은행\n47,420,000\nUSD 40,000\n차입금지급보증\n㈜세원정공\nSewon America, Inc.\n국민은행\n19,560,750\nUSD 16,500\n차입금지급보증\n합 계\n96,144,050\n상기 지급보증과 관련하여 금융보증부채(주석 16참조)를 계상하고 있습니다.\n(6) 당반기와 전반기 중 주요경영진에 대한 보상내역은 다음과 같습니다(단위: 천원).\n구 \xa0 분\n당반기\n전반기\n단기종업원급여\n619,710\n602,476\n퇴직급여\n74,183\n57,295\n합 \xa0계\n693,893\n659,771\n상기의 주요 경영진에는 당사의 활동의 계획, 운영, 통제에 대한 중요한 권한과 책임내을 가진 이사(비상임 포함) 및 감사가 포함되어 있습니다.\n32.\xa0현금흐름표(1) 당반기와 전반기 중 영업으로부터 창출된 현금흐름의 내용은 다음과 같습니다(단위: 천원).\n구 \xa0 분\n당반기\n전반기\n반기순이익\n\u3000\n2,360,276\n\u3000\n5,799,057\n현금의 유출이 없는 비용 등의 가산\n\u3000\n3,468,637\n\u3000\n2,022,354\n\xa0 퇴직급여\n735,400\n\u3000\n720,715\n\u3000\n\xa0 감가상각비\n1,807,154\n\u3000\n1,572,487\n\u3000\n\xa0 사용권자산상각비\n40,201\n\u3000\n30,943\n\u3000\n\xa0 무형자산상각비\n19,139\n\u3000\n67,506\n\u3000\n\xa0 유형자산처분손실\n35\n\u3000\n-\n\u3000\n\xa0 이자비용\n-\n\u3000\n103\n\u3000\n\xa0 외화환산손실\n33\n\u3000\n556,348\n\u3000\n\xa0 금융보증손실\n468,948\n\u3000\n775,233\n\u3000\n\xa0 법인세비용\n397,727\n\u3000\n(1,700,981)\n\u3000\n현금의 유입이 없는 수익 등의 차감\xa0\n\u3000\n(1,542,079)\n\u3000\n(1,846,383)\n\xa0 외화환산이익\n66,689\n\u3000\n-\n\u3000\n\xa0 금융보증부채환입\n468,948\n\u3000\n775,233\n\u3000\n\xa0 유형자산처분이익\n-\n\u3000\n30,436\n\u3000\n\xa0 이자수익\n1,006,442\n\u3000\n1,040,714\n\u3000\n영업활동으로 인한 자산ㆍ부채의 변동\n\u3000\n7,542,158\n\u3000\n375,465\n\xa0 매출채권및기타채권의 감소(증가)\n6,042,762\n\u3000\n(5,883,777)\n\u3000\n\xa0 기타유동자산의 감소(증가)\n(61,710)\n\u3000\n147,277\n\u3000\n\xa0 재고자산의 (증가)\n(997,798)\n\u3000\n(342,060)\n\u3000\n\xa0 매입채무및기타채무의 증가\n274,461\n\u3000\n625,912\n\u3000\n\xa0 기타금융부채의 증가\n280,720\n\u3000\n139,130\n\u3000\n\xa0 기타부채의 증가\n2,633,923\n\u3000\n5,906,468\n\u3000\n\xa0 퇴직금의 지급\n(664,870)\n\u3000\n(217,485)\n\u3000\n\xa0 사외적립자산의 감소\n34,670\n\u3000\n-\n\u3000\n합 \xa0 계\n\u3000\n11,828,992\n\u3000\n6,350,493\n(2) 당반기와 전반기 중 현금의 유입과 유출이 없는 중요한 거래의 내용은 다음과 같습니다(단위: 천원).\xa0\n거래 내용\n당반기\n전반기\n건설중인자산의 유형자산 대체\n43,058\n4,863,694\n건설중인자산의 재고자산 대체\n1,085,291\n2,826,430\n유형자산취득시 미지급금 증감\n(642,244)\n(1,379,153)\n퇴직금 관련 미지급금 증감\n14,967\n249,226\n(3) 당반기 및 전반기 중 재무활동에서 생기는 부채의 변동내역은 다음과 같습니다(단위: 천원).\n구 \xa0 분\n당반기\n전반기\n단기차입금\n미지급배당금\n단기차입금\n미지급배당금\n기초\n-\n1\n-\n-\n발생\n-\n250,000\n1,000,000\n250,000\n상환\n-\n(249,998)\n(1,000,000)\n(249,999)\n상각\n-\n-\n-\n-\n반기말\n-\n3\n-\n1\n33. 위험관리\n(1) 자본위험관리당사는 부채와 자본 잔액의 최적화를 통하여 주주이익을 극대화시키는 동시에 계속기업으로서 지속될 수 있도록 자본을 관리하고 있습니다. 당사의 전반적인 전략은 전기말과 변동이 없습니다.\n당사의 자본구조는 차입금에서 현금및현금성자산을 차감한 순부채와 자본으로 구성되어 있으며, 당사의 전반적인 자본위험관리정책은 전기와 동일합니다. \n(2) 금융위험관리당사의 재무부문은 영업을 관리하고 국내외 금융시장의 접근을 조직하며, 각 위험의 범위와 규모를 분석한 내부위험보고서를 통하여 당사의 영업과 관련한 금융위험을 감시하고 관리하는 역할을 하고 있습니다. 이러한 위험들은 시장위험(이자율위험 및 환율위험 포함), 신용위험, 유동성위험을 포함하고 있습니다.전기말 이후 당사의 금융위험관리목적과 위험관리정책의 변화는 없습니다.\n1) 이자율위험변동이자율로 발행된 차입금으로 인하여 당사는 이자율변동에 따른 현금흐름변동위험에 노출되어 있습니다. 당반기말 현재 이자율변동위험에 노출된 부채는 없습니다.\n2) 환율위험당사는 외화로 표시된 거래를 하고 있기 때문에 환율변동위험에 노출되어 있습니다. 보고기간종료일 현재 기능통화 이외의 외화로 표시된 화폐성자산 및 부채의 장부금액은 다음과 같습니다(단위:천원,USD). \xa0\n구 \xa0 분\n당반기말\n전기말\n외화금액\n원화금액\n외화금액\n원화금액\n자산\n\xa0 현금및현금성자산\nUSD 497\n589\nUSD 3,704,380\n4,185,950\n\xa0 매출채권및기타채권\nUSD 1,736,103\n2,058,150\nUSD 6,363,041\n7,190,237\n외화자산 계\nUSD 1,736,599\n2,058,739\nUSD 10,067,421\n11,376,187\n부채\n\xa0 매입채무및기타채무\n-\n-\n-\n-\n외화부채 계\n-\n-\n-\n-\n당사는 내부적으로 외화 환율 변동에 대한 환위험을 정기적으로 측정하고 있습니다.\n보고기간종료일 현재 각 외화에 대한 기능통화의 환율 10% 변동시 환율변동이 당기손익에 미치는 영향은 다음과 같습니다(단위:천원).\n통 \xa0 화\n10% 상승시\n10% 하락시\nUSD\n205,874\n(205,874)\n3) 신용위험신용위험은 계약상대방이 계약상의 의무를 불이행하여 당사에 재무적 손실을 미칠 위험을 의미합니다. 신용위험은 보유하고 있는 수취채권 및 확정계약을 포함한 거래처에 대한 신용위험 뿐 아니라 현금 및 현금성자산, 파생금융상품 및 은행 및 금융기관 예치금으로부터 발생하고 있습니다. 은행 및 금융기관의 경우, 신용등급이 우수한금융기관과 거래하고 있으므로 금융기관으로부터의 신용위험은 제한적입니다. 일반거래처의 경우 신용거래를 희망하는 모든 거래상대방에 대하여 신용검증절차의 수행을 원칙으로 하여 신용상태가 건전한 거래상대방과의 거래만 수행하고 있습니다. 또한, 대손위험에 대한 당사의 노출정도가 중요하지 않은 수준으로 유지될 수 있도록 지속적으로 신용도를 재평가하는 등 매출채권 및 기타채권 잔액에 대한 지속적인 관리업무를 수행하고 있으며, 매 보고기간말에 개별적으로 손상여부를 검토하고 있습니다.\n보고기간종료일 현재 당사의 지급보증과 관련된 신용위험의 최대노출정도는 다음과 같습니다(단위:천원).\n구 \xa0 분\n당반기말\n전기말\n금융보증계약(주1)\n96,144,050\n91,643,000\n(주1) 금융보증계약과 관련된 당사의 최대노출정도는 보증이 청구되면 당사가 지급하여야 할 최대금액입니다(주석31 참조).신용위험에 노출된 금융자산 중 상기 금융보증계약을 제외한 나머지 금융자산은 장부금액이 신용위험에 대한 최대 노출정도를 가장 잘 나타내는 경우에 해당하여 상기 공시에서 제외하고 있습니다.\n4) 유동성위험당사는 유동성위험을 관리하기 위하여 단기 및 중장기 자금관리계획을 수립하고 현금유출예산과 실제 현금유출액을 지속적으로 분석ㆍ검토하여 금융부채와 금융자산의 만기구조를 대응시키고 있습니다. 당사의 경영진은 영업활동에서 발생하는 현금흐름과 보유금융자산으로 금융부채의 상환이 가능하다고 판단하고 있습니다.\n보고기간종료일 현재 비파생금융부채의 잔존 계약 만기에 따른 만기 분석 내역은 다음과 같습니다(단위:천원).\n구 \xa0 분\n당반기말\n전기말\n1년 이내\n1년 초과 5년 이내\n합 \xa0 계\n1년 이내\n1년 초과 5년 이내\n합 \xa0 계\n매입채무및기타채무\n5,865,156\n-\n5,865,156\n6,217,972\n-\n6,217,972\n기타금융부채\n1,268,234\n281,880\n1,550,114\n1,456,461\n281,880\n1,738,341\n금융보증계약(주1.)\n96,144,050\n-\n96,144,050\n91,643,000\n-\n91,643,000\n합 \xa0 계\n103,277,440\n281,880\n103,559,320\n99,317,433\n281,880\n99,599,313\n(주1) 피보증인이 보증금액 전액을 청구한다면 당사가 계약상 지급하여야 할 최대금액입니다.\n']"
