text
"['\n5. 재무제표 주석\n제62기 2022년 1월 1일부터 2022년 12월 31일까지\n제61기 2020년 1월 1일부터 2021년 12월 31일까지\n케이알모터스 주식회사\n1. 회사의 개요케이알모터스 주식회사(이하 ""회사"")는 1968년 7월 26일에 설립되었으며 이륜차의 생산 및 판매 등을 주요 사업으로 영위하고 있습니다. 회사는 상호를 대전피혁공업(주)에서 효성기계공업(주), 2007년 3월 28일에 S&T모터스(주)로 변경하였으며, 2014년 중 현재의 상호로 변경하였습니다. 회사는 1976년 5월 25일 한국증권선물거래소가 개설한 유가증권시장에 상장된 후 수 차례의 증자 및 감자를 거쳐 당기말 현재 자본금은 48,069백만원입니다. 회사는 창원시 성산구 완암로 28에 위치하고 있으며,당기말 현재 주요주주는 엘브이엠씨홀딩스 주식회사(지분율 36.87%, 특수관계자포함 52.87%)이며, 대표이사는 노성석입니다. \n2. 중요한 회계정책 재무제표는 한국채택국제회계기준에 따라 작성되었으며 재무제표를 작성하기 위하여 채택한 중요한 회계정책은 별도의 언급이 없는 한 전기 재무제표 작성시 채택한 회계정책과 동일하게 적용되었습니다. \xa0 재무제표 작성을 위하여 채택한 중요한 회계정책은 다음과 같습니다.\xa0\n2-1 회계정책의 변경과 공시\n2-1-1) 회사가 채택한 제ㆍ개정 기준서\n회사가 2022년 1월 1일 이후 개시하는 회계기간부터 적용한 제ㆍ개정 기준서 및해석서는 다음과 같습니다.\n(가) 기업회계기준서 제 1116호 \'리스\' 개정 - 2021년 6월 30일 후에도 제공되는 코로나19 관련 임차료 할인 등 \xa0\xa0\n코로나19의 직접적인 결과로 발생한 임차료 할인 등이 리스변경에 해당하는지 평가하지 않을 수 있도록 하는 실무적 간편법의 적용대상이 2022년 6월 30일 이전에 지급하여야 할 리스료에 영향을 미치는 리스료 감면으로 확대되었습니다. 리스이용자는 비슷한 상황에서 특성이 비슷한 계약에 실무적 간편법을 일관되게 적용해야 합니다. 해당 기준서의 개정이 재무제표에 미치는 중요한 영향은 없습니다.\n(나) 기업회계기준서 제1103호 \'사업결합\' 개정 - 개념체계의 인용\n사업결합 시 인식할 자산과 부채의 정의를 개정된 재무보고를 위한 개념체계를 참조하도록 개정되었으나, 기업회계기준서 제1037호 ‘충당부채, 우발부채 및 우발자산’ 및 해석서 제2121호 ‘부담금’의 적용범위에 포함되는 부채 및 우발부채에 대해서는 해당 기준서를 적용하도록 예외를 추가하고, 우발자산이 취득일에 인식되지 않는다는 점을 명확히 하였습니다. 해당 기준서의 개정이 재무제표에 미치는 중요한 영향은 없습니다.\n(다) 기업회계기준서 제1016호 \'유형자산\' 개정 - 의도한 사용 전의 매각금액\n기업이 자산을 의도한 방식으로 사용하기 전에 생산된 품목의 판매에서 발생하는 수익을 생산원가와 함께 당기손익으로 인식하도록 요구하며, 유형자산의 취득원가에서차감하는 것을 금지하고 있습니다. 해당 기준서의 개정이 재무제표에 미치는 중요한 영향은 없습니다.\n(라) 기업회계기준서 제1037호 \'충당부채, 우발부채 및 우발자산\' 개정 - 손실부담계약: 계약이행원가\n손실부담계약을 식별할 때 계약이행원가의 범위를 계약 이행을 위한 증분원가와 계약 이행에 직접 관련되는 다른 원가의 배분이라는 점을 명확히 하였습니다. 해당 기준서의 개정이 재무제표에 미치는 중요한 영향은 없습니다.\n(마) 한국채택국제회계기준 연차개선 2018-2020\n한국채택국제회계기준 연차개선 2018-2020은 2022년 1월 1일 이후 시작하는 회계연도부터 적용되며, 조기적용이 허용됩니다. 해당 기준서의 개정이 재무제표에 미치는 중요한 영향은 없습니다.\n·기업회계기준서 제1101호 \'한국채택국제회계기준의 최초 채택’: 최초채택기업인 종속기업\n·기업회계기준서 제1109호 \'금융상품’: 금융부채 제거 목적의 10% 테스트 관련 수수료\n·기업회계기준서 제1041호 \'농림어업’: 공정가치 측정\n·기업회계기준서 제1116호 ‘리스’\n2-1-2) 공표되었으나 아직 시행되지 않은 제ㆍ개정 기준서 및 해석서 당기말 현재 제정ㆍ공표되었으나 시행일이 도래하지 않아 회사가 채택하지 않은 한국채택국제회계기준의 기준서 및 해석서는 다음과 같습니다.\n(가) 기업회계기준서 제1001호 \'재무제표 표시\' 개정 - 부채의 유동/비유동 분류\n\xa0\n보고기간말 현재 존재하는 실질적인 권리에 따라 유동 또는 비유동으로 분류되며, 부채의 결제를 연기할 수 있는 권리의 행사가능성이나 경영진의 기대는 고려하지 않습니다. 또한, 부채의 결제에 자기지분상품의 이전도 포함되나, 복합금융상품에서 자기지분상품으로 결제하는 옵션이 지분상품의 정의를 충족하여 부채와 분리하여 인식된경우는 제외됩니다. 동 개정사항은 2024년 1월 1일 이후 시작하는 회계연도부터 적용될 예정이며, 조기적용이 허용됩니다. 회사는 동 개정으로 인해 재무제표에 중요한 영향은 없을 것으로 예상하고 있습니다.\xa0\n\xa0\n(나) 기업회계기준서 제1001호 \'재무제표 표시\' - \'회계정책\'의 공시\n\xa0\n중요한 회계정책 정보를 정의하고 이를 공시하도록 하였습니다. 동 개정 사항은 2023년 1월 1일 이후 최초로 시작하는 회계연도부터 적용되며 조기적용이 허용됩니다. 회사는 동 개정으로 인해 재무제표에 중요한 영향은 없을 것으로 예상하고 있습니다.\n(다) 기업회계기준서 제1008호 \'회계정책, 회계추정의 변경 및 오류\' - \'회계추정\'의 정의\xa0\n\xa0\n회계추정을 정의하고, 회계정책의 변경과 구별하는 방법을 명확히 하였습니다. \xa0동 개정 사항은 2023년 1월 1일 이후 최초로 시작하는 회계연도부터 적용되며 조기적용이 허용됩니다. 회사는 동 개정으로 인해 재무제표에 중요한 영향은 없을 것으로 예상하고 있습니다.\n(라) 기업회계기준서 제1012호 \'법인세\' - 단일거래에서 생기는 자산과 부채에 대한 이연법인세 \n자산 또는 부채가 최초로 인식되는 거래의 최초 인식 예외 요건에 거래시점 동일한 가산할 일시적차이와 차감할 일시적차이를 발생시키지 않는 거래라는 요건을 추가하였습니다. 동 개정사항은 2023년 1월 1일 이후 시작하는 회계연도부터 적용하며, 조기적용이 허용됩니다. 회사는 동 개정으로 인해 재무제표에 중요한 영향은 없을 것으로 예상하고 있습니다.\xa0\n(마) 기업회계기준서 제1117호 \'보험계약\' 제정\xa0\n\xa0\n기업회계기준서 제1117호 \'보험계약\'은 기업회계기준서 제1104호 \'보험계약’을 대체합니다. 보험계약에 따른 모든 현금흐름을 추정하고 보고시점의 가정과 위험을 반영한 할인율을 사용하여 보험부채를 측정하고, 매 회계연도별로 계약자에게 제공한 서비스(보험보장)를 반영하여 수익을 발생주의로 인식하도록 합니다. 또한, 보험사건과 관계없이 보험계약자에게 지급하는 투자요소(해약/만기환급금)는 보험수익에서 제외하며, 보험손익과 투자손익을 구분 표시하여 정보이용자가 손익의 원천을 확인할 수 있도록 하였습니다. 동 기준서는 2023년 1월 1일 이후 최초로 시작하는 회계연도부터 적용되며, 기업회계기준서 제1109호 \'금융상품\'을 적용한 기업은 조기적용이 허용됩니다. 회사는 동 개정으로 인해 재무제표에 중요한 영향은 없을 것으로 예상하고 있습니다.\n\xa0\n기준서의 개정으로 기업회계기준서 제1117호를 최초로 적용하는 기업은 비교기간에 대해 선택적 분류 조정(\'overlay\')를 적용할 수 있습니다. 이러한 분류 조정은 기업회계기준서 제1117호의 적용범위에 포함되는 계약과 연관성이 없는 금융자산을 포함한 모든 금융자산에 적용할 수 있습니다. 금융자산에 분류 조정을 적용하는 기업은 기업회계기준서 제1109호의 분류와 측정 요구사항을 해당 금융자산에 적용해왔던 것처럼 비교정보를 표시하며, 이러한 분류 조정은 상품별로 적용할 수 있습니다.\n(바) 기업회계기준서 제1001호 \' 재무제표 표시 \' - 행사가격 조정 조건이 있는 금융부채 평가손익 공시\xa0\n발행자의 주가 변동에 따라 행사가격이 조정되는 조건이 있는 금융상품의 전부나 일부가 금융부채로 분류되는 경우 그 금융부채의 장부금액과 관련 손익을 공시하도록 하였습니다. 동 개정사항은 2023년 1월 1일 이후 시작하는 회계연도부터 적용하며, 조기적용이 허용됩니다. 회사는 동 개정으로 인해 재무제표에 미치는 영향에 대하여 검토중에 있습니다.\xa0\n2-2 재무제표의 측정기준\n재무제표는 매 보고기간 말에 재평가금액이나 공정가치로 측정되는 특정 비유동자산과 금융자산 및 확정급여제도를 제외하고는 역사적 원가주의를 기준으로 작성되었습니다. 역사적원가는 일반적으로 자산을 취득하기 위하여 지급한 대가의 공정가치로 측정하고 있습니다.\n2-3 별도재무제표에서의 종속기업 및 관계기업 투자회사의 재무제표는 기업회계기준서 제1027호에 따른 별도재무제표로서 지배기업 및관계기업의 투자자가 투자자산을 피투자자의 보고된 성과와 순자산에 근거하지 않고직접적인 지분투자에 근거한 회계처리로 표시한 재무제표입니다. 이러한 지분투자에대해 한국채택국제회계기준 제1101호(한국채택국제회계기준의 최초채택)를 적용하여 한국채택국제회계기준 전환일의 과거회계기준에 따른 장부금액을 간주원가로 사용하여 측정하였습니다. 한편, 종속기업 및 관계기업으로부터 수취하는 배당금은 배당을 받을 권리가 확정되는 시점에 당기손익으로 인식하고 있습니다.\n2-4 외화회사의 재무제표는 회사의 영업활동이 이루어지는 주된 경제환경의 통화(이하 ""기능통화"") 및 표시통화인 원화로 작성하여 보고하고 있습니다. 기능통화로 외화거래를 최초로 인식하는 경우에 거래일의 외화와 기능통화 사이의 현물환율을 외화금액에 적용하여 기록하고 있습니다. 매 보고기간말 현재 보유 중인 화폐성 외화항목은 보고기간말 현재의 마감환율을 적용하여 환산하고, 역사적원가로 측정하는 비화폐성 외화항목은 거래일의 환율로 환산하며, 공정가치로 측정하는 비화폐성 외화항목은 공정가치가 결정된 날의 환율로 환산하고 있습니다.\n화폐성항목의 결제시점에 생기는 외환차이 또는 화폐성항목의 환산에 사용한 환율이회계기간 중 최초로 인식한 시점이나 전기의 재무제표 환산시점의 환율과 다르기 때문에 생기는 환산차이는 그 환산차이가 발생하는 회계기간의 손익으로 인식하고 있습니다.\n2-5 유형자산회사는 재평가모형을 적용하는 토지를 제외하는 유형자산을 원가로 측정하고 있으며최초 인식 후에 원가에서 감가상각누계액과 손상차손누계액을 차감한 금액을 장부금액으로 표시하고 있습니다. 유형자산의원가는 당해 자산의 매입 또는 건설과 직접적으로 관련되어 발생한 지출로서 경영진이 의도하는 방식으로 자산을 가동하는 데 필요한 장소와 상태에 이르게 하는 데 직접 관련되는 원가와 자산을 해체, 제거하거나 부지를 복구하는 데 소요될 것으로 최초에 추정되는 원가를 포함하고 있습니다.자산의 장부금액이 재평가로 인하여 증가된 경우에 그 증가액은 기타포괄손익으로 인식되고 이연법인세를 차감하여 재평가잉여금의 과목으로 자본에 가산하고 있습니다. 그러나 동일한 자산에 대하여 이전에 당기손익으로 인식한 재평가감소액이 있다면 그 금액을 한도로 재평가증가액만큼 당기손익으로 인식하고 있습니다. 자산의 장부금액이 재평가로 인하여 감소된 경우에 그 감소액은 당기손익으로 인식되나, 그 자산에 대한 재평가잉여금의 잔액이 있다면 그 금액을 한도로 재평가감소액은 기타포괄손익으로 인식하고 있습니다. 유형자산의 제거로 인하여 발생하는 손익은 순매각금액과 장부금액의 차이로 결정되고 제거할 때 기타손익으로 인식합니다.유형자산 중 토지는 감가상각을 하지 않으며, 그 외 유형자산은 자산의 취득원가에서잔존가치를 차감한 금액에 대하여 아래에 제시된 경제적 내용연수에 걸쳐 해당자산에 내재되어 있는 미래경제적 효익의 예상 소비 형태를 가장 잘 반영한 정액법으로 상각하고 있습니다.\xa0\n과 \xa0 \xa0 \xa0 \xa0 \xa0 \xa0 \xa0 목\n감가상각방법\n적용내용연수\n건 \xa0 \xa0 \xa0 \xa0 \xa0 \xa0 \xa0 물\n정 액 법\n15년 ~ 50년\n구 \xa0 \xa0 \xa0축 \xa0 \xa0 \xa0물\n10년 ~ 35년\n기 \xa0 계 \xa0 장 \xa0 치\n\xa05년 ~ 10년\n차 \xa0량 \xa0운 \xa0반 \xa0구\n\xa05년 ~ 20년\n공 기 \xa0구 \xa0비 \xa0품\n\xa05년 ~ 10년\n회사는 매 회계연도 말에 자산의 잔존가치와 내용연수 및 감가상각 방법을 재검토 하고 재검토 결과 추정치가 종전 추정치와 다르다면 그 차이는 회계추정의 변경으로 보아 변경의 효과를 전진적으로 인식하고 있습니다.한편, 유형자산 과목과 관련하여 자본에 계상된 재평가잉여금은 그 자산이 제거될 때이익잉여금으로 대체하고 있습니다.\n2-6 차입원가 \n회사는 적격자산의 취득, 건설 또는 생산과 직접 관련된 차입원가는 당해 자산 원가의 일부로 자본화하고 있습니다. 적격자산이란 의도된 용도로 사용하거나 판매가능한 상태가 될 때까지 1년을 초과하는 자산을 말합니다. 적격자산을 취득하기 위한 목적으로 특정으로 차입한 차입금의 일시적 운용에서 생긴 투자수익은 당 회계기간 동안의 자본화가능차입원가에서 차감하고 있습니다. 기타 차입원가는 발생기간에 비용으로 인식하고 있습니다.\n2-7 무형자산회사는 무형자산을 원가로 측정하며, 최초 인식 후에 원가에서 상각누계액과 손상차손누계액을 차감한 금액을 장부금액으로 표시하고 있습니다. 후속지출은 관련되는 특정자산에 속하는 미래의 경제적 효익이 증가하는 경우에만 자본화하며, 내부적으로 창출한 영업권 및 상표명 등을 포함한 다른 지출들은 발생 즉시 비용화하고 있습니다. 무형자산은 당해 자산이 사용가능한 시점부터 잔존가치를 영(""0"")으로 하여 아래의 내용연수동정액 법으로 상각하고 있습니다. 다만, 회원권에 대해서는 이를 이용할 수있을 것으로 기대되는 기간에 대하여 예측가능한 제한이 없으므로 당해 무형자산은 내용연수가 비한정인 것으로 평가하여 상각하고 있지 않고 있습니다.\xa0\n구 \xa0 \xa0 \xa0 \xa0 분\n적용내용연수\n산업재산권\n5년~10년 \xa0 \xa0 \xa0 \xa0 \xa0 \xa0 \xa0 \xa0 \xa0\xa0\n개 \xa0 발 \xa0 비\n5년 \xa0 \xa0 \xa0 \xa0 \xa0 \xa0 \xa0 \xa0 \xa0\xa0\n기타의무형자산\n4년 \xa0 \xa0 \xa0 \xa0 \xa0 \xa0 \xa0 \xa0 \xa0\xa0\n한편, 회사는 무형자산에 대하여 상각방법과 내용연수에 대해서 평가를 계속하여 정당화하는 지를 매 회계기간에 재검토하며, 이를 변경하는 것이 적절하다고 판단되는 경우 회계추정의 변경으로 보아 변경의 효과를 전진적으로 인식하고 있습니다.\n2-8 재고자산재고자산은 각 항목별로 취득원가와 순실현가능가치 중 낮은 금액으로 측정하고 있습니다. 순실현가능가치는 정상적인 영업과정의 예상 판매가격에서 예상되는 추가완성원가와 판매비용을 차감한 금액입니다.재고자산의 단위원가는 원재료 및 부재료는 이동평균법, 미착품은 개별법, 기타 재고자산은 총평균법에 의하여 결정하고 있으며 매입원가, 전환원가 및 재고자산을 현재의 장소에 이르게 하는 데 발생한 기타 모든 원가를 포함하여 취득원가를 산정하고 있습니다. 제품이나 재공품의 경우 고정제조간접원가는 생산설비의 정상조업도에 기초하여 배부하고 있습니다.\n2-9 현금및현금성자산회사는 보유현금과 요구불예금, 유동성이 매우 높고 확정된 금액의 현금으로 전환이 용이하고 가치변동의 위험이 경미한 단기투자자산을 현금및현금성자산으로 분류하고 있습니다. 지분상품은 현금성자산에서 제외하고 있으며, 다만, 상환일이 정해져 있고 취득일로부터 상환일까지의 기간이 단기인 우선주와 같이 실질적인 현금성자산인 경우에는 현금성자산에 포함하고 있습니다.\n2-10 금융자산2-10-1 분류\n금융자산은 금융자산의 관리를 위한 사업모형과 금융자산의 계약상 현금흐름 특성에근거하여 당기손익-공정가치 측정 금융자산, 기타포괄손익-공정가치 측정 금융자산및 상각후원가 측정 금융자산으로 분류하고 있습니다.\n\xa0\n공정가치로 측정하는 금융자산의 손익은 당기손익 또는 기타포괄손익으로 인식합니다. 채무상품에 대한 투자는 해당 자산을 보유하는 사업모형에 따라 그 평가손익을 당기손익 또는 기타포괄손익으로 인식합니다. 회사는 금융자산을 관리하는 사업모형을 변경하는 경우에만 채무상품을 재분류합니다.\xa0\n\xa0\n단기매매항목이 아닌 지분상품에 대한 투자는 최초 인식시점에 후속적인 공정가치 변동을 기타포괄손익으로 표시할 것을 지정하는 취소불가능한 선택을 할 수 있습니다. 지정되지 않은 지분상품에 대한 투자의 공정가치 변동은 당기손익으로 인식합니다.\n2-10-2 측정\n회사는 최초 인식시점에 금융자산을 공정가치로 측정하며, 당기손익-공정가치 측정 금융자산이 아닌 경우에 해당 금융자산의 취득과 직접 관련되는 거래원가는 공정가치에 가산합니다. 당기손익-공정가치 측정 금융자산의 거래원가는 당기손익으로 비용처리합니다.\xa0\n내재파생상품을 포함하는 복합계약은 계약상 현금흐름이 원금과 이자로만 구성되어 있는지를 결정할 때 해당 복합계약 전체를 고려합니다.\n① 채무상품\n금융자산의 후속적인 측정은 금융자산의 계약상 현금흐름 특성과 그 금융자산을 관리하는 사업모형에 근거합니다. 회사는 채무상품을 다음의 세 범주로 분류합니다.  (가) 상각후원가계약상 현금흐름을 수취하기 위해 보유하는 것이 목적인 사업모형 하에서 금융자산을 보유하고, 계약상 현금흐름이 원리금만으로 구성되어 있는 자산은 상각후원가로 측정합니다. 상각후원가로 측정하는 금융자산으로서 위험회피관계의 적용 대상이 아닌 금융자산의 손익은 해당 금융자산을 제거하거나 손상할 때 당기손익으로 인식합니다. 유효이자율법에 따라 인식하는 금융자산의 이자수익은 \'금융수익\'에 포함됩니다. (나) 기타포괄손익-공정가치 측정 금융자산계약상 현금흐름의 수취와 금융자산의 매도 둘 다를 통해 목적을 이루는 사업모형 하에서 금융자산을 보유하고, 계약상 현금흐름이 원리금만으로 구성되어 있는 금융자산은 기타포괄손익-공정가치로 측정합니다. 손상차손(환입)과 이자수익 및 외환손익을 제외하고는, 공정가치로 측정하는 금융자산의 평가손익은 기타포괄손익으로 인식합니다. 금융자산을 제거할 때에는 인식한 기타포괄손익누계액을 자본에서 당기손익으로 재분류합니다. 유효이자율법에 따라 인식하는 금융자산의 이자수익은 \xa0\'금융수익\' 에 포함됩니다. 외환손익은 \'기타수익 또는 기타비용\' 으로 표시하고 손상차손은 \'기타 비용\' 으로 표시합니다.   (다) 당기손익-공정가치측정 금융자산상각후원가 측정이나 기타포괄손익-공정가치 측정 금융자산이 아닌 채무상품은 당기손익-공정가치로 측정되며, 위험회피관계가 적용되지 않는 당기손익-공정가치 측정 채무상품의 손익은 당기손익으로 인식하고 있습니다.\n② 지분상품\n회사는 모든 지분상품에 대한 투자를 후속적으로 공정가치로 측정합니다. 공정가치 변동을 기타포괄손익으로 표시할 것을 선택한 장기적 투자목적 또는 전략적 투자목적의 지분상품에 대해 기타포괄손익으로 인식한 금액은 해당 지분상품을 제거할 때에도 당기손익으로 재분류하지 않습니다. 이러한 지분상품에 대한 배당수익은 회사가 배당을 받을 권리가 확정된 때 \'금융수익\'으로 당기손익으로 인식합니다.\n\xa0\n당기손익-공정가치로 측정하는 금융자산의 공정가치 변동은 손익계산서에 \'기타수익 또는 기타비용\'으로 표시합니다. \xa0기타포괄손익-공정가치로 측정하는 지분상품에대한 손상차손(환입)은 별도로 구분하여 인식하지 않습니다.\n2-10-3 손상\xa0\n회사는 미래전망정보에 근거하여 상각후원가로 측정하거나 기타포괄손익-공정가치로 측정하는 채무상품에 대한 기대신용손실을 평가합니다. 손상 방식은 신용위험의 유의적인 증가 여부에 따라 결정됩니다. 단, 매출채권 및 리스채권에 대해 회사는 채권의 최초 인식시점부터 전체기간 기대신용손실을 인식하는 간편법을 적용합니다. \n2-10-4 인식과 제거\n금융자산의 정형화된 매입 또는 매도는 매매일에 인식하거나 제거합니다. 금융자산은 현금흐름에 대한 계약상 권리가 소멸하거나 금융자산을 양도하고 소유에 따른 위험과 보상의 대부분을 이전한 경우에 제거됩니다.\n회사가 금융자산을 양도한 경우라도 채무자의 채무불이행시의 소구권 등으로 양도한금융자산의 소유에 따른 위험과 보상의 대부분을 회사가 보유하는 경우에는 이를 제거하지 않고 그 양도자산 전체를 계속하여 인식하되, 수취한 대가를 금융부채로 인식합니다. 해당 금융부채는 재무상태표에 ""차입금""으로 분류하고 있습니다.\n2-10-5 금융상품의 상계금융자산과 부채는 인식한 자산과 부채에 대해 법적으로 집행가능한 상계권리를 현재 보유하고 있고, 순액으로 결제하거나 자산을 실현하는 동시에 부채를 결제할 의도를 가지고 있을 때 상계하여 재무상태표에 순액으로 표시합니다. 법적으로 집행가능한 상계권리는 미래사건에 좌우되지 않으며, 정상적인 사업과정의 경우와 채무불이행의 경우 및 지급불능이나 파산의 경우에도 집행가능한 것을 의미합니다.\n2-11 금융부채2-11-1분류 및 측정\n회사의 당기손익-공정가치 측정 금융부채는 단기매매목적의 금융상품입니다. 주로 단기간 내에 재매입할 목적으로 부담하는 금융부채는 단기매매금융부채로 분류됩니다. 또한, 위험회피회계의 수단으로 지정되지 않은 파생상품이나 금융상품으로부터 분리된 내재파생상품도 단기매매금융부채로 분류됩니다.\n\xa0\n당기손익-공정가치 측정 금융부채, 금융보증계약, 금융자산의 양도가 제거조건을 충족하지 못하는 경우에 발생하는 금융부채를 제외한 모든 비파생금융부채는 상각후원가로 측정하는 금융부채로 분류되고 있으며, 재무상태표 상 ""매입채무및기타채무"", ""차입금"" \xa0등으로 표시하고 있습니다.\xa0\n\xa0\n특정일에 의무적으로 상환해야 하는 우선주는 부채로 분류됩니다. 이러한 우선주에 대한 유효이자율법에 따른 이자비용은 다른 금융부채에서 인식한 이자비용과 함께 손익계산서 상 ""금융원가""로 인식됩니다.\n\xa0\n2-11-2 복합금융상품\n회사는 발행한 복합금융상품의 조건을 평가하여 당해 금융상품이 자본요소와 부채요소를 모두 가지고 있는 지를 결정하며 각 요소별로 금융부채와 지분상품으로 분리하여 인식하고 있습니다. 복합금융상품의 최초 장부금액을 부채요소와 자본요소에 배분하는 경우 자본요소에는 복합금융상품 전체의 공정가치에서 부채요소에 대하여 별도로 결정한 금액을 차감한 잔액을 배분하며, 복합금융상품의 자본요소가 아닌 파생상품의 특성에 해당하는 가치는 부채요소로 표시하고 있습니다.\n2-11-3 제거\n금융부채는 계약상 의무가 이행, 취소 또는 만료되어 소멸되거나 기존 금융부채의 조건이 실질적으로 변경된 경우에 재무상태표에서 제거됩니다. 소멸하거나 제3자에게 양도한 금융부채의 장부금액과 지급한 대가(양도한 비현금자산이나 부담한 부채를 포함)의 차액은 당기손익으로 인식하고 있습니다.\n2-12 수익인식회사의 수익은 재화의 판매로 구성되어 있습니다. 재화가 인도되고, 재화의 인수에 영향을 미칠 수 있는 이행되지 않는 의무가 남아있지 않는 시점에서 제품에 대한 통제가 이전된 것으로 보아 매출을 인식하고 있습니다. 재화는 인도되거나 인도기한이 만료되고 인도의 모든 조건을 충족하였다는 객관적인 증거를 입수하는 시점에 인도된 것으로 보며 수취채권은 재화를 인도하였을 때 인식하고 있습니다. 이는 재화를 인도하는 시점부터는 시간이 지나기만 하면 대가를 지급받게 되므로 대가를 받을 무조건적인 권리가 생기기 때문입니다. \n2-13 비금융자산의 손상\n회사는 종업원급여에서 발생한 자산, 생물자산, 재고자산, 이연법인세자산 및 매각예정으로 분류되는 비유동자산을 제외한 회사의 모든 비금융자산에 대하여 매 보고기간말 자산손상을 시사하는 징후가 있는 지를 검토하며, 만약 그러한 징후가 있다면 당해 자산의 회수가능액을 추정하고 있습니다. 단, 사업결합으로 취득한 영업권 및 내용연수가비한정인 무형자산, 아직 사용할 수 없는 무형자산에 대해서는 자산손상을 시사하는 징후와 관계없이 매년 회수가능액과 장부금액을 비교하여 손상검사를 하고 있습니다.\n회수가능액은 개별 자산별 또는 개별 자산의 회수가능액을 추정할 수 없다면 그 자산이 속하는 현금창출단위별로 회수가능액을 추정하고 있습니다. \xa0회수가능액은 사용가치와 순공정가치 중 큰 금액으로 하고 있습니다.\xa0\n자산이나 현금창출단위의 회수가능액이 장부금액에 미달하는 경우 자산의 장부금액을 감소시키며 이러한 장부금액의 감소는 손상차손으로 즉시 당기손익으로 인식하고있습니다. 사업결합으로 취득한 영업권은 사업결합으로 인한 시너지효과의 혜택을 받게 될 것으로 기대되는 각 현금창출단위에 배분하고 있으며, 현금창출단위에 대한 손상차손은 우선, 현금창출단위에 배분된 영업권의 장부금액을 감소시키고, 그 다음 현금창출단위에 속하는 다른 자산 각각의 장부금액에 비례하여 자산의 장부금액을 감소시키고 있습니다. \n매 보고기간말 영업권을 제외한 자산에 대해 과거기간에 인식한 손상차손이 더 이상 존재하지 않거나 감소된 것을 시사하는 징후가 있는 지를 검토하고 직전 손상차손의 인식시점 이후 회수가능액을 결정하는 데 사용된 추정치에 변화가 있는 경우 과거손상차손을 인식하기 전 장부금액의 감가상각 또는 상각 후 잔액을 초과하지 않는 범위내에서 손상차손을 환입하고 있습니다. 한편, 영업권에 대해 인식한 손상차손은 후속기간에 환입할 수 없습니다.\n2-14 법인세비용법인세비용은 당기법인세비용과 이연법인세비용으로 구성되어 있으며, 기타포괄손익이나 자본에 직접 인식되는 거래나 사건으로부터 발생하는 세액을 제외하고는 당기손익으로 인식하고 있습니다.\n2-14-1 당기법인세\n당기법인세는 당기의 과세소득을 기초로 산정하고 있습니다. 과세소득은 포괄손익계산서상의 당기순이익에서 다른 과세기간에 가산되거나 차감될 손익 및 비과세항목이나 손금불인정 항목을 가감하여 산정되므로 포괄손익계산서상 당기순이익과는 일치하지 않습니다. 회사의 당기법인세와 관련된 미지급법인세는 확정되었거나 실질적으로 확정된 세율을 사용하여 계산하고 있습니다.\xa0\n2-14-2 이연법인세\n이연법인세는 재무제표상 자산과 부채의 장부금액과 과세소득 산출 시 사용되는 세무기준액과의 차이를 바탕으로 인식되며, 자산부채법에 의하여 인식하고 있습니다. 이연법인세부채는 모든 가산할 일시적차이에 대하여, 이연법인세자산은 차감할 일시적차이가 사용될 수 있는 과세소득의 발생가능성이 높은 경우 인식하고 있습니다. 그러나, 일시적차이가 영업권을 최초로 인식하는 경우나, 자산ㆍ부채가 최초로 인식되는 거래가 사업결합 거래가 아니고, 거래 당시의 회계이익 또는 과세소득에 영향을 미치지 아니하는 거래의 경우 이연법인세를 인식하지 않고 있습니다. 종속기업 및 관계기업에 대한 투자자산과 관련된 모든 가산할 일시적차이에 대하여일시적차이의 소멸시점을 통제할 수 있고, 예측가능한 미래에 일시적차이가 소멸하지 않을 가능성이 높은 경우를 제외하고는 이연법인세부채를 인식하고 있습니다. 또한, 종속기업 및 관계기업에 대한 투자자산과 관련된 차감할 일시적차이에 대하여 일시적차이가 예측 가능한 미래에 소멸할 가능성이 높고, 일시적차이가 사용될 수 있는과세소득의 발생 가능성이 높은 경우에만 이연법인세자산을 인식하고 있습니다.\n이연법인세자산의 장부금액은 매 보고기간 말에 검토하고, 이연법인세자산으로 인한혜택이 사용되기에 충분한 과세소득이 발생할 가능성이 더 이상 높지 않은 경우 이연법인세자산의 장부금액을 감소시키고 있습니다. \n이연법인세자산과 부채는 보고기간말 제정 되었거나 실질적으로 제정된 세율(세법)에 근거하여 당해 자산이 실현되거나 부채가 지급될 회계기간에 적용될 것으로 기대되는 세율을 사용하여 측정하고 있습니다. 이연법인세자산과 이연법인세부채를 측정할 때에는 보고기간말 현재 회사가 관련 자산과 부채의 장부금액을 회수하거나 결제할 것으로 예상되는 방식에 따라 법인세효과를 반영하고 있습니다.\n배당금 지급에 따라 추가적으로 발생하는 법인세비용이 있다면 배당금지급과 관련한부채가 인식되는 시점에 인식하고 있습니다.\xa0\n2-15 충당부채충당부채는 과거사건의 결과로 존재하는 현재의무 (법적의무 또는 의제의무)로서, 당해 의무를 이행하기 위하여 경제적효익을 갖는 자원이 유출될 가능성이 높으며 그의무의 이행에 소요되는 금액을 신뢰성 있게 추정할 수 있는 경우에 충당부채를 인식하고 있습니다. 충당부채에 대한 최선의 추정치를 구할 때는 관련된 사건과 상황에 대한 불가피한 위험과 불확실성을 고려하고 있으며, 화폐의 시간가치가 중요한 경우에는 의무를 이행하기 위하여 예상되는 지출액의 현재가치로 평가하고 있습니다. 매 보고기간 말마다 충당부채의 잔액을 검토하고 보고기간말 현재 최선의 추정치를반영하여 조정하고 있으며, 의무이행을 위하여 경제적 효익을 갖는 자원이 유출된 가능성이 더 이상 높지 않은 경우에는 관련 충당부채를 환입하고 있습니다. \xa0\n한편, 충당부채는 최초 인식과 관련 있는 지출에만 사용하고 있습니다.\xa0\n2-16 종업원 급여2-16-1 퇴직급여회사는 확정기여형 및 확정급여형 퇴직연금제도를 운영하고 있습니다.가. 확정기여형 퇴직연금확정기여형 퇴직급여제도에 대한 부담금은 종업원이 이에 대하여 지급받을 자격이 있는 용역을 제공한 때 비용으로 인식하고 있습니다. 한편, 회사는 확정기여형 퇴직연금제도에 따라 연금의 운용결과와 관계없이 확정된 부담금을 납부하고 있습니다.나. 확정급여형 퇴직연금회사는 확정급여제도를 운영하고 있습니다. 재무상태표상 확정급여부채는 보고기간말 현재 확정급여채무의 현재가치에서 관련 확정급여채무를 직접 결제하는 데 사용할 수 있는 사외적립자산의 보고기간말 현재 공정가치를 차감하여 계상하고 있습니다.\n확정급여채무는 매년 독립적인 보험계리인에 의해 예측단위적립방식으로 계산되고있습니다. 확정급여채무의 현재가치는 관련 연금부채의 만기와 유사한 만기를 가지는 퇴직금이 지급되는 통화로 표시된 우량 회사채(AA+)의 수익률을 사용하여 추정 미래현금흐름을 할인한 후 결정되고 있습니다. 보험수리적 가정의 변동과 경험적 조정에서 발생하는 손익은 발생한 기간에 전액 기타포괄손익으로 인식하고 포괄손익계산서에 표시하고 있습니다.\n확정급여채무의 현재가치에서 사외적립자산의 공정가치를 차감하여 산출된 순액이자산일 경우, 이는 미인식과거근무원가누계액과 제도로부터 환급받거나 제도에 대한미래 기여금이 절감되는 방식으로 이용가능한 경제적효익의 현재가치를 가산한 금액을 한도로 자산으로 인식하고 있습니다.\xa0\n퇴직급여를 새로 도입하거나 변경함에 따라 종업원의 과거 근무용역에 대한 확정급여채무의 현재가치의 변동액인 과거근무원가는 관련 급여가 가득되기까지의 평균기간에 정액법을 적용하여 비용으로 인식하고 있습니다. 단, 확정급여제도를 새로 도입하거나 개정하는 즉시 관련 급여가 가득되는 경우에는 해당 과거근무원가는 즉시 인식하고 있습니다. \n2-16-2 단기종업원급여\n종업원이 관련 근무용역을 제공한 회계기간의 말부터 12개월 이내에 결제될 단기종업원급여는 근무용역과 교환하여 지급이 예상되는 금액을, 근무용역이 제공된 때에 당기손익으로 인식하고 있습니다. 단기종업원급여는 할인하지 않은 금액으로 측정하고 있습니다.\xa0\n종업원이 과거 근무용역의 결과 회사가 지급해야 할 법적의무 또는 의제의무가 있고,그 채무금액을 신뢰성있게 추정할 수 있다면 이익분배금 및 상여금으로 지급이 예상되는 금액을 부채로 인식하고 있습니다.\n2-16-3 기타장기종업원급여\n종업원이 관련 근무용역을 제공한 회계기간의 말일부터 12개월 이내에 지급되지 않을 기타장기종업원급여는 당기와 과거기간에 제공한 근무용역의 대가로 획득한 미래의 급여액을 현재가치로 할인하여 계산하며 관련 자산의 공정가치를 차감하여 부채를 인식하고 있습니다. 현재가치는 추정미래현금흐름을 관련부채와 유사한 만기를가지는 종업원급여가 지급되는 통화로 표시된 국ㆍ공채의 이자율을 사용하여 할인하여산정하고 있으며, 보험수리적 가정의 변동과 경험적 조정에서 발생하는 손익은 발생한 기간에 전액 당기손익으로 인식하고 있습니다.\xa0\n2-16-4 해고급여\n회사가 통상적인 퇴직시점 이전에 종업원을 해고할 것을 현실적인 철회가능성이 없이 명시적으로 확약하거나, 회사가 종업원에게 명예퇴직에 대한 해고급여를 제안하고 종업원이 자발적으로 제안을 수락하는 경우 해고급여를 당기 손익으로 인식하고 있습니다. 종업원에게 자발적 명예퇴직을 제안하는 경우에는 제안을 수락할 것으로 기대되는 종업원의 수에 기초하여 해고급여를 측정하여 당기 손익으로 인식하고 있습니다. 해고급여의 지급기일이 보고기간 후 12개월이 지난 후에 도래하는 경우에는현재가치로 할인하고 있습니다.\xa0\n2-17 정부보조금정부보조금은 회사가 정부보조금에 부수되는 조건을 준수하고 그 보조금을 수령하는것에 대해 합리적인 확신이 있을 경우에만 인식하고 있습니다. 자산취득관련 국고보조금은 자산의 장부금액을 결정할 때 차감하여 표시하고, 관련 자산의 내용연수에 걸쳐 감가상각비를 감소시키는 방식으로 수익을 인식하고 있습니다. 기타의 정부보조금은 보전하도록 의도된 비용에 대응시키기 위해 보전하려는 관련원가를 비용으로 인식하는 기간에 걸쳐 체계적인 기준에 따라 당기손익으로 인식하고 있습니다. 이미 발생한 비용이나 손실에 대한 보전 또는 향후 관련원가의 발생 없이 기업에 제공되는즉각적인 금융지원으로 수취하는 정부보조금은 수취할 권리가 발생하는 기간에 당기손익으로 인식하고 있습니다.\n2-18 금융수익과 비용 금융수익과 비용은 이자수익, 배당수익 및 이자비용 등을 포함하고 있습니다. 이자수익과 비용은 기간의 경과에 따라 유효이자율법을 적용하여 인식하며, 배당수익은 주주로서 배당을 받을 권리가 확정되는 시점에 수익을 인식하고 있습니다.\n2-19 주당이익\n회사는 보통주 종류별로 기본주당이익과 희석주당이익을 계속영업손익과 당기순손익에 대하여 계산하고 포괄손익계산서에 표시하고 있습니다. 기본주당이익은 보통주에 귀속되는 당기순손익을 회계기간 동안에 유통된 보통주식수를 가중평균한 주식수로 나누어 계산하고 있으며, 희석주당이익은 모든 희석효과가 있는 잠재적 보통주의 영향을 고려하여 보통주에 귀속되는 당기순손익 및 가중평균유통보통주식수를 조정하여 계산하고 있습니다.\n2-20 리스\n2-20-1 리스제공자의 회계처리\xa0\n회사가 리스제공자인 경우 운용리스에서 생기는 리스수익은 리스기간에 걸쳐 정액기준으로 인식합니다. 운용리스 체결 과정에서 부담하는 리스개설직접원가를 기초자산의 장부금액에 더하고 리스료 수익과 같은 기준으로 리스기간에 걸쳐 비용으로 인식합니다. 각 리스된 자산은 재무상태표에서 그 특성에 기초하여 표시하였습니다.2-20-2 리스이용자의 회계처리\n회사는 사무실 및 자동차를 리스하고 있습니다. 리스계약은 일반적으로 고정기간으로 체결되지만 아래 ②에서 설명하는 연장선택권이 있을 수 있습니다.\n\xa0\n계약에는 리스요소와 비리스요소가 모두 포함될 수 있습니다. 회사는 상대적 개별 가격에 기초하여 계약 대가를 리스요소와 비리스요소에 배분하였습니다. 그러나 회사가 리스이용자인 부동산 리스의 경우 리스요소와 비리스요소를 분리하지 않고 하나의 리스요소로 회계처리하는 실무적 간편법을 적용하였습니다.\n\xa0\n리스조건은 개별적으로 협상되며 다양한 계약조건을 포함합니다. 리스계약에 따라 부과되는 다른 제약은 없지만 리스자산을 차입금의 담보로 제공할 수는 없습니다.\n회사는 리스된 자산을 사용할 수 있는 리스개시일에 사용권자산과 이에 대응하는 부채를 인식합니다.\n\xa0\n리스에서 생기는 자산과 부채는 최초에 현재가치기준으로 측정합니다. 리스부채는 다음 리스료의 순현재가치를 포함합니다.\n-\n받을 리스 인센티브를 차감한 고정리스료(실질적인 고정리스료 포함)\n-\n개시일 현재 지수나 요율을 사용하여 최초 측정한, 지수나 요율(이율)에 따라 달라지는 변동리스료\n-\n잔존가치보증에 따라 연결회사(리스이용자)가 지급할 것으로 예상되는 금액\n-\n회사(리스이용자)가 매수선택권을 행사할 것이 상당히 확실한 경우에 그 매수선택권의 행사가격\n-\n리스기간이 회사(리스이용자)의 종료선택권 행사를 반영하는 경우에 그 리스를 종료하기 위하여 부담하는 금액\n또한 리스부채의 측정에는 상당히 확실한(reasonably certain) 연장선택권에 따라 지급될 리스료를 포함합니다.\n\xa0\n리스의 내재이자율을 쉽게 산정할 수 있는 경우 그 이자율로 리스료를 할인합니다. 내재이자율을 쉽게 산정할 수 없는 경우에는 리스이용자가 비슷한 경제적 환경에서 비슷한 기간에 걸쳐 비슷한 담보로 사용권자산과 가치가 비슷한 자산을 획득하는 데 필요한 자금을 차입한다면 지급해야 할 이자율인 리스이용자의 증분차입이자율을 사용합니다.\n\xa0\n회사는 증분차입이자율을 다음과 같이 산정합니다.\n-\n가능하다면 개별 리스이용자가 받은 최근 제3자 금융 이자율에 제3자 금융을 받은 이후 재무상태의 변경을 반영\n-\n최근 제3자 금융을 받지 않은 종속기업이 보유한 리스의 경우 무위험이자율에 신용위험을 조정하는 상향 접근법을 사용\n-\n국가, 통화, 담보, 보증과 같은 리스에 특정한 조정을 반영\n회사는 지수나 요율에 따라 달라지는 변동리스료의 경우 지수나 요율이 유효할 때까지 리스부채에 포함하지 않는 변동리스료의 잠재적 미래 증가 위험에 노출되어 있습니다. 지수나 요율에 따라 달라지는 리스료의 조정액이 유효한 시점에서 리스부채를 재평가하고 사용권자산을 조정합니다.\n\xa0\n각 리스료는 리스부채의 상환과 금융원가로 배분합니다. 금융원가는 각 기간의 리스부채 잔액에 대하여 일정한 기간 이자율이 산출되도록 계산된 금액을 리스기간에 걸쳐 당기손익으로 인식합니다.\xa0\n\xa0\n\xa0사용권자산은 다음 항목들로 구성된 원가로 측정합니다.\n-\n리스부채의 최초 측정금액\n-\n받은 리스 인센티브를 차감한 리스개시일이나 그 전에 지급한 리스료\n-\n리스이용자가 부담하는 리스개설직접원가\n-\n복구원가의 추정치\n사용권자산은 리스개시일부터 사용권자산의 내용연수 종료일과 리스기간 종료일 중이른 날까지의 기간동안 감가상각합니다. 회사가 매수선택권을 행사할 것이 상당히 확실한(reasonably certain) 경우 사용권자산은 기초자산의 내용연수에 걸쳐 감가상각합니다.\n\xa0\n장비 및 차량운반구의 단기리스와 모든 소액자산 리스와 관련된 리스료는 정액 기준에 따라 당기손익으로 인식합니다. 단기리스는 리스기간이 12개월 이하인 리스이며,소액리스자산은 IT기기와 소액의 사무실 비품으로 구성되어 있습니다.\n2-21 매각예정비유동자산(또는 처분자산집단)\n\xa0\n비유동자산(또는 처분자산집단)은 장부금액이 매각거래를 통하여 주로 회수되고, 매각될 가능성이 매우 높은 경우에 매각예정으로 분류되며, 그러한 자산은 장부금액과 순공정가치 중 작은 금액으로 측정됩니다.\n2-22 중요한 회계추정 및 가정\n재무제표 작성에는 미래에 대한 가정 및 추정이 요구되며 경영진은 회사의 회계정책을 적용하기 위해 판단이 요구됩니다. 추정 및 가정은 지속적으로 평가되며, 과거 경험과 현재의 상황에 비추어 합리적으로 예측가능한 미래의 사건을 고려하여 이루어집니다. 회계추정의 결과가 실제 결과와 동일한 경우는 드물 것이므로 중요한 조정을유발할 수 있는 유의적인 위험을 내포하고 있습니다.\n\xa0\n다음 회계연도에 자산 및 부채 장부금액의 조정에 영향을 미칠 수 있는 경영진 판단과 유의적 위험에 대한 추정 및 가정은 다음과 같습니다. 일부 항목에 대한 유의적인 판단 및 추정에 대한 추가적인 정보는 개별 주석에 포함되어 있습니다.\n2-22-1 법인세회사의 과세소득에 대한 법인세는 세법 및 과세당국의 결정을 적용하여 산정되므로 최종 세효과를 산정하는 데에는 불확실성이 존재합니다. 또한 세무적 일시적 차이 또는 이월결손금 등으로 인한 법인세효과의 인식은 실현가능성에 대한 판단에 의존하므로 최종 법인세효과를 산정하는 데에는 불확실성이 존재합니다.\n2-22-2 금융자산의 손상\n금융자산의 손실충당금은 부도위험 및 기대손실률 등에 대한 가정에 기초하여 측정됩니다. 회사는 이러한 가정의 설정 및 손상모델에 사용되는 투입변수의 선정에 있어서 회사의 과거 경험, 현재 시장 상황, 재무보고일 기준의 미래전망정보 등을 고려하여 판단합니다. 2-22-3 비금융자산의 손상\n자산별 또는 현금창출단위별 회수가능가액은 사용가치와 순공정가치 중 큰 금액으로산정하고 있으며, 사용가치 또는 순공정가치는 많은 가정이 포함된 추정치로 산정되고 있습니다.2-22-4 순확정급여부채순확정급여부채의 현재가치는 보험수리적방식에 의해 결정되는 다양한 요소들 특히 할인율의 변동에 영향을 받습니다.2-22-5 리스\n리스기간을 산정할 때에 경영진은 연장선택권을 행사하거나 종료선택권을 행사하지않을 경제적 유인이 생기게 하는 관련되는 사실 및 상황을 모두 고려합니다. 연장선택권의 대상 기간(또는 종료선택권의 대상 기간)은 리스이용자가 연장선택권을 행사할 것(또는 행사하지 않을 것)이 상당히 확실한 경우에만 리스기간에 포함됩니다.\n2-23 비교재무제표 계정재분류\n회사는 당기 재무제표와의 비교를 용이하게 하기 위하여 전기 재무제표의 일부 표시를 당기 재무제표의 표시에 따라 재분류하였습니다. 이러한 재분류는 전기에 보고된 순이익이나 순자산에 영향을 미치지 아니합니다.\n3. 현금및현금성자산 및 금융상품3-1 당기말과 전기말 현재 현금및현금성자산의 구성내역은 다음과 같습니다. \xa0 \xa0 \xa0 \xa0 \xa0 \xa0 \xa0 \xa0 \xa0 \xa0 \xa0 \xa0 \xa0 \xa0 \xa0 \xa0 \xa0 \xa0 \xa0 \xa0 \xa0 \xa0 \xa0 \xa0 \xa0 \xa0 \xa0 \xa0 \xa0 \xa0 \xa0 \xa0 \xa0 \xa0 \xa0 \xa0 \xa0 \xa0 \xa0 \xa0 \xa0 \xa0 \xa0 \xa0 \xa0 \xa0 \xa0 \xa0 \xa0 \xa0 \xa0(단위 : 천원)\n구 분\n당 기\n전 기\n\xa0 \xa0현금\n383\xa0\n585\xa0\n\xa0 \xa0제예금\n988,645\xa0\n584,159\xa0\n합 \xa0계\n989,028\xa0\n584,744\xa0\n3-2 당기말과 전기말 현재 부채나 우발부채에 대한 담보 제공 등으로 인하여 사용이 제한된 금융상품의 내역은 다음과 같습니다. \xa0 \xa0 \xa0 \xa0 \xa0 \xa0 \xa0 \xa0 \xa0 \xa0 \xa0 \xa0 \xa0 \xa0 \xa0 \xa0 \xa0 \xa0 \xa0 \xa0 \xa0 \xa0 \xa0 \xa0 \xa0 \xa0 \xa0 \xa0 \xa0 \xa0 \xa0 \xa0 \xa0 \xa0 \xa0 \xa0 \xa0 \xa0 \xa0 \xa0 \xa0 \xa0 \xa0 \xa0 \xa0 \xa0 \xa0 \xa0 \xa0 \xa0 \xa0 \xa0 \xa0 \xa0 \xa0 \xa0 \xa0 \xa0 \xa0 \xa0 \xa0 \xa0 \xa0(단위 : 천원)\n과 목\n예금종류\n당 기\n전 기\n사용제한사유\n단기금융상품\n정기예금\n500,000\xa0\n500,000\xa0\n\xa0은행담보(*)\n장기금융상품\n별단예금\n2,000\xa0\n2,000\xa0\n\xa0당좌개설보증금\n합 계\n502,000\xa0\n502,000\xa0\n-\n(*) 관련 담보제공사실은 주석25를 참조하기 바랍니다.\n4. 장ㆍ단기매출채권및기타채권\n4-1 당기말과 전기말 현재 장ㆍ단기매출채권및기타채권의 내역은 다음과 같습니다. \xa0 \xa0 \xa0 \xa0 \xa0 \xa0 \xa0 \xa0 \xa0 \xa0 \xa0 \xa0 \xa0 \xa0 \xa0 \xa0 \xa0 \xa0 \xa0 \xa0 \xa0 \xa0 \xa0 \xa0 \xa0 \xa0 \xa0 \xa0 \xa0 \xa0 \xa0 \xa0 \xa0 \xa0 \xa0 \xa0 \xa0 \xa0 \xa0 \xa0 \xa0 \xa0 \xa0 \xa0 \xa0 \xa0 \xa0 \xa0 \xa0 \xa0 \xa0(단위 : 천원)\n구 \xa0분\n당 기\n전 기\n유동자산\n비유동자산\n합 계\n유동자산\n비유동자산\n합 계\n매출채권\n2,173,465\n-\n2,173,465\n2,510,578\xa0\n-\xa0\n2,510,578\xa0\n미수금\n53,522\n-\n53,522\n12,385\xa0\n-\xa0\n12,385\xa0\n대여금\n-\n61,500\n61,500\n-\xa0\n82,000\xa0\n82,000\xa0\n미수수익\n3,275\n-\n3,275\n-\xa0\n-\xa0\n-\xa0\n보증금\n-\n122,030\n122,030\n-\xa0\n60,925\xa0\n60,925\xa0\n합 \xa0계\n2,230,262\n183,530\n2,413,792\n2,522,963\xa0\n142,925\xa0\n2,665,888\xa0\n4-2 장ㆍ단기매출채권및기타채권은 대손충당금이 차감된 순액으로 재무상태표에 표시되었으며, 당기말과 전기말 현재 대손충당금 차감전 총액 기준에 의한 장ㆍ단기매출채권및기타채권과 관련 대손충당금의 내역은 다음과 같습니다. \xa0 \xa0 \xa0 \xa0 \xa0 \xa0 \xa0 \xa0 \xa0 \xa0 \xa0 \xa0 \xa0 \xa0 \xa0 \xa0 \xa0 \xa0 \xa0 \xa0 \xa0 \xa0 \xa0 \xa0 \xa0 \xa0 \xa0 \xa0 \xa0 \xa0 \xa0 \xa0 \xa0 \xa0 \xa0 \xa0 \xa0 \xa0 \xa0 \xa0 \xa0 \xa0 \xa0 \xa0 \xa0 \xa0 \xa0 \xa0 \xa0 \xa0 \xa0(단위 : 천원)\n구 분\n당 기\n전 기\n총장부금액\n대손충당금\n순장부금액\n총장부금액\n대손충당금\n순장부금액\n유동자산\n\xa0 매출채권\n15,998,768\xa0\n13,825,302\xa0\n2,173,466\xa0\n16,483,423\xa0\n13,972,845\xa0\n2,510,578\xa0\n\xa0 미수금\n1,325,316\xa0\n1,271,794\xa0\n53,522\xa0\n1,277,213\xa0\n1,264,828\xa0\n12,385\xa0\n\xa0 대여금\n1,031,680\xa0\n1,031,680\xa0\n- \xa0\n217,516\xa0\n217,516\xa0\n-\xa0\n\xa0 미수수익\n3,275\xa0\n- \xa0\n3,276\xa0\n-\xa0\n-\xa0\n-\xa0\n\xa0 보증금\n2,374\xa0\n2,374\xa0\n- \xa0\n2,374\xa0\n2,374\xa0\n-\xa0\n소계\n18,361,412\xa0\n16,131,150\xa0\n2,230,263\xa0\n17,980,526\xa0\n15,457,563\xa0\n2,522,963\xa0\n비유동자산\n\xa0 매출채권\n14,777,914\xa0\n14,777,914\xa0\n- \xa0\n14,777,914\xa0\n14,777,914\xa0\n-\xa0\n\xa0 미수금\n5,000,000\xa0\n5,000,000\xa0\n- \xa0\n5,000,000\xa0\n5,000,000\xa0\n-\xa0\n\xa0 대여금\n331,716\xa0\n270,216\xa0\n61,500\xa0\n331,716\xa0\n249,716\xa0\n82,000\xa0\n\xa0 보증금\n122,030\xa0\n- \xa0\n122,030\xa0\n60,925\xa0\n- \xa0\n60,925\xa0\n소계\n20,231,660\xa0\n20,048,130\xa0\n183,530\xa0\n20,170,555\xa0\n20,027,630\xa0\n142,925\xa0\n합계\n38,593,072\xa0\n36,179,280\xa0\n2,413,793\xa0\n38,151,081\xa0\n35,485,193\xa0\n2,665,888\xa0\n4-3 당기말과 전기말 현재 장ㆍ단기매출채권및기타채권의 연령 및 각 연령별로 손상된 채권의 금액은 다음과 같습니다. \xa0 \xa0 \xa0 \xa0 \xa0 \xa0 \xa0 \xa0 \xa0 \xa0 \xa0 \xa0 \xa0 \xa0 \xa0 \xa0 \xa0 \xa0 \xa0 \xa0 \xa0 \xa0 \xa0 \xa0 \xa0 \xa0(단위 : 천원)\n구 분\n당 기\n전 기\n채권금액\n손상채권금액\n장부금액\n채권금액\n손상채권금액\n장부금액\n6개월 미만\n1,753,746\xa0\n92,183\xa0\n1,661,563\xa0\n2,105,924\xa0\n114,512\xa0\n1,991,412\xa0\n6개월 ~ 1년\n1,070,461\xa0\n964,763\xa0\n105,698\xa0\n212,267\xa0\n48,865\xa0\n163,402\xa0\n1년 이상\n35,768,866\xa0\n35,122,334\xa0\n646,532\xa0\n35,832,891\xa0\n35,321,816\xa0\n511,075\xa0\n합 계\n38,593,073\xa0\n36,179,280\xa0\n2,413,793\xa0\n38,151,082\xa0\n35,485,193\xa0\n2,665,889\xa0\n5. 재고자산\n5-1 당기말과 전기말 현재 재고자산의 평가내역은 다음과 같습니다. \xa0 \xa0 \xa0 \xa0 \xa0 \xa0 \xa0 \xa0 \xa0 \xa0 \xa0 \xa0 \xa0 \xa0 \xa0 \xa0 \xa0 \xa0 \xa0 \xa0 \xa0 \xa0 \xa0 \xa0 \xa0 \xa0 \xa0 \xa0 \xa0 \xa0 \xa0 \xa0 \xa0 \xa0 \xa0 \xa0 \xa0 \xa0 \xa0 \xa0 \xa0 \xa0 \xa0 \xa0 \xa0 \xa0 \xa0 \xa0 \xa0 \xa0 \xa0(단위 : 천원)\n구 분\n당 기\n전 기\n평가전금액\n평가충당금\n장부가액\n평가전금액\n평가충당금\n장부가액\n상품\n1,849,056\xa0\n(308,411)\n1,540,645\xa0\n1,424,408\xa0\n(327,265)\n1,097,143\xa0\n제품\n1,319,225\xa0\n(657,644)\n661,581\xa0\n1,582,825\xa0\n(662,266)\n928,647\xa0\n재공품\n1,512,357\xa0\n(311,581)\n1,200,776\xa0\n683,169\xa0\n(332,720)\n350,449\xa0\n원재료\n4,148,284\xa0\n(1,883,342)\n2,264,942\xa0\n4,361,067\xa0\n(2,158,314)\n2,202,753\xa0\n부재료\n- \xa0\n- \xa0\n- \xa0\n7,544\xa0\n- \xa0\n7,544\xa0\n미착품\n48,330\xa0\n- \xa0\n48,330\xa0\n241,671\xa0\n- \xa0\n241,671\xa0\n합 계\n8,877,252\xa0\n(3,160,978)\n5,716,274\xa0\n8,300,684\xa0\n(3,480,565)\n4,828,207\xa0\n5-2 당기와 전기 중 비용으로 인식한 재고자산의 금액은 다음과 같습니다. \xa0 \xa0 \xa0 \xa0 \xa0 \xa0 \xa0 \xa0 \xa0 \xa0 \xa0 \xa0 \xa0 \xa0 \xa0 \xa0 \xa0 \xa0 \xa0 \xa0 \xa0 \xa0 \xa0 \xa0 \xa0 \xa0 \xa0 \xa0 \xa0 \xa0 \xa0 \xa0 \xa0 \xa0 \xa0 \xa0 \xa0 \xa0 \xa0 \xa0 \xa0 \xa0 \xa0 \xa0 \xa0 \xa0 \xa0 \xa0 \xa0 \xa0 \xa0(단위 : 천원)\n구 \xa0분\n당 기\n전 기\n\xa0 \xa0 \xa0매출원가 :\n\xa0 \xa0 \xa0 \xa0 판매원가\n14,046,244\n14,015,549\n\xa0 \xa0 \xa0 \xa0 재고자산평가손실(환입)\n(319,588)\n1,536\n합 \xa0 \xa0 계\n13,726,656\n14,017,085\n5-3 당기 및 전기 중 재고자산평가충당금의 변동 내역은 다음과 같습니다.- 당기 \xa0 \xa0 \xa0 \xa0 \xa0 \xa0 \xa0 \xa0 \xa0 \xa0 \xa0 \xa0 \xa0 \xa0 \xa0 \xa0 \xa0 \xa0 \xa0 \xa0 \xa0 \xa0 \xa0 \xa0 \xa0 \xa0 \xa0 \xa0 \xa0 \xa0 \xa0 \xa0 \xa0 \xa0 \xa0 \xa0 \xa0 \xa0 \xa0 \xa0 \xa0 \xa0 \xa0 \xa0 \xa0 \xa0 (단위 : 천원)\n구 분\n기초금액\n처분/폐기\n환입\n평가손실\n기말금액\n상품\n327,265\xa0\n- \xa0\n(27,229)\n8,374\xa0\n308,410\xa0\n제품\n662,266\xa0\n- \xa0\n(162,142)\n157,519\xa0\n657,643\xa0\n재공품\n332,720\xa0\n- \xa0\n(108,759)\n87,620\xa0\n311,581\xa0\n원재료\n2,158,314\xa0\n- \xa0\n(295,568)\n20,596\xa0\n1,883,342\xa0\n합 계\n3,480,565\xa0\n- \xa0\n(593,698)\n274,109\xa0\n3,160,976\xa0\n- 전기 \xa0 \xa0 \xa0 \xa0 \xa0 \xa0 \xa0 \xa0 \xa0 \xa0 \xa0 \xa0 \xa0 \xa0 \xa0 \xa0 \xa0 \xa0 \xa0 \xa0 \xa0 \xa0 \xa0 \xa0 \xa0 \xa0 \xa0 \xa0 \xa0 \xa0 \xa0 \xa0 \xa0 \xa0 \xa0 \xa0 \xa0 \xa0 \xa0 \xa0 \xa0 \xa0 \xa0 \xa0 \xa0 \xa0 (단위 : 천원)\n구 분\n기초금액\n처분/폐기\n환입\n평가손실\n기말금액\n상품\n380,148\xa0\n- \xa0\n(52,883)\n- \xa0\n327,265\xa0\n제품\n648,105\xa0\n(74,778)\n- \xa0\n88,940\xa0\n662,267\xa0\n재공품\n40,862\xa0\n- \xa0\n(104)\n291,963\xa0\n332,721\xa0\n원재료\n2,484,693\xa0\n- \xa0\n(326,379)\n- \xa0\n2,158,314\xa0\n합 계\n3,553,808\xa0\n(74,778)\n(379,366)\n380,903\xa0\n3,480,567\xa0\n6. 기타금융자산\n당기말과 전기말 현재 기타금융자산 내역은 다음과 같습니다.  \xa0 \xa0 \xa0 \xa0 \xa0 \xa0 \xa0 \xa0 \xa0 \xa0 \xa0 \xa0 \xa0 \xa0 \xa0 \xa0 \xa0 \xa0 \xa0 \xa0 \xa0 \xa0 \xa0 \xa0 \xa0 \xa0 \xa0 \xa0 \xa0 \xa0 \xa0 \xa0 \xa0 \xa0 \xa0 \xa0 \xa0 \xa0 \xa0 \xa0 \xa0 \xa0 \xa0 \xa0 \xa0 \xa0 \xa0 \xa0 \xa0 \xa0 \xa0(단위 : 천원)\n구 \xa0분\n당 기\n전 기\n유동\n비유동\n합 계\n유동\n비유동\n합 계\n기타포괄손익-공정가치 측정 금융자산\n-\n25,726\xa0\n25,726\xa0\n-\n25,726\xa0\n25,726\xa0\n단기금융상품\n500,000\xa0\n-\n500,000\xa0\n510,000\xa0\n-\n510,000\xa0\n장기금융상품\n-\n2,000\xa0\n2,000\xa0\n-\n2,000\xa0\n2,000\xa0\n합계\n500,000\xa0\n27,726\xa0\n527,726\xa0\n510,000\xa0\n27,726\xa0\n537,726\xa0\n7. 기타유동자산당기말과 전기말 현재 기타유동자산의 내역은 다음과 같습니다. \xa0 \xa0 \xa0 \xa0 \xa0 \xa0 \xa0 \xa0 \xa0 \xa0 \xa0 \xa0 \xa0 \xa0 \xa0 \xa0 \xa0 \xa0 \xa0 \xa0 \xa0 \xa0 \xa0 \xa0 \xa0 \xa0 \xa0 \xa0 \xa0 \xa0 \xa0 \xa0 \xa0 \xa0 \xa0 \xa0 \xa0 \xa0 \xa0 \xa0 \xa0 \xa0 \xa0 \xa0 \xa0 \xa0 \xa0 \xa0 \xa0 \xa0 \xa0(단위 : 천원)\n구 \xa0분\n당 기\n전 기\n선급금\n1,006,875\n943,342\n(대손충당금)\n(521,221)\n(364,168)\n선급비용\n66,318\n103,531\n부가세대급금\n42,383\n30,842\n당기법인세자산\n932\n6,036\n합 \xa0계\n595,287\n719,583\n8. 종속기업 및 관계기업 투자8-1 당기말과 전기말 현재 종속기업투자의 내역은 다음과 같습니다. \xa0 \xa0 \xa0 \xa0 \xa0 \xa0 \xa0 \xa0 \xa0 \xa0 \xa0 \xa0 \xa0 \xa0 \xa0 \xa0 \xa0 \xa0 \xa0 \xa0 \xa0 \xa0 \xa0 \xa0 \xa0 \xa0 \xa0 \xa0 \xa0 \xa0 \xa0 \xa0 \xa0 \xa0 \xa0 \xa0 \xa0 \xa0 \xa0 \xa0 \xa0 \xa0 \xa0 \xa0 \xa0 \xa0 \xa0 \xa0 \xa0 \xa0 (단위 : 천원)\n종속기업명\n소재지\n주요 영업활동\n지분율\n취득원가\n장부금액\n당기\n전 기\n당기\n전 기\nJinan Qingqi KR Motorcycle Co.,Ltd.(*1)\n중국\n이륜차 제조,판매\n50%\n19,197,410\xa0\n19,197,410\xa0\n\xa0 \xa08,332,926\n13,522,228\xa0\nKRM America,Inc.(*2)\n미국\n이륜차 판매\n100%\n980,755\xa0\n980,755\xa0\n-\xa0\n-\xa0\n케이알트레이딩(주)\n한국\n이륜차수입판매\n100%\n10,000\xa0\n10,000\xa0\n10,000\xa0\n10,000\xa0\n합 \xa0계\n20,188,165\xa0\n20,188,165\xa0\n\xa0 8,342,926\xa0\n13,532,228\xa0\n(*1) 회사의 지분율은 50%이나 동사회 구성원의 과반수 이상을 임명할 수 있는 권한을 보유하고 있으며, 기타 제반 조건 등으로 볼 때 실질적 지배력이 있다고 판단하였습니다. 한편, 당기 중 손상징후가 확인되어 5,189,301천원(누적 손상차손 : 10,864,484천원)을 손상처리하였습니다.\n(*2) KRM America,lnc.는 배당 또는 처분 등으로 회수할 수 있는 금액이 없다고 보아 전기이전에 전액 손상처리 하였습니다.\n8-2 당기말과 전기말 현재 관계기업투자의 내역은 다음과 같습니다. \xa0 \xa0 \xa0 \xa0 \xa0 \xa0 \xa0 \xa0 \xa0 \xa0 \xa0 \xa0 \xa0 \xa0 \xa0 \xa0 \xa0 \xa0 \xa0 \xa0 \xa0 \xa0 \xa0 \xa0 \xa0 \xa0 \xa0 \xa0 \xa0 \xa0 \xa0 \xa0 \xa0 \xa0 \xa0 \xa0 \xa0 \xa0 \xa0 \xa0 \xa0 \xa0 \xa0 \xa0 \xa0 \xa0 \xa0 \xa0 \xa0 \xa0 (단위 : 천원)\n관계기업명\n소재지\n주요 영업활동\n소유지분율(%)\n취득원가\n장부금액\n당기\n전 기\n중경은상효성마탁차유한공사(*1)\xa0\n중국\n이륜차부품생산\n50.00\xa0\n3,664,247\xa0\n-\xa0\n-\xa0\n주식회사 엘브이엠씨그린에너지(*1)\n한국\n에너지 사업\n27.27\xa0\n30,000\xa0\n-\xa0\n-\xa0\n㈜그린모빌리티(*1,2)\n한국\n전기이륜차 개발\n47.40\xa0\n2,135,983\xa0\n-\xa0\n-\xa0\n합 \xa0계\n5,830,230\xa0\n-\xa0\n-\xa0\n(*1) 회사는 전기 이전에 전액 손상차손을 인식하였습니다. (*2) 회사는 당기말 현재 그린모빌리티 지분을 매각하기로 결정하여, 매각예정자산으로 구분하였습니다.\xa0\n9. 유형자산9-1 당기 및 전기 중 유형자산의 변동내역은 다음과 같습니다.- 당기 \xa0 \xa0 \xa0 \xa0 \xa0 \xa0 \xa0 \xa0 \xa0 \xa0 \xa0 \xa0 \xa0 \xa0 \xa0 \xa0 \xa0 \xa0 \xa0 \xa0 \xa0 \xa0 \xa0 \xa0 \xa0 \xa0 \xa0 \xa0 \xa0 \xa0 \xa0 \xa0 \xa0 \xa0 \xa0 \xa0 \xa0 \xa0 \xa0 \xa0 \xa0 \xa0 \xa0 \xa0(단위 : 천원)\n구 \xa0분\xa0\n토지\xa0\n건물\xa0\n구축물\xa0\n기계장치\xa0\n차량운반구\xa0\n건설중인자산\n기타\xa0\n합 계\xa0\n기초장부가액\n65,580,616\xa0\n3,267,855\xa0\n169,116\xa0\n88,716\xa0\n24\xa0\n\xa0 \xa0 \xa0 \xa0 \xa0 -\xa0\n15,275\xa0\n69,121,602\xa0\n취득\n\xa0 \xa0 \xa0 \xa0 \xa0 \xa0 \xa0 \xa0 \xa0 -\xa0\n\xa0 \xa0 \xa0 \xa0 -\xa0\n\xa0 \xa0 \xa0 \xa0-\xa0\n-\xa0\n\xa0 \xa0 \xa0-\xa0\n\xa0 \xa0 \xa0-\xa0\n26,806\xa0\n\xa026,806\xa0\n처분\n\xa0 \xa0 \xa0 \xa0 \xa0 \xa0 \xa0 \xa0 \xa0 -\xa0\n\xa0 \xa0 \xa0 \xa0 -\xa0\n\xa0 \xa0 \xa0 \xa0-\xa0\n-\xa0\n(2)\n\xa0 \xa0 \xa0 -\xa0\n(15)\n(17)\n재평가\n\xa04,275,109\xa0\n\xa0 \xa0 -\xa0\n\xa0 \xa0 \xa0 \xa0 -\xa0\n\xa0 \xa0-\xa0\n\xa0 \xa0 -\xa0\n\xa0 \xa0 \xa0 \xa0 -\xa0\n\xa0 \xa0 \xa0 \xa0 \xa0 \xa0-\xa0\n\xa0 \xa0 4,275,109\xa0\n손상\n\xa0 \xa0 \xa0 \xa0 \xa0 \xa0 \xa0 \xa0 \xa0 -\xa0\n(474,119)\n\xa0 \xa0 \xa0 \xa0 -\xa0\n(67,756)\n(22)\n\xa0 \xa0 \xa0-\xa0\n(33,976)\n(575,873)\n감가상각비\n\xa0 \xa0 \xa0 \xa0 \xa0 \xa0 \xa0 \xa0 \xa0 -\xa0\n(166,910)\n(17,192)\n(20,959)\n\xa0 \xa0 \xa0 \xa0 \xa0 \xa0-\xa0\n\xa0 \xa0 \xa0 \xa0 \xa0 -\xa0\n(8,090)\n(213,152)\n기말순장부가액\n69,855,725\xa0\n2,626,826\xa0\n\xa0 \xa0151,924\xa0\n\xa0 \xa0 \xa0 \xa0-\xa0\n\xa0 \xa0-\xa0\n\xa0 \xa0 \xa0 \xa0 -\xa0\n\xa0 \xa0-\xa0\n72,634,475\xa0\n기말장부가액\n\xa0 \xa0 \xa0 \xa0 -\xa0\n\xa0-\xa0\n\xa0-\xa0\n\xa0 \xa0 \xa0 \xa0 \xa0-\xa0\n\xa0 \xa0 \xa0 \xa0 -\xa0\n\xa0-\xa0\n\xa0-\xa0\n\xa0 \xa0 \xa0 \xa0 \xa0-\xa0\n취득원가\n69,855,725\xa0\n7,035,585\xa0\n1,223,188\xa0\n5,378,173\xa0\n161,823\xa0\n\xa0 \xa0 \xa0 -\xa0\n2,140,782\xa0\n85,795,276\xa0\n감가상각누계액\n\xa0 \xa0 \xa0 \xa0 \xa0 \xa0 \xa0 \xa0 \xa0 -\xa0\n(3,934,640)\n(812,997)\n(4,211,656)\n(161,801)\n\xa0 \xa0 \xa0 \xa0 -\xa0\n(2,059,173)\n(11,180,267)\n손상차손누계액\n\xa0 \xa0 \xa0 \xa0 \xa0 \xa0 \xa0 \xa0 \xa0 -\xa0\n(474,119)\n\xa0(258,268)\n(1,166,517)\n(22)\n\xa0 \xa0 \xa0 \xa0 -\xa0\n(81,609)\n(1,980,535)\n순장부가액\n69,855,725\xa0\n2,626,826\xa0\n\xa0151,923\xa0\n\xa0 \xa0 -\xa0\n\xa0 \xa0 \xa0-\xa0\n\xa0 \xa0 \xa0 \xa0 -\xa0\n\xa0 \xa0 \xa0 \xa0 \xa0-\xa0\n72,634,475\n- 전기 \xa0 \xa0 \xa0 \xa0 \xa0 \xa0 \xa0 \xa0 \xa0 \xa0 \xa0 \xa0 \xa0 \xa0 \xa0 \xa0 \xa0 \xa0 \xa0 \xa0 \xa0 \xa0 \xa0 \xa0 \xa0 \xa0 \xa0 \xa0 \xa0 \xa0 \xa0 \xa0 \xa0 \xa0 \xa0 \xa0 \xa0 \xa0 \xa0 \xa0 \xa0 \xa0 \xa0 \xa0 \xa0(단위 : 천원)\n구 \xa0분\xa0\n토지\xa0\n건물\xa0\n구축물\xa0\n기계장치\xa0\n차량운반구\xa0\n건설중인자산\n기타\xa0\n합 계\xa0\n기초장부가액\n61,517,648\n3,434,765\n186,308\n90,802\n19,298\n3,368\n22,787\n65,274,976\n취득\n-\n-\n-\n\xa07,700\n-\n162,213\n-\n169,913\n처분\n-\n-\n-\n-\n\xa0(11,244)\n-\n-\n(11,244)\n대체\n-\n-\n-\n11,394\n-\n(165,581)\n-\n(154,187)\n재평가\n\xa04,062,968\n-\n-\n-\n-\n-\n-\n\xa04,062,968\n감가상각비\n-\n(166,910)\n(17,192)\n(21,180)\n(8,030)\n-\n(7,512)\n(220,824)\n기말순장부가액\n65,580,616\n3,267,855\n169,116\n88,716\n24\n-\n15,275\n69,121,602\n기말장부가액\n-\n-\n-\n-\n-\n-\n-\n-\n취득원가\n65,594,558\n7,035,585\n1,223,188\n5,378,173\n185,604\n-\n2,176,404\n81,593,512\n감가상각누계액\n-\n(3,767,730)\n(795,804)\n(4,190,694)\n(185,580)\n-\n(2,113,495)\n(11,053,305)\n손상차손누계액\n(13,942)\n-\n(258,268)\n(1,098,761)\n-\n-\n(47,633)\n(1,418,604)\n순장부가액\n65,580,616\n3,267,855\n169,116\n88,716\n24\n-\n15,276\n69,121,603\n9-2 회사는 토지의 인식시점 이후 가액을 재평가모형을 적용하여 주기적으로 평가하고 있습니다. \xa0 \xa0 \xa0 \xa0 \xa0 \xa0 \xa0 \xa0 \xa0 \xa0 \xa0 \xa0 \xa0 \xa0 \xa0 \xa0 \xa0 \xa0 \xa0 \xa0 \xa0 \xa0 \xa0 \xa0 \xa0 \xa0 \xa0 \xa0 \xa0 \xa0 \xa0 \xa0 \xa0 \xa0 \xa0 \xa0 \xa0 \xa0 \xa0 \xa0 (단위 : 천원)\n구 분\n재평가기준일\n재평가금액(장부금액)\n원가모형적용 장부금액\n재평가차익\n토지\n2022년 12월 31일\n69,855,725\n43,897,121\n25,958,604\n(1) 공정가치평가기법\n토지의 공정가치는 거래사례비교법을 사용했습니다. 이 가치평가기법에서 가장 유의적인 투입변수는 1평방미터당 가격입니다. 근접한 곳의 비교가능한 토지의 면적당 실제 매매가격과 공시지가를 기초로 산정됐으며, 비교대상 토지와 평가대상 토지의 위치, 형상, 환경, 이용상황, 기타 가치형성요인 등 차이를 고려하여 공정가치를 평가하였습니다.\n(2) 회사의 가치평가과정\n회사는 토지의 공정가치를 결정하기 위하여 외부의 독립된 자격이 있는 감정평가전문가의 평가보고서를 이용하였습니다. 회사의 재무담당임원은 독립된 평가보고서의 가정과 가치변동이 합리적인지를 검토하고 이사회 및 감사에 직접 보고하고 있습니다.\n(3) 재평가관련 기타포괄손익의 변동 \xa0 \xa0 \xa0 \xa0 \xa0 \xa0 \xa0 \xa0 \xa0 \xa0 \xa0 \xa0 \xa0 \xa0 \xa0 \xa0 \xa0 \xa0 \xa0 \xa0 \xa0 \xa0 \xa0 \xa0 \xa0 \xa0 \xa0 \xa0 \xa0 \xa0 \xa0 \xa0 \xa0 \xa0 \xa0 \xa0 \xa0 \xa0 \xa0 \xa0 \xa0 \xa0 \xa0 \xa0 \xa0 \xa0 \xa0 \xa0 \xa0 \xa0 \xa0(단위 : 천원)\n구분\n기초\n재평가로인한\n증가\n재평가로인한\n\xa0감소\n기말\n기타포괄손익\n17,817,854\xa0\n\xa0 \xa0 \xa0 4,275,109\xa0\n\xa0 \xa0 \xa0 \xa0 \xa0 \xa0 \xa0 \xa0 \xa0 -\xa0\n\xa0 \xa0 \xa022,092,963\xa0\n토지\n65,594,558\xa0\n\xa0 \xa0 \xa0 4,261,167\xa0\n\xa0 \xa0 \xa0 \xa0 \xa0 \xa0 \xa0 \xa0 \xa0 -\xa0\n\xa0 \xa0 \xa069,855,725\xa0\n법인세효과\n904,853\xa0\n\xa0 \xa0 \xa0 \xa0 \xa0 \xa0 \xa0 \xa0 \xa0 -\xa0\n\xa0 \xa0 \xa0 \xa0 \xa0680,799\xa0\n\xa0 \xa0 \xa0 1,585,652\xa0\n법인세효과 차감후 기타포괄손익\n16,913,001\xa0\n\xa0 \xa0 \xa0 \xa0 \xa0 \xa0 \xa0 \xa0 \xa0 -\xa0\n\xa0 \xa0 \xa0 \xa0 \xa0 \xa0 \xa0 \xa0 \xa0 -\xa0\n\xa0 \xa0 \xa020,507,311\xa0\n10. 무형자산\n10-1 당기 및 전기 중 무형자산의 변동내역은 다음과 같습니다.- 당기 \xa0 \xa0 \xa0 \xa0 \xa0 \xa0 \xa0 \xa0 \xa0 \xa0 \xa0 \xa0 \xa0 \xa0 \xa0 \xa0 \xa0 \xa0 \xa0 \xa0 \xa0 \xa0 \xa0 \xa0 \xa0 \xa0 \xa0 \xa0 \xa0 \xa0 \xa0 \xa0 \xa0 \xa0 \xa0 \xa0 \xa0 \xa0 \xa0 \xa0 \xa0 \xa0 \xa0 \xa0 (단위 : 천원)\n구 \xa0분\n산업재산권\n개발비\n기타의무형자산\n합 계\n기초금액\n\xa0 \xa0 \xa0 \xa0 \xa0 \xa0 \xa0 \xa0985\xa0\n\xa0 \xa0 \xa0 \xa0 \xa0 377,601\xa0\n\xa0 \xa0 \xa0 \xa0 \xa0 \xa0 73,281\xa0\n\xa0 \xa0 \xa0 \xa0 \xa0 451,867\xa0\n취득\n\xa0 \xa0 \xa0 \xa0 \xa0 \xa0 \xa0 \xa0 \xa0 -\xa0\n\xa0 \xa0 \xa0 \xa0 \xa0 \xa0 \xa0 \xa0 \xa0 -\xa0\n\xa0 \xa0 \xa0 \xa0 \xa0 \xa0 \xa08,470\xa0\n-\xa0\n사업결합\n\xa0 \xa0 \xa0 \xa0 \xa0 \xa0 \xa0 \xa0 \xa0 -\xa0\n\xa0 \xa0 \xa0 \xa0 \xa0 \xa0 \xa0 \xa0 \xa0 -\xa0\n\xa0 \xa0 \xa0 \xa0 \xa0 \xa0 \xa0 \xa0 \xa0 -\xa0\n\xa0 \xa0 \xa0 \xa0 \xa0 \xa0 \xa0 \xa0 \xa0 -\xa0\n대체\n\xa0 \xa0 \xa0 \xa0 \xa0 \xa0 \xa0 \xa0 \xa0 -\xa0\n\xa0 \xa0 \xa0 \xa0 \xa0 \xa0 \xa0 \xa0 \xa0 -\xa0\n\xa0 \xa0 \xa0 \xa0 \xa0 \xa0 \xa0 \xa0 \xa0 -\xa0\n\xa0 \xa0 \xa0 \xa0 \xa0 \xa0 \xa0 \xa0 \xa0 -\xa0\n상각비\n(768)\n(75,520)\n(76,400)\n(99,188)\n손상차손\n(217)\n(302,081)\n(58,851)\n(361,149)\n국고보조금\n\xa0 \xa0 \xa0 \xa0 \xa0 \xa0 \xa0 \xa0 \xa0 -\xa0\n\xa0 \xa0 \xa0 \xa0 \xa0 \xa0 \xa0 \xa0 \xa0 -\xa0\n53,500\xa0\n- \xa0\n손상차손\n\xa0 \xa0 \xa0 \xa0 \xa0 \xa0 \xa0 \xa0 \xa0 -\xa0\n\xa0 \xa0 \xa0 \xa0 \xa0 \xa0 \xa0 \xa0 \xa0 -\xa0\n\xa0 \xa0 \xa0 \xa0 \xa0 \xa0 \xa0 \xa0 \xa0 -\xa0\n- \xa0\n장부가액\n- \xa0\n- \xa0\n- \xa0\n- \xa0\n-\xa0전기\xa0\xa0 \xa0 \xa0 \xa0 \xa0 \xa0 \xa0 \xa0 \xa0 \xa0 \xa0 \xa0 \xa0 \xa0 \xa0 \xa0 \xa0 \xa0 \xa0 \xa0 \xa0 \xa0 \xa0 \xa0 \xa0 \xa0 \xa0 \xa0 \xa0 \xa0 \xa0 \xa0 \xa0 \xa0 \xa0 \xa0 \xa0 \xa0 \xa0 \xa0 \xa0 \xa0 \xa0 \xa0 (단위 : 천원)\r\n구 \xa0분\n산업재산권\n개발비\n기타의무형자산\n합 계\n기초금액\n\xa0 \xa0 \xa0 \xa0 \xa0 \xa0 \xa04,594\xa0\n\xa0 \xa0 \xa0 \xa0 \xa0 \xa0 \xa0 \xa0 \xa0 -\xa0\n\xa0 \xa0 \xa0 \xa0 \xa0 \xa0 \xa0 \xa0 \xa0 4\xa0\n4,598\xa0\n취득\n\xa0 \xa0 \xa0 \xa0 \xa0 \xa0 \xa0 \xa0 \xa0 -\xa0\n\xa0 \xa0 \xa0 \xa0 \xa0 216,168\xa0\n\xa0 \xa0 \xa0 \xa0 \xa0 \xa0 \xa0 \xa0 \xa0 -\xa0\n216,168\xa0\n사업결합\n\xa0 \xa0 \xa0 \xa0 \xa0 \xa0 \xa0 \xa0 \xa0 -\xa0\n\xa0 \xa0 \xa0 \xa0 \xa0 792,046\xa0\n\xa0 \xa0 \xa0 \xa0 \xa0 \xa0 \xa0 \xa0 \xa0 -\xa0\n792,046\xa0\n대체\n\xa0 \xa0 \xa0 \xa0 \xa0 \xa0 \xa0 \xa0 \xa0 -\xa0\n\xa0 \xa0 \xa0 \xa0 \xa0 \xa0 \xa0 \xa0 \xa0 -\xa0\n\xa0 \xa0 \xa0 \xa0 \xa0 154,187\xa0\n154,187\xa0\n상각비\n(3,609)\n\xa0 \xa0 \xa0 \xa0 \xa0 \xa0 \xa0 \xa0 \xa0 -\xa0\n(20,910)\n(24,519)\n국고보조금\n\u3000-\xa0\n\u3000-\xa0\n(60,000)\n(60,000)\n손상차손\n\xa0 \xa0 \xa0 \xa0 \xa0 \xa0 \xa0 \xa0 \xa0 -\xa0\n(630,613)\n\xa0 \xa0 \xa0 \xa0 \xa0 \xa0 \xa0 \xa0 \xa0 -\xa0\n(630,613)\n장부가액\n\xa0 \xa0 \xa0 \xa0 \xa0 \xa0 \xa0 \xa0985\xa0\n\xa0 \xa0 \xa0 \xa0 \xa0 377,601\xa0\n\xa0 \xa0 \xa0 \xa0 \xa0 \xa0 73,281\xa0\n\xa0 \xa0 \xa0 \xa0 \xa0 451,867\xa0\n10-2 연구개발비당기와 전기 중 연결회사의 연구개발비의 내역은 다음과 같습니다. \xa0 \xa0 \xa0 \xa0 \xa0 \xa0 \xa0 \xa0 \xa0 \xa0 \xa0 \xa0 \xa0 \xa0 \xa0 \xa0 \xa0 \xa0 \xa0 \xa0 \xa0 \xa0 \xa0 \xa0 \xa0 \xa0 \xa0 \xa0 \xa0 \xa0 \xa0 \xa0 \xa0 \xa0 \xa0 \xa0 \xa0 \xa0 \xa0 \xa0 \xa0 \xa0 \xa0 \xa0 \xa0 \xa0 \xa0 \xa0 \xa0 \xa0 (단위 : 천원)\xa0\n구 \xa0분\n당 \xa0기\n전 \xa0기\n\xa0 \xa0무형자산(개발비)\n8\xa0\n1,008\xa0\n\xa0 \xa0판매비와관리비\n123,500\xa0\n120,957\xa0\n\xa0 \xa0제조원가\n- \xa0\n- \xa0\n합 \xa0계\n123,508\xa0\n121,965\xa0\n11. 사용권자산11-1 당기 및 전기 중 사용권자산의 변동내역은 다음과 같습니다.- 당기 \xa0 \xa0 \xa0 \xa0 \xa0 \xa0 \xa0 \xa0 \xa0 \xa0 \xa0 \xa0 \xa0 \xa0 \xa0 \xa0 \xa0 \xa0 \xa0 \xa0 \xa0 \xa0 \xa0 \xa0 \xa0 \xa0 \xa0 \xa0 \xa0 \xa0 \xa0 \xa0 \xa0 \xa0 \xa0 \xa0 \xa0 \xa0 \xa0 \xa0 \xa0 \xa0 \xa0 \xa0 (단위 : 천원)\n구분\n건물\n차량운반구\n합 계\n\xa0 기초가액\n\xa0 \xa0 \xa0 \xa0 \xa0 \xa0 \xa0 \xa0988\xa0\n\xa0 \xa0 \xa0 \xa0 \xa0 151,165\xa0\n152,153\xa0\n\xa0 증가\n\xa0 \xa0 \xa0 \xa0 \xa0 \xa0 46,310\xa0\n\xa0 \xa0 \xa0 \xa0 \xa0 \xa0 18,768\xa0\n65,078\xa0\n\xa0 감소\n(715)\n-\n(715)\n\xa0 사용권자산상각비\n(20,331)\n(62,500)\n(82,831)\n\xa0손상\n(26,252)\n(107,433)\n(133,685)\n\xa0 기말가액\n\xa0 \xa0 \xa0 \xa0 \xa0 \xa0 \xa0 \xa0 \xa0 -\xa0\n\xa0 \xa0 \xa0 \xa0 \xa0 \xa0 \xa0 \xa0 \xa0 -\xa0\n\xa0 \xa0 \xa0 \xa0 \xa0 \xa0 \xa0 \xa0 \xa0 -\xa0\n- 전기 \xa0 \xa0 \xa0 \xa0 \xa0 \xa0 \xa0 \xa0 \xa0 \xa0 \xa0 \xa0 \xa0 \xa0 \xa0 \xa0 \xa0 \xa0 \xa0 \xa0 \xa0 \xa0 \xa0 \xa0 \xa0 \xa0 \xa0 \xa0 \xa0 \xa0 \xa0 \xa0 \xa0 \xa0 \xa0 \xa0 \xa0 \xa0 \xa0 \xa0 \xa0 \xa0 \xa0 \xa0 (단위 : 천원)\n구분\n건물\n차량운반구\n합 계\n\xa0 기초가액\n\xa0 \xa0 \xa0 \xa0 \xa0 \xa0 27,467\xa0\n\xa0 \xa0 \xa0 \xa0 \xa0 183,548\xa0\n211,015\xa0\n\xa0 증가\n\xa0 \xa0 \xa0 \xa0 \xa0 \xa0 \xa0 \xa0 \xa0 -\xa0\n\xa0 \xa0 \xa0 \xa0 \xa0 \xa0 62,298\xa0\n62,298\xa0\n\xa0 감소\n(14,619)\n(40,299)\n(54,918)\n\xa0 사용권자산상각비\n(10,872)\n(60,865)\n(71,737)\n\xa0 기말가액\n\xa0 \xa0 \xa0 \xa0 \xa0 \xa0 \xa01,975\xa0\n\xa0 \xa0 \xa0 \xa0 \xa0 150,177\xa0\n\xa0 \xa0 \xa0 \xa0 \xa0 152,152\xa0\n11-2 당기 및 전기 중 리스부채의 변동 내역은 다음과 같습니다.- 당기 \xa0 \xa0 \xa0 \xa0 \xa0 \xa0 \xa0 \xa0 \xa0 \xa0 \xa0 \xa0 \xa0 \xa0 \xa0 \xa0 \xa0 \xa0 \xa0 \xa0 \xa0 \xa0 \xa0 \xa0 \xa0 \xa0 \xa0 \xa0 \xa0 \xa0 \xa0 \xa0 \xa0 \xa0 \xa0 \xa0 \xa0 \xa0 \xa0 \xa0 \xa0 \xa0 \xa0 \xa0 \xa0 (단위 : 천원)\n구분\n기초\n증가\n감소\n기말\n유동\n비유동\n리스부채\n\xa0 \xa0159,695\xa0\n65,078\n(83,143)\n141,630\xa0\n70,448\n\xa0 \xa0 \xa0 71,182\xa0\n- 전기 \xa0 \xa0 \xa0 \xa0 \xa0 \xa0 \xa0 \xa0 \xa0 \xa0 \xa0 \xa0 \xa0 \xa0 \xa0 \xa0 \xa0 \xa0 \xa0 \xa0 \xa0 \xa0 \xa0 \xa0 \xa0 \xa0 \xa0 \xa0 \xa0 \xa0 \xa0 \xa0 \xa0 \xa0 \xa0 \xa0 \xa0 \xa0 \xa0 \xa0 \xa0 \xa0 \xa0 \xa0 (단위 : 천원)\n구분\n기초\n증가\n감소\n기말\n유동\n비유동\n리스부채\n215,454\xa0\n69,956\xa0\n(125,714)\n159,696\xa0\n64,125\xa0\n\xa095,571\xa0\n11-3 당기 및 전기 중 리스와 관련하여 발행한 비용의 내역은 다음과 같습니다. \xa0 \xa0 \xa0 \xa0 \xa0 \xa0 \xa0 \xa0 \xa0 \xa0 \xa0 \xa0 \xa0 \xa0 \xa0 \xa0 \xa0 \xa0 \xa0 \xa0 \xa0 \xa0 \xa0 \xa0 \xa0 \xa0 \xa0 \xa0 \xa0 \xa0 \xa0 \xa0 \xa0 \xa0 \xa0 \xa0 \xa0 \xa0 \xa0 \xa0 \xa0 \xa0 \xa0 \xa0 \xa0 \xa0 \xa0 \xa0 \xa0 \xa0 (단위 : 천원)\n구 \xa0분\n당기\n전기\n\xa0 사용권자산 상각비\n82,832\xa0\n71,736\xa0\n\xa0 리스부채 이자비용\n11,854\xa0\n14,982\xa0\n\xa0 소액자산리스 관련비용\n14,410\xa0\n25,025\xa0\n합 계\n109,096\xa0\n111,743\xa0\n당기 중 리스와 관련하여 총유출된 현금은 120,546천원입니다.\n12. 담보제공자산 및 지급보증(특수관계자거래 제외)\n12-1 당기말 현재 회사의 채무를 위하여 담보로 제공되어 있는 자산의 내용은 다음과 같습니다. \xa0 \xa0 \xa0 \xa0 \xa0 \xa0 \xa0 \xa0 \xa0 \xa0 \xa0 \xa0 \xa0 \xa0 \xa0 \xa0 \xa0 \xa0 \xa0 \xa0 \xa0 \xa0 \xa0 \xa0 \xa0 \xa0 \xa0 \xa0 \xa0 \xa0 \xa0 \xa0 \xa0 \xa0 \xa0 \xa0 \xa0 \xa0 \xa0 \xa0 \xa0 \xa0 \xa0 \xa0 \xa0 \xa0 \xa0 \xa0 \xa0 \xa0 \xa0 \xa0 \xa0 \xa0 \xa0 \xa0 \xa0 \xa0 \xa0 \xa0 \xa0 \xa0 \xa0 \xa0 \xa0 \xa0 \xa0 \xa0 \xa0 \xa0 \xa0 \xa0 \xa0 \xa0 \xa0 \xa0 \xa0 \xa0 \xa0 \xa0 \xa0 \xa0 \xa0 \xa0 \xa0 \xa0 \xa0 \xa0 \xa0 \xa0 \xa0 (단위 : 천원)\n제 공 처\n담보제공자산\n채권최고액\n제공사유\n시너지 그린뉴딜 제1호 신기술사업투자조합\n토지, 건물\n42,000,000\n차입금담보\n회사는 ""시너지 그린뉴딜 제1호 신기술사업투자조합""에 발행한 전환사채 및 (주)대구은행의 지급보증과 관련하여 토지 및 건물에 대하여 제1순위 우선수익자를 ""시너지 그린뉴딜 제1호 신기술사업투자조합"" 및 제2순위 우선수익자로 (주)대구은행을 지정하는 부동산담보신탁계약을 체결하고 있습니다.\n12-2 당기말 현재 회사의 채무 등을 위하여 타인(특수관계자 제외)으로부터 제공받고 있는 지급보증의 내역은 다음과 같습니다. \xa0 \xa0 \xa0 \xa0 \xa0 \xa0 \xa0 \xa0 \xa0 \xa0 \xa0 \xa0 \xa0 \xa0 \xa0 \xa0 \xa0 \xa0 \xa0 \xa0 \xa0 \xa0 \xa0 \xa0 \xa0 \xa0 \xa0 \xa0 \xa0 \xa0 \xa0 \xa0 \xa0 \xa0 \xa0 \xa0 \xa0 \xa0 \xa0 \xa0 \xa0 \xa0 \xa0 \xa0 \xa0 \xa0 \xa0 \xa0 \xa0 \xa0 \xa0 \xa0 \xa0 \xa0 \xa0 \xa0 \xa0 \xa0(단위 : 천원)\n제공자\n제공처\n금 액\n비 고\n서울보증보험(주)\n조달청 외\n129,256\n\xa0계약이행보증\n13. 보험가입 내용당기말 현재 회사가 보험가입 내용은 다음과 같습니다. \xa0 \xa0 \xa0 \xa0 \xa0 \xa0 \xa0 \xa0 \xa0 \xa0 \xa0 \xa0 \xa0 \xa0 \xa0 \xa0 \xa0 \xa0 \xa0 \xa0 \xa0 \xa0 \xa0 \xa0 \xa0 \xa0 \xa0 \xa0 \xa0 \xa0 \xa0 \xa0 \xa0 \xa0 \xa0 \xa0 \xa0 \xa0 \xa0 \xa0 \xa0 \xa0 \xa0 \xa0 \xa0 \xa0 \xa0 \xa0 \xa0 \xa0 \xa0 (단위 : 천원)\n보험종류\n보험가입자산\n부보금액\n비 \xa0고\n\xa0 화재보험\n유형자산\n9,527,937\xa0\n엠지손해보험(주) 외\n회사는 상기 보험 이외에 판매제품에 대한 제조물 배상책임보험(보험가입금액 : 유럽EUR 1,000,000, 호주&뉴질랜드 USD 400,000 북,남미 USD 2,000,000, 호주 USD 400,000, 국내 2,000백만원)을 엠지손해보험㈜에 가입하고 있습니다. 또한 종업원을위한 상해보험, 가스배상보험과차량운반구에 대한 종합보험 및 임원배상책임보험에 가입하고 있습니다. 한편, 상기 화재보험은 시너지 그린뉴딜 제1호 신기술사업투자조합에 질권이 설정되어 있습니다.\n14. 장ㆍ단기매입채무및기타채무\n당기말과 전기말 현재 장ㆍ단기매입채무및기타채무의 내역은 다음과 같습니다. \xa0 \xa0 \xa0 \xa0 \xa0 \xa0 \xa0 \xa0 \xa0 \xa0 \xa0 \xa0 \xa0 \xa0 \xa0 \xa0 \xa0 \xa0 \xa0 \xa0 \xa0 \xa0 \xa0 \xa0 \xa0 \xa0 \xa0 \xa0 \xa0 \xa0 \xa0 \xa0 \xa0 \xa0 \xa0 \xa0 \xa0 \xa0 \xa0 \xa0 \xa0 \xa0 \xa0 \xa0 \xa0 \xa0 \xa0 \xa0 \xa0 \xa0 \xa0(단위 : 천원)\n구 분\n당 기\n전 기\n유동\n비유동\n합 계\n유동\n비유동\n합 계\n\xa0매입채무\n2,993,791\xa0\n-\n2,993,791\xa0\n2,878,460\xa0\n-\n2,878,460\xa0\n\xa0미지급금\n951,689\xa0\n-\n951,689\xa0\n1,160,729\xa0\n-\n1,160,729\xa0\n\xa0미지급비용\n1,367,441\xa0\n53,072\xa0\n1,420,513\xa0\n1,377,702\xa0\n65,425\xa0\n1,443,127\xa0\n\xa0예수보증금\n-\n360,461\xa0\n360,461\xa0\n-\n362,461\xa0\n362,461\xa0\n합 계\n5,312,921\xa0\n413,533\xa0\n5,726,454\xa0\n5,416,891\xa0\n427,886\xa0\n5,844,777\xa0\n15. 차입금\n\xa015-1 당기말과 전기말 현재 단기차입금의 내용은 다음과 같습니다.\n\xa0 \xa0 \xa0 \xa0 \xa0 \xa0 \xa0 \xa0 \xa0 \xa0 \xa0 \xa0 \xa0 \xa0 \xa0 \xa0 \xa0 \xa0 \xa0 \xa0 \xa0 \xa0 \xa0 \xa0 \xa0 \xa0 \xa0 \xa0 \xa0 \xa0 \xa0 \xa0 \xa0 \xa0 \xa0 \xa0 \xa0 \xa0 \xa0 \xa0 \xa0 \xa0 \xa0 \xa0 \xa0 \xa0 \xa0 \xa0 \xa0 \xa0 \xa0(단위 : 천원)\n차입처\n내 \xa0역\n이자율(%)\n당 \xa0기\n전 기\n엘브이엠씨홀딩스(주)\n운영자금\n4.6\n8,681,005\n652,025\n주주\n운영자금\n4.6\n2,000,000\n2,900,000\n대표이사\n운영자금\n4.6\n175,000\n-\n합 \xa0계\n10,856,005\n3,552,025\n당기말 현재 회사는 상기 차입금이외 신용장개설과 관련하여 대구은행과 대출한도약정 USD 720,000을 체결하고 있습니다.15-2 전환사채\n1) 당기말 현재 전환사채의 발행 내역은 다음과 같습니다.\n사채의 명칭\n제51회 무기명식 이권부 무보증 사모 전환사채\n액면금액\n35,000,000천원\n발행가액\n사채의 권면액의 100%(35,000,000천원)\n발행일자\n2020년 12월 23일\n만기일자\n2024년 12월 23일\n표면이자율\n3.0%\n보장수익률\n5.0%\n상환방법\n1. 조기상환 : 투자자의 요청에 의하여 발행 후 2년이 되는 날 이후부터 만기일까지 가능하며 조기상환기간별 조기상환수익율에 따라 상환\n2. 만기상환 : 권면금액의 만기보장수익률 108.7955%에 해당하는 금액을 일시 상환\n3. 매도청구권 : 발행회사 및 발행회사가 지정하는 자는 2021년 12월 24일부터 2024년 11월 24일까지 매 1개월에 해당하는 날에 사채권자가 보유하고 있는 사채의 일부를 매도하여 줄 것을 청구할 수 있음. \xa0매매가액은 각 매매대금 지급기일에 따라 전자등록금액의 106.3635% ~ 110.5947%로 하며, 사채 전자등록 금액의 총 30%까지 청구할 수 있음.\n전환시 발행할 주식의 종류 및 주식수\n기명식 보통주식수 62,056,737주\n전환청구기간\n2021년 12월23일부터 2024년 11월 23일까지\n전환가격\n564원\n2) 당기말 현재 회사의 전환사채의 내역은 다음과 같습니다.\xa0\n\xa0 \xa0 \xa0 \xa0 \xa0 \xa0 \xa0 \xa0 \xa0 \xa0 \xa0 \xa0 \xa0 \xa0 \xa0 \xa0 \xa0 \xa0 \xa0 \xa0 \xa0 \xa0 \xa0 \xa0 \xa0 \xa0 \xa0 \xa0 \xa0 \xa0 \xa0 \xa0 \xa0 \xa0 \xa0 \xa0 \xa0 \xa0 \xa0 \xa0 \xa0 \xa0 \xa0 \xa0 \xa0 \xa0 \xa0 \xa0 \xa0 \xa0 \xa0(단위 : 천원)\n구 \xa0분\n기초가액\n전환권행사\n평가손실(이익)\n상각\n당기말\n전환사채의 부채요소\n\xa0 \xa0 액면가액합계\n\xa035,000,000\xa0\n-\n-\n-\xa0\n35,000,000\xa0\n\xa0 \xa0 상환할증금\n\xa0 3,078,425\xa0\n-\n-\n-\xa0\n3,078,425\xa0\n\xa0 \xa0 전환권조정\n(17,413,789)\n-\n-\n4,518,453\xa0\n(12,895,336)\n\xa0 전환사채\n20,664,636\xa0\n-\n- \xa0\n4,518,453\xa0\n25,183,089\xa0\n\xa0 파생상품부채\n17,330,011\n-\n(5,552,814)\n-\n11,777,197\n부채요소 합계\n37,994,647\n-\n(5,552,814)\n4,518,453\n36,960,286\n전환사채의 자산요소\n파생상품자산(*)\n-\n-\n(889.833)\n-\n889.833\n(*) 회사는 전환사채와 관련된 제3자 지정 콜옵션을 전기까지 파생상품부채에 순액으로 표시하였으며, 금융감독원의 회계처리 가이드에 따라 파생상품부채와 구분하는회계처리를 당기부터 전진적용하였습니다. 이에 따라 파생상품자산은 구분표시되었습니다.15-3 신주인수권부사채\n1) 신주인수권부사채의 발행 내역은 다음과 같습니다.\n사채의 명칭\n제48회 무기명식 이권부 무보증 신주인수권부사채\n액면금액\n297,518천원\n발행가액\n사채의 권면액의 100%\n발행일자\n2017년 7월 28일\n만기일자\n2022년 7월 28일\n표면이자율\n1.00%\n이자지급방법\n표면이자율적용 3개월마다 1/4씩 분할 후급\n보장수익률\n만기보장수익율 3개월 복리 연 5%\n상환방법\n1. 조기상환 : 투자자의 요청에 의하여 발행 후 1년 6개월이 되는 날 이후부터 만기일까지 가능하며 조기상환기간별 조기상환수익율에 따라 상환\n2. 만기상환 : 권면금액의 만기보장수익율 122.5629%에 해당하는 금액을 일시 상환\n행사시 발행할 주식의 종류 및 주식수\n기명식 보통주 11,678,596주(분리형신주인수권)\n행사청구기간\n2017년 8월 28일부터 2022년 6월 28일까지\n행사가격\n2,192원\n2) 회사는 당기중 신주인수권부사채 관련하여 액면가액 2,404천원이 행사되고, 액면금액 28,170천원이 상환되어 기말잔액은 없습니다.\n16. 종업원급여\n16-1 퇴직급여1) 회사는 종업원을 위한 퇴직급여제도로 확정급여제도 및 확정기여형을 운영하고 있습니다. 확정급여제도에 따르면 종업원의 퇴직시 근속 1년당 최종 3개월 평균급여에 지급률을 곱한 금액을 지급하도록 되어 있습니다. 확정급여채무의 보험수리적 평가는 적격성이 있는 독립적인 보험계리인에 의해서 예측단위적립방식을 사용하여 수행되었습니다.\n확정급여채무와 관련된 부채의 내역은 다음과 같습니다. \xa0 \xa0 \xa0 \xa0 \xa0 \xa0 \xa0 \xa0 \xa0 \xa0 \xa0 \xa0 \xa0 \xa0 \xa0 \xa0 \xa0 \xa0 \xa0 \xa0 \xa0 \xa0 \xa0 \xa0 \xa0 \xa0 \xa0 \xa0 \xa0 \xa0 \xa0 \xa0 \xa0 \xa0 \xa0 \xa0 \xa0 \xa0 \xa0 \xa0 \xa0 \xa0 \xa0 \xa0 \xa0 \xa0 \xa0 \xa0 \xa0 \xa0 \xa0 \xa0 \xa0 \xa0 \xa0 \xa0 \xa0 \xa0 \xa0 \xa0 \xa0 \xa0 \xa0 (단위 : 천원)\n구 \xa0 분\n당기\n전 기\n\xa0예측단위 적립방식으로 산정한 확정급여채무\n1,519,283\n1,676,060\n\xa0사외적립자산의 공정가치\n(15,916)\n(17,800)\n\xa0확정급여제도의 부채 인식액\n1,503,367\n1,658,260\n\xa0\n2) 퇴직급여부채와 관련된 사외적립자산은 종전 국민연금법의 규정에 따라 국민연금관리공단에 납부한 금액으로 종업원이 퇴직할 경우 지급하여야 할 퇴직금에서 동 금액을 차감하여 지급할 예정입니다. \n3) 당기와 전기 중 예측단위 적립방식으로 산정한 확정급여채무의 현재가치 변동은 다음과 같습니다.-당기 \xa0 \xa0 \xa0 \xa0 \xa0 \xa0 \xa0 \xa0 \xa0 \xa0 \xa0 \xa0 \xa0 \xa0 \xa0 \xa0 \xa0 \xa0 \xa0 \xa0 \xa0 \xa0 \xa0 \xa0 \xa0 \xa0 \xa0 \xa0 \xa0 \xa0 \xa0 \xa0 \xa0 \xa0 \xa0 \xa0 \xa0 \xa0 \xa0 \xa0 \xa0 \xa0 \xa0 \xa0 \xa0 \xa0 \xa0(단위 : 천원)\n구 분\n확정급여채무현재가치\n사외적립자산\n순확정급여부채\n기초금액\xa0\n1,676,060\n(17,800)\n1,658,260\n당기손익으로 인식되는 금액\n\xa0 \xa0당기근무원가\xa0\n106,043\n1,884\n107,927\n\xa0 \xa0이자원가\xa0\n37,430\n-\n37,430\n소 \xa0계\n143,473\n1,884\n145,357\n보험수리적손익\n\xa0 \xa0경험조정으로인해 발생한 손실(이익)\n(41,907)\n-\n(41,907)\n\xa0 \xa0재무적가정의 변동에서 발생하는 손실(이익)\n(209,323)\n-\n(209,323)\n소 \xa0계\n(251,230)\n-\n(251,230)\n지급액\n(49,020)\n-\n(49,020)\n기말금액\xa0\n1,519,283\n(15,916)\n1,503,367\n한편, 당기근무원가에는 단협상위로금 및 퇴직위로금설정액 등이 포함되어 있지 않습니다.-전기 \xa0 \xa0 \xa0 \xa0 \xa0 \xa0 \xa0 \xa0 \xa0 \xa0 \xa0 \xa0 \xa0 \xa0 \xa0 \xa0 \xa0 \xa0 \xa0 \xa0 \xa0 \xa0 \xa0 \xa0 \xa0 \xa0 \xa0 \xa0 \xa0 \xa0 \xa0 \xa0 \xa0 \xa0 \xa0 \xa0 \xa0 \xa0 \xa0 \xa0 \xa0 \xa0 \xa0 \xa0 \xa0 \xa0 \xa0(단위 : 천원)\n구 분\n확정급여채무현재가치\n사외적립자산\n순확정급여부채\n기초금액\xa0\n2,070,545\n(17,800)\n2,052,745\n당기손익으로 인식되는 금액\n\xa0 \xa0당기근무원가\xa0\n185,488\n-\n185,488\n\xa0 \xa0이자원가\xa0\n33,412\n-\n33,412\n소 \xa0계\n218,900\n-\n218,900\n보험수리적손익\n\xa0 \xa0경험조정으로인해 발생한 손실(이익)\n(311,878)\n-\n(311,878)\n\xa0 \xa0재무적가정의 변동에서 발생하는 손실(이익)\n(62,450)\n-\n(62,450)\n소 \xa0계\n(374,328)\n-\n(374,328)\n지급액\n(239,057)\n-\n(239,057)\n기말금액\xa0\n1,676,060\n(17,800)\n1,658,260\n4) 보험수리적가정 당기말과 전기말 현재 주요 보험수리적가정은 다음과 같습니다.\n구 \xa0 분\n당 기\n전 기\n\xa0 할인율\n5.12%\n1.84%\n\xa0 기초 사외적립자산 기대수익률\n2.00%\n1.84%\n\xa0 미래임금인상률\n4.50%\n2.00%\n5) 주요 가정의 변동에 따른 확정급여채무의 민감도 분석\n구 분\n가정의 변동폭\n당기말\n전기말\n가정의 증가\n가정의 감소\n가정의 증가\n가정의 감소\n할인율\n1%\n4.5% 감소\n4.9% 증가\n5.4% 감소\n5.9% 증가\n임금상승률\n1%\n5.0% 증가\n4.6% 감소\n5.9% 증가\n5.5% 감소\n상기의 민감도 분석은 다른 가정은 일정하다는 가정하에 산정되었으나, 실무적으로는 여러 가정이 서로 관련되어 변동됩니다. 주요 보험수리적가정의 변동에 대한 확정급여채무의 민감도는 재무상태표에 인식된 확정급여채무 산정시 사용한 예측단위접근법과 동일한 방법을 사용하여 산정하였습니다.한편, 민감도 분석에 사용된 방법 및 가정은 전기와 동일합니다.\n16-2 기타종업원급여당기와 전기 중 기타종업원급여 관련 부채의 현재가치 변동은 다음과 같습니다.  \xa0 \xa0 \xa0 \xa0 \xa0 \xa0 \xa0 \xa0 \xa0 \xa0 \xa0 \xa0 \xa0 \xa0 \xa0 \xa0 \xa0 \xa0 \xa0 \xa0 \xa0 \xa0 \xa0 \xa0 \xa0 \xa0 \xa0 \xa0 \xa0 \xa0 \xa0 \xa0 \xa0 \xa0 \xa0 \xa0 \xa0 \xa0 \xa0 \xa0 \xa0 \xa0 \xa0 \xa0 \xa0 \xa0 \xa0 \xa0 \xa0 \xa0 \xa0(단위 : 천원)\n구 분\n당 기\n전 기\n\xa0 기초금액\xa0\n65,425\n88,257\n\xa0 당기근무원가\xa0\n3,522\n3,113\n\xa0 이자원가\n1,432\n1,355\n\xa0 보험수리적손익\n(1,207)\n55,731\n\xa0 지급액\xa0\n(16,100)\n(83,032)\n\xa0 기말금액(*)\n53,072\n65,424\n(*) 상기금액은 재무제표상 장기매입채무및기타채무에 반영되었습니다.16-3 충당부채\n당기 중 충당부채의 변동 내역은 다음과 같습니다. \xa0 \xa0 \xa0 \xa0 \xa0 \xa0 \xa0 \xa0 \xa0 \xa0 \xa0 \xa0 \xa0 \xa0 \xa0 \xa0 \xa0 \xa0 \xa0 \xa0 \xa0 \xa0 \xa0 \xa0 \xa0 \xa0 \xa0 \xa0 \xa0 \xa0 \xa0 \xa0 \xa0 \xa0 \xa0 \xa0 \xa0 \xa0 \xa0 \xa0 \xa0 \xa0 \xa0 \xa0 \xa0 \xa0 \xa0 \xa0 \xa0 \xa0 \xa0(단위 : 천원)\n구 분\n기초잔액\n전입(환입)\n감 소\n기말잔액\n판매보증충당부채\n\xa0 \xa0 \xa0 \xa0 343,326\xa0\n\xa0 \xa0 \xa0 \xa0 578,782\xa0\n\xa0 \xa0 \xa0 \xa0 \xa0603,021\xa0\n\xa0 \xa0 \xa0 \xa0319,086\xa0\n금융보증충당부채\n13,076\xa0\n30,604\xa0\n28,718\xa0\n14,962\xa0\n합 계\n356,402\xa0\n609,386\xa0\n\xa0 \xa0 \xa0 \xa0 \xa0631,739\xa0\n334,048\xa0\n17. 위험관리17-1 위험관리의 개요회사는 금융상품을 운용함에 따라 다음과 같은 위험에 노출되어 있습니다.① 신용위험② 유동성위험③ 시장위험④ 자본위험\n본 주석은 상기 위험에 대한 회사의 노출정도 및 이와 관련하여 회사가 수행하고 있는 자본관리와 위험관리의 목적, 정책 및 절차와 위험측정방법 등에 대한 질적 공시사항과 양적 공시사항을 포함하고 있습니다.\n17-2 위험관리 개념체계회사의 위험관리는 회사의 재무적 성과에 영향을 미치는 잠재적 위험을 식별하여 회사가 허용가능한 수준으로 위험을 감소, 제거 및 회피하는 것을 그 목적으로 하고 있습니다. 회사는 전사적인 수준의 위험관리 정책 및 절차를 마련하여 운영하고 있으며회사의 재무부문에서 위험관리에 대한 총괄책임을 담당하고 있습니다. \xa0회사의 재무부문은 이사회에서 승인된 위험관리 정책 및 절차에 따라 회사의 영업과 관련한 금융위험을 감시하고 관리하는 역할을 하고 있으며, 금융위험의 성격과 노출정도를 분석한 주기적인 내부위험보고서를 위험관리위원회에 제출하고 있습니다. 회사의 위험관리위원회는 전반적인 금융위험 관리전략을 수립하고 위험회피 수단 및 절차를 결정하며 위험관리의 효과성에 대한 사후평가를 수행하고 있습니다. 또한, 회사의 내부감사인은 위험관리 정책 및 절차의 준수 여부와 위험노출 한도를 지속적으로 검토하고 있습니다. \xa0회사의 전반적인 금융위험 관리 전략은 전기와 동일합니다. 17-3 신용위험관리회사는 금융상품의 당사자 중 일방이 의무를 이행하지 않아 상대방에게 재무손실을입힐 신용위험에 노출되어 있습니다. 회사의 경영진은 신용위험을 관리하기 위하여 신용도가 일정 수준 이상인 거래처와 거래하고 있으며, 금융자산의 신용보강을 위한 정책과 절차를 마련하여 운영하고 있습니다. \xa0회사는 신규 거래처와 계약시 공개된 재무정보와 신용평가기관에 의하여 제공된 정보 등을 이용하여 거래처의 신용도를 평가하고 이를 근거로 신용거래한도를 결정하고 있으며, 담보 또는 지급보증을 제공받고 있습니다. 또한, 회사는 주기적으로 거래처의 신용도를 재평가하여 신용거래한도를 재검토하고 담보수준을 재조정하고 있으며, 회수가 지연되는 금융자산에 대하여는 분기 단위로 회수지연 현황 및 회수대책을 보고하고 있으며 지연사유에 따라 적절한 조치를 취하고 있습니다. 당기말과 전기말 현재 금융자산의 장부금액은 신용위험에 대한 최대노출정도를 표시하고 있으며, 당기말과 전기말 현재 회사의 신용위험에 대한 최대 노출정도는 다음과 같습니다.  \xa0 \xa0 \xa0 \xa0 \xa0 \xa0 \xa0 \xa0 \xa0 \xa0 \xa0 \xa0 \xa0 \xa0 \xa0 \xa0 \xa0 \xa0 \xa0 \xa0 \xa0 \xa0 \xa0 \xa0 \xa0 \xa0 \xa0 \xa0 \xa0 \xa0 \xa0 \xa0 \xa0 \xa0 \xa0 \xa0 \xa0 \xa0 \xa0 \xa0 \xa0 \xa0 \xa0 \xa0 \xa0 \xa0 \xa0 \xa0 \xa0 \xa0 (단위 : 천원)\n구 \xa0분\n당기\n전 기\n금융기관예치금\n502,000\n512,000\n매출채권및기타채권\n2,413,792\n2,665,889\n현금및현금성자산\n988,645\n584,159\n합 \xa0계\n3,904,437\n3,762,048\n또한, 당기말 현재 회사가 특수관계자의 채무 등을 위하여 제공하고 있는 담보 및 지급보증의 내역입니다. \xa0 \xa0 \xa0 \xa0 \xa0 \xa0 \xa0 \xa0 \xa0 \xa0\xa0\xa0 \xa0 \xa0 \xa0 \xa0 \xa0 \xa0 \xa0 \xa0 \xa0 \xa0 \xa0 \xa0 \xa0 \xa0 \xa0 \xa0 \xa0 \xa0 \xa0 \xa0 \xa0 \xa0 \xa0 (단위 : 천원)\r\n구분\n특수관계자\n담보제공자산\n담보/보증액\n제공처\n담보제공\n케이알트레이딩(주)\n토지, 건물\nUSD \xa0 2,400,000\n(주)대구은행\n담보제공\n케이알트레이딩(주)\n정기예금\n500,000\n(주)대구은행\n한편, 회사는 신한은행 등의 금융기관에 현금및현금성자산 등을 예치하고 있으며, 신용등급이 우수한 금융기관과 거래하고 있으므로 금융기관으로부터의 신용위험은 제한적입니다. \n17-4 유동성위험관리회사는 현금 등 금융자산을 인도하여 결제하는 금융부채에 관련된 의무를 충족하는데 어려움을 겪게 될 유동성위험에 노출되어 있습니다. 회사의 경영진은 유동성위험을 관리하기 위하여 단기 및 중장기 자금관리계획을 수립하고 현금유출예산과 실제현금유출액을 지속적으로 분석ㆍ검토하여 금융부채와 금융자산의 만기구조를 대응시키고 있습니다. 회사의 경영진은 영업활동현금흐름과 금융자산의 현금유입으로 금융부채를 상환가능하다고 판단하고 있습니다.\n당기말과 전기말 현재 금융부채의 잔존계약만기에 따른 만기분석은 다음과 같으며, 계약상 현금흐름은 이자지급액을 포함하고 있습니다. \xa0 \xa0 \xa0 \xa0 \xa0 \xa0 \xa0 \xa0 \xa0 \xa0 \xa0 \xa0 \xa0 \xa0 \xa0 \xa0 \xa0 \xa0 \xa0 \xa0 \xa0 \xa0 \xa0 \xa0 \xa0 \xa0 \xa0 \xa0 \xa0 \xa0 \xa0 \xa0 \xa0 \xa0 \xa0 \xa0 \xa0 \xa0 \xa0 \xa0 \xa0 \xa0 \xa0 \xa0 \xa0 \xa0 \xa0 \xa0 \xa0 \xa0 \xa0 \xa0 \xa0 \xa0 \xa0 \xa0 \xa0 \xa0 \xa0 \xa0 \xa0 \xa0 \xa0 \xa0 \xa0 \xa0 \xa0 \xa0 \xa0 \xa0 \xa0 \xa0 \xa0(단위 : 천원)\n구 분\n장부금액\n계약상\n현금흐름\n잔존계약만기\n3개월 미만\n3개월~1년\xa0\n1~5년\xa0\n당기말:\n매입채무및기타채무\n5,312,920\n5,312,920\n5,312,920\n-\n-\n리스부채\n141,631\n141,631\n23,063\n47,385\n71,183\n단기차입금\n10,856,005\n10,856,005\n-\n10,856,005\n-\n전환사채\n25,183,089\n38,078,425\n-\n38,078,425\n-\n장기성매입채무및기타채무\n413,533\n413,533\n-\n-\n413,533\n합 계\n41,907,178\n54,802,514\n5,335,983\n48,981,815\n484,716\n전기말:\n매입채무및기타채무\n5,416,891\n5,416,891\n5,416,891\n-\n-\n리스부채\n159,695\n159,695\n17,320\n48,809\n93,566\n단기차입금\n3,552,025\n3,552,025\n-\n3,552,025\n-\n전환사채\n20,664,636\n38,078,425\n-\n38,078,425\n-\n신주인수권부사채\n33,498\n37,474\n-\n37,474\n-\n장기성매입채무및기타채무\n427,885\n427,885\n-\n-\n427,885\n합 \xa0계\n30,254,630\n47,672,395\n5,434,211\n41,716,733\n521,451\n17-5 시장위험1) 환위험회사는 수출 및 원재료 수입과 관련하여 USD, JPY, CNY 및 EUR의 환율변동위험에노출되어 있습니다. 회사의 경영진은 내부적으로 원화 환율 변동에 대한 환위험을 정기적으로 측정하고 있으며, 필요한 경우 환위험관리를 목적으로 파생상품계약을 체결하고 있습니다.\n당기말과 전기말 현재 기능통화 이외의 외화로 표시된 화폐성자산 및 부채의 장부금액(채권은 대손충당금 차감 전 금액)은 다음과 같습니다. \xa0 \xa0 \xa0 \xa0 \xa0 \xa0 \xa0 \xa0 \xa0 \xa0 \xa0 \xa0 \xa0 \xa0 \xa0 \xa0 \xa0 \xa0 \xa0 \xa0 \xa0 \xa0 \xa0 \xa0 \xa0 \xa0 \xa0 \xa0 \xa0 \xa0 \xa0 \xa0 \xa0 \xa0 \xa0 \xa0 \xa0 \xa0 \xa0 \xa0 \xa0 \xa0 \xa0 \xa0 \xa0 \xa0 \xa0 \xa0 \xa0 \xa0 \xa0 \xa0 \xa0 \xa0 \xa0 \xa0 \xa0 \xa0 \xa0 \xa0 \xa0 (단위 : 천원)\n구분\n당기\n전 기\nUSD\nEUR\nCNY\nUSD\nEUR\nCNY\n자산;\n\xa0 현금및현금성자산\n827,791\n-\n-\n2\n-\n-\n\xa0 매출채권\n1,286,306\n1,351\n83,997\n1,245,636\n1,342\n86,229\n자산합계\n2,114,097\n1,351\n83,997\n1,245,638\n1,342\n86,229\n부채;\n\xa0 매입채무\n2,629,412\n-\n-\n2,251,417\n-\n-\n\xa0 미지급비용\n309,925\n38,329\n-\n101,594\n38,078\n-\n\xa0 단기차입금\n8,681,005\n-\n-\n652,025\n-\n-\n부채합계\n11,620,342\n38,329\n-\n3,005,036\n38,078\n-\n당기말과 전기말 현재 각 외화에 대한 원화환율 10% 하락시 환율변동이 당기손익에 미치는 영향은 다음과 같습니다. \xa0 \xa0 \xa0 \xa0 \xa0 \xa0 \xa0 \xa0 \xa0 \xa0 \xa0 \xa0 \xa0 \xa0 \xa0 \xa0 \xa0 \xa0 \xa0 \xa0 \xa0 \xa0 \xa0 \xa0 \xa0 \xa0 \xa0 \xa0 \xa0 \xa0 \xa0 \xa0 \xa0 \xa0 \xa0 \xa0 \xa0 \xa0 \xa0 \xa0 \xa0 \xa0 \xa0 \xa0 \xa0 \xa0 \xa0 \xa0 \xa0 \xa0 \xa0 \xa0 \xa0 \xa0 \xa0 \xa0 \xa0 (단위 : 천원)\n구 분\n당기\n전 기\n외화자산\n외화부채\n순효과\n외화자산\n외화부채\n순효과\nUSD\n(211,410)\n1,162,034\n950,624\n(124,564)\n300,504\n175,940\nEUR\n(135)\n3,833\n3,698\n(134)\n3,808\n3,674\nCNY\n(8,400)\n-\n(8,400)\n(8,623)\n-\n(8,623)\n합 계\n(219,945)\n1,165,867\n945,922\n(133,321)\n304,312\n170,991\n상기 민감도 분석은 보고기간말 현재 기능통화 이외의 외화로 표시된 화폐성 자산 및부채를 대상으로 하였습니다.\n2) 이자율위험관리이자율위험은 미래 시장이자율 변동에 따라 예금 또는 차입금 등에서 발생하는 이자수익 및 이자비용이 변동될 위험으로서 이는 주로 변동금리부 조건의 예금과 차입금에서 발생하고 있습니다. 회사의 이자율위험관리의 목표는 이자율 변동으로 인한 불확실성과 금융비용을 최소화하는 데 있습니다. 한편, 당기말과 전기말 현재 이자율위험에 노출된 변동금리부 금융자산 및 금융부채는 없습니다.\n17-6 자본관리회사의 자본관리는 투자자와 채권자, 시장의 신뢰 및 향후 발전을 위해 자본을 유지하는 것입니다. 회사의 자본관리는 리스크관리위원회에서 주기적으로 부채비율을 통하여 관리되고 있습니다. 회사의 자본구조는 차입금에서 현금및현금성자산 등을 차감한 순부채와 자본으로 구성되며, 전반적인 자본위험 관리 정책은 전기와 동일합니다. 한편, 당기말과 전기말 현재 자본으로 관리하고 있는 항목의 내역은 다음과 같습니다. \xa0 \xa0 \xa0 \xa0 \xa0 \xa0 \xa0 \xa0 \xa0 \xa0 \xa0 \xa0 \xa0 \xa0\n구 \xa0분\n당 기\n전 기\n순부채:\n\xa0부채(차입금)\n47,957,921\n41,739,865\n\xa0차감:\n\xa0현금및현금성자산\n(989,029)\n(584,743)\n\xa0단기금융상품\n(500,000)\n(510,000)\n\xa0순부채\n46,468,892\n40,645,122\n자 \xa0 본\n36,261,082\n37,464,012\n회사의 당기말과 전기말 현재의 자본관리지표는 다음과 같습니다. \xa0 \xa0 \xa0 \xa0 \xa0 \xa0 \xa0 \xa0 \xa0 \xa0 \xa0 \xa0 \xa0 \xa0 \xa0 \xa0 \xa0 \xa0 \xa0 \xa0 \xa0 \xa0 \xa0 \xa0 \xa0 \xa0 \xa0 \xa0 \xa0 \xa0 \xa0 \xa0 \xa0 \xa0 \xa0 \xa0 \xa0 \xa0 \xa0 \xa0 \xa0 \xa0 \xa0 \xa0 \xa0 \xa0 \xa0 \xa0 \xa0 \xa0(단위 : 천원)\n구 분\n당 기\n전 기\n부채총계\n55,848,260\xa0\n55,129,984\xa0\n자본총계\n36,261,082\xa0\n37,464,012\xa0\n부채비율\n154.02%\n147.15%\n17-7 금융상품1) 당기말과 전기말 현재 회사의 범주별 금융자산ㆍ부채의 내역은 다음과 같습니다.\n- 당기 \xa0 \xa0 \xa0 \xa0 \xa0 \xa0 \xa0 \xa0 \xa0 \xa0 \xa0 \xa0 \xa0 \xa0 \xa0 \xa0 \xa0 \xa0 \xa0 \xa0 \xa0 \xa0 \xa0 \xa0 \xa0 \xa0 \xa0 \xa0 \xa0 \xa0 \xa0 \xa0 \xa0 \xa0 \xa0 \xa0 \xa0 \xa0 \xa0 \xa0 \xa0 \xa0 \xa0 \xa0 (단위 : 천원)\n구 \xa0분\n상각후측정금융자산\n당기손익-공정가치측정\n기타포괄손익-공정가치측정\n상각후원가로측정하는 금융부채\n합 \xa0 계\n금융자산 :\n\xa0현금및현금성자산\n989,029\n-\n-\n-\n989,029\n\xa0매출채권및기타채권\n2,230,262\n-\n-\n-\n2,230,262\n\xa0장단기금융상품\n502,000\n-\n-\n-\n502,000\n\xa0장기금융자산\n-\n-\n25,726\n-\n25,726\n\xa0파생상품자산\n-\n889,833\n-\n-\n889,833\n\xa0장기매출채권및기타채권\n183,530\n-\n-\n-\n183,530\n금융자산 계\n3,904,821\n889,833\n25,726\n-\n4,820,380\n금융부채 :\n매입채무및기타채무\n-\n-\n-\n5,312,920\n5,312,920\n장단기차입금\n-\n-\n-\n10,856,005\n10,856,005\n전환사채\n-\n-\n-\n25,183,089\n25,183,089\n파생상품부채\n-\n11,777,196\n-\n-\n11,777,196\n리스부채\n-\n-\n-\n141,631\n141,631\n장기매입채무및기타채무\n-\n-\n-\n413,533\n413,533\n금융부채 계\n-\n11,777,196\n-\n41,907,178\n53,684,374\n- 전기 \xa0 \xa0 \xa0 \xa0 \xa0 \xa0 \xa0 \xa0 \xa0 \xa0 \xa0 \xa0 \xa0 \xa0 \xa0 \xa0 \xa0 \xa0 \xa0 \xa0 \xa0 \xa0 \xa0 \xa0 \xa0 \xa0 \xa0 \xa0 \xa0 \xa0 \xa0 \xa0 \xa0 \xa0 \xa0 \xa0 \xa0 \xa0 \xa0 \xa0 \xa0 \xa0 \xa0 \xa0 \xa0 \xa0(단위 : 천원)\n구 \xa0분\n상각후측정금융자산\n당기손익-공정가치측정\n기타포괄손익-공정가치측정\n상각후원가로측정하는 금융부채\n합 \xa0 계\n금융자산 :\n\xa0현금및현금성자산\n584,743\xa0\n-\xa0\n-\xa0\n-\xa0\n584,743\xa0\n\xa0매출채권및기타채권\n2,522,963\xa0\n-\xa0\n-\xa0\n-\xa0\n2,522,963\xa0\n\xa0장단기금융자산\n512,000\xa0\n-\xa0\n25,726\xa0\n-\xa0\n537,720\xa0\n\xa0장기매출채권및기타채권\n142,925\xa0\n-\xa0\n-\xa0\n-\xa0\n142,925\xa0\n금융자산 계\n3,762,631\xa0\n-\xa0\n25,726\xa0\n-\xa0\n3,788,357\xa0\n금융부채 :\n\xa0매입채무및기타채무\n-\xa0\n-\xa0\n-\xa0\n5,416,891\xa0\n5,416,891\xa0\n\xa0장단기차입금\n-\xa0\n-\xa0\n-\xa0\n3,552,025\xa0\n3,552,025\xa0\n\xa0전환사채\n-\xa0\n-\xa0\n-\xa0\n20,664,636\xa0\n20,664,636\xa0\n\xa0파생상품부채\n-\xa0\n17,330,011\xa0\n-\xa0\n-\xa0\n17,330,011\xa0\n\xa0신주인수권부사채\n-\xa0\n-\xa0\n-\xa0\n33,498\xa0\n33,498\xa0\n\xa0리스부채\n-\xa0\n-\xa0\n-\xa0\n159,695\xa0\n159,695\xa0\n\xa0장기매입채무및기타채무\n-\xa0\n-\xa0\n-\xa0\n427,885\xa0\n427,885\xa0\n금융부채 계\n-\xa0\n17,330,011\xa0\n-\xa0\n30,254,630\xa0\n47,584,641\xa0\n2) 공정가치 서열체계 공정가치로 측정되는 금융상품은 공정가치 서열체계에 따라 구분되며 정의된 수준들은 다음과 같습니다.\xa0\n수준 1\n:\n측정일에 동일한 자산이나 부채에 대해 접근할 수 있는 활성시장의 (조정하지 않은) 공시가격\n수준 2\n:\n수준 1의 공시가격 외에 자산이나 부채에 대해 직접적으로나 간접적으로 관측할 수 있는 투입변수\n수준 3\n:\n자산이나 부채에 대한 관측할 수 없는 투입변수\xa0\n공정가치로 측정되는 금융상품의 공정가치 서열체계 구분은 다음과 같습니다.\n- 당기 \xa0 \xa0 \xa0 \xa0 \xa0 \xa0 \xa0 \xa0 \xa0 \xa0 \xa0 \xa0 \xa0 \xa0 \xa0 \xa0 \xa0 \xa0 \xa0 \xa0 \xa0 \xa0 \xa0 \xa0 \xa0 \xa0 \xa0 \xa0 \xa0 \xa0 \xa0 \xa0 \xa0 \xa0 \xa0 \xa0 \xa0 \xa0 \xa0 \xa0 \xa0 \xa0 \xa0 \xa0 \xa0 \xa0(단위 : 천원)\n구 분\n수준 1\n수준 2\n수준 3\n합계\n당기손익-공정가치측정 금융자산\n-\n-\n889,833\xa0\n928,290\xa0\n당기손익-공정가치측정 금융부채\n-\n-\n11,777,196\xa0\n11,777,196\xa0\n기타포괄손익-공정가치측정 금융자산\n-\n-\n25,726\xa0\n25,726\xa0\n- 전기 \xa0 \xa0 \xa0 \xa0 \xa0 \xa0 \xa0 \xa0 \xa0 \xa0 \xa0 \xa0 \xa0 \xa0 \xa0 \xa0 \xa0 \xa0 \xa0 \xa0 \xa0 \xa0 \xa0 \xa0 \xa0 \xa0 \xa0 \xa0 \xa0 \xa0 \xa0 \xa0 \xa0 \xa0 \xa0 \xa0 \xa0 \xa0 \xa0 \xa0 \xa0 \xa0 \xa0 \xa0 \xa0 \xa0(단위 : 천원)\n구 분\n수준 1\n수준 2\n수준 3\n합계\n당기손익-공정가치측정 금융부채\n-\n-\n17,330,011\xa0\n17,330,011\xa0\n3) 가치평가기법 및 투입변수회사는 공정가치 서열체계에서 수준3으로 분류되는 금융상품의 공정가치에 대하여 다음의 가치평가기법과 투입변수를 사용하고 있습니다.- 당기 \xa0 \xa0 \xa0 \xa0 \xa0 \xa0 \xa0 \xa0 \xa0 \xa0 \xa0 \xa0 \xa0 \xa0 \xa0 \xa0 \xa0 \xa0 \xa0 \xa0 \xa0 \xa0 \xa0 \xa0 \xa0 \xa0 \xa0 \xa0 \xa0 \xa0 \xa0 \xa0 \xa0 \xa0 \xa0 \xa0 \xa0 \xa0 \xa0 \xa0 \xa0 \xa0 \xa0 \xa0 \xa0 \xa0(단위 : 천원)\n구분\n공정가치\n수준\n가치평가법\n투입변수\n당기손익-공정가치측정 금융자산\n전환사채 콜옵션\n889,833\n3\n옵션가격결정모형\n주가변동성\n당기손익-공정가치측정 금융부채\n전환사채 풋옵션\n11,777,196\n3\n옵션가격결정모형\n주가변동성\n- 전기 \xa0 \xa0 \xa0 \xa0 \xa0 \xa0 \xa0 \xa0 \xa0 \xa0 \xa0 \xa0 \xa0 \xa0 \xa0 \xa0 \xa0 \xa0 \xa0 \xa0 \xa0 \xa0 \xa0 \xa0 \xa0 \xa0 \xa0 \xa0 \xa0 \xa0 \xa0 \xa0 \xa0 \xa0 \xa0 \xa0 \xa0 \xa0 \xa0 \xa0 \xa0 \xa0 \xa0 \xa0 \xa0 \xa0(단위 : 천원)\n구 \xa0 분\n공정가치\n수준\n가치평가법\n투입변수\n당기손익-공정가치측정 금융부채\n전환사채 풋옵션과 콜옵션\n17,330,011\n3\n옵션가격결정모형\n주가변동성\n4) 금융상품의 공정가치\n상기 지분상품을 제외한 금융상품 및 부채는 장부금액이 공정가치의 합리적인 근사치이므로 금융상품 의 공정가치에 대한 공시를 생략하였습니다.\n18. 자본금과 자본잉여금18-1 당기말과 전기말 현재 자본금의 내역은 다음과 같습니다.\n발행할주식의총수\n주당금액\n당기\n전 기\n발행주식수\n자본금\n발행주식수\n자본금\n400,000,000주\n500원\n96,138,465주\n48,069백만원\n96,137,368주\n48,069백만원\n18-2 당기 중 자본금과 자본잉여금의 변동 내역은 다음과 같습니다. \xa0 \xa0 \xa0 \xa0 \xa0 \xa0 \xa0 \xa0 \xa0 \xa0 \xa0 \xa0 \xa0 \xa0 \xa0 \xa0 \xa0 \xa0 \xa0 \xa0 \xa0 \xa0 \xa0 \xa0 \xa0 \xa0 \xa0 \xa0 \xa0 \xa0 \xa0 \xa0 \xa0 \xa0 \xa0 \xa0 \xa0 \xa0 \xa0 \xa0 \xa0 \xa0 \xa0 \xa0 \xa0 \xa0 \xa0 \xa0 (단위 : 주, 천원)\n일자\n구 분\n주식수\n자본금\n자본잉여금\n2022-01-01\n기초이월\n96,137,368\xa0\n48,068,684\xa0\n8,784,470\xa0\n2022-03-31\nBW 행사\n263\xa0\n132\xa0\n597\xa0\n2022-06-30\nBW 행사\n834\xa0\n\xa0 \xa0 \xa0 \xa0 \xa0 \xa0 \xa0 417\xa0\n383\xa0\n2022-12-31\n당기말\n96,138,465\xa0\n48,069,233\xa0\n8,785,450\xa0\n18-3 당기말과 전기말 현재 기타자본항목의 내역은 다음과 같습니다. \xa0 \xa0 \xa0 \xa0 \xa0 \xa0 \xa0 \xa0 \xa0 \xa0 \xa0 \xa0 \xa0 \xa0 \xa0 \xa0 \xa0 \xa0 \xa0 \xa0 \xa0 \xa0 \xa0 \xa0 \xa0 \xa0 \xa0 \xa0 \xa0 \xa0 \xa0 \xa0 \xa0 \xa0 \xa0 \xa0 \xa0 \xa0 \xa0 \xa0 \xa0 \xa0 \xa0 \xa0 \xa0 \xa0 \xa0 \xa0 \xa0 \xa0 \xa0 \xa0(단위 : 천원)\n구 \xa0분\n당 기\n전 기\n자기주식(*)\n(14,021)\n(14,021)\n신주인수권대가\n12,710\n12,710\n주식할인발행차금\n(7,534,797)\n(7,534,797)\n합 \xa0계\n(7,536,108)\n(7,536,108)\n*회사가 보유한 자기주식은 무상감자시 발생한 단주의 처리를 위하여 취득한 기명식 보통주 7,199주입니다.\n19. 결손금19-1 당기와 전기 중 결손금의 변동은 다음과 같습니다. \xa0 \xa0 \xa0 \xa0 \xa0 \xa0 \xa0 \xa0 \xa0 \xa0 \xa0 \xa0 \xa0 \xa0 \xa0 \xa0 \xa0 \xa0 \xa0 \xa0 \xa0 \xa0 \xa0 \xa0 \xa0 \xa0 \xa0 \xa0 \xa0 \xa0 \xa0 \xa0 \xa0 \xa0 \xa0 \xa0 \xa0 \xa0 \xa0 \xa0 \xa0 \xa0 \xa0 \xa0 \xa0 \xa0 \xa0 \xa0 \xa0 \xa0 \xa0(단위 : 천원)\n구분\n당 기\n전 기\n기초금액\n(28,766,034)\n(104,352,308)\n결손금보전\n-\n82,501,689\n당기순손익\n(5,051,205)\n(7,234,011)\n보험수리적손익\n252,436\n318,596\n기말금액\n(33,564,803)\n(28,766,034)\n19-2 결손금처리계산서\n\xa0당기 및 전기 결손금의 처리내역은 다음과 같습니다.\n제62(당)기\n2022년 01월 01일\n부터\n제61(전)기\n2021년 01월 01일\n부터\n2022년 12월 31일\n까지\n2021년 12월 31일\n까지\n처리예정일\n2023년 03월 30일\n처리확정일\n2022년 03월 30일\n케이알모터스 주식회사\n(단위 : 원)\n과 \xa0 목\n제 62(당) 기\n제 61(전) 기\nI. 미처리결손금\n\u3000\n(33,564,803,155)\n(111,267,722,870)\n1. 전기이월미처리결손금\n(28,766,034,275)\n\u3000\n(104,352,307,906)\n\xa0 \xa02. 보험수리적손익\n252,436,374\n\u3000\n318,596,307\n3. 당기순손실\n(5,051,205,254)\n\u3000\n(7,234,011,271)\nII. 결손금처리액\n-\n82,501,688,595\n\xa0 \xa01.자본잉여금이입액\n-\n82,501,688,595\nIII. 차기이월미처리결손금\n\u3000\n(33,564,803,155)\n(28,766,034,275)\n20. 판매비와관리비\n\xa0당기와 전기 중 판매비와관리비의 내역은 다음과 같습니다. \xa0 \xa0 \xa0 \xa0 \xa0 \xa0 \xa0 \xa0 \xa0 \xa0 \xa0 \xa0 \xa0 \xa0 \xa0 \xa0 \xa0 \xa0 \xa0 \xa0 \xa0 \xa0 \xa0 \xa0 \xa0 \xa0 \xa0 \xa0 \xa0 \xa0 \xa0 \xa0 \xa0 \xa0 \xa0 \xa0 \xa0 \xa0 \xa0 \xa0 \xa0 \xa0 \xa0 \xa0 \xa0 \xa0 \xa0 \xa0 \xa0 \xa0 (단위 : 천원)\n구 \xa0분\n당기\n전기\n\xa0 \xa0급여\n1,486,278\xa0\n1,656,311\n\xa0 \xa0퇴직급여\n251,034\xa0\n456,468\n\xa0 \xa0운반및보관료\n200,635\xa0\n205,347\n\xa0 \xa0수출제비용\n3,556\xa0\n7,189\n\xa0 \xa0판매수수료\n195,477\xa0\n84,034\n\xa0 \xa0보험료\n79,278\xa0\n102,598\n\xa0 \xa0광고선전비\n243,511\xa0\n443,570\n\xa0 \xa0판매보증비\n578,782\xa0\n289,243\n\xa0 \xa0여비교통비\n46,916\xa0\n69,019\n\xa0 \xa0개발비\n123,500\xa0\n120,957\n\xa0 \xa0복리후생비\n351,687\xa0\n343,475\n\xa0 \xa0지급수수료\n742,853\xa0\n746,282\n\xa0 \xa0지급임차료\n15,185\xa0\n94,625\n\xa0 \xa0세금과공과\n157,099\xa0\n142,910\n\xa0 \xa0감가상각비\n6,102\xa0\n13,156\n\xa0 \xa0무형자산상각비\n99,188\xa0\n24,519\n\xa0 \xa0대손상각비(환입)\n194,473\xa0\n(1,322,679)\n\xa0 \xa0기타비용\n482,360\xa0\n407,077\n\xa0합 계\n5,257,914\xa0\n3,884,101\n21. 비용의 성격별 분류당기 및 전기 중 비용의 성격별 분류에 따른 내역은 다음과 같습니다 \xa0 \xa0 \xa0 \xa0 \xa0 \xa0 \xa0 \xa0 \xa0 \xa0 \xa0 \xa0 \xa0 \xa0 \xa0 \xa0 \xa0 \xa0 \xa0 \xa0 \xa0 \xa0 \xa0 \xa0 \xa0 \xa0 \xa0 \xa0 \xa0 \xa0 \xa0 \xa0 \xa0 \xa0 \xa0 \xa0 \xa0 \xa0 \xa0 \xa0 \xa0 \xa0 \xa0 \xa0 \xa0 \xa0 \xa0 \xa0 \xa0 \xa0 (단위 : 천원)\n구 분\n당 기\n전 기\n제품 및 재공품의 변동\n(905,065)\n(516,987)\n상품판매원가\n2,352,954\n2,026,253\n원재료와 소모품의 사용액\n10,831,903\n11,163,019\n종업원급여비용\n3,086,992\n3,553,490\n감가상각비와 기타상각비\n395,171\n317,080\n제품 및 재공품의 타계정대체\n(319,588)\n(399,725)\n재고자산감모손실\n329,885\xa0\n-\n기타비용\n3,212,318\n1,758,057\n합 \xa0계\n18,984,570\n17,901,187\n22. 금융수익과 금융비용\n22-1 당기와 전기중 인식된 금융상품 범주별 순손익의 구분 내역은 다음과 같습니다 \xa0 \xa0 \xa0 \xa0 \xa0 \xa0 \xa0 \xa0 \xa0 \xa0 \xa0 \xa0 \xa0 \xa0 \xa0 \xa0 \xa0 \xa0 \xa0 \xa0 \xa0 \xa0 \xa0 \xa0 \xa0 \xa0 \xa0 \xa0 \xa0 \xa0 \xa0 \xa0 \xa0 \xa0 \xa0 \xa0 \xa0 \xa0 \xa0 \xa0 \xa0 \xa0 \xa0 \xa0 \xa0 \xa0 \xa0 \xa0 \xa0 \xa0 \xa0(단위 : 천원)\n구 \xa0분\n당 기\n전 기\n이자수익\n8,951\n22,206\n\xa0 \xa0예적금\n8,951\n22,206\n배당금수익\n57\n57\n외환차익\n68,963\n132,359\n외화환산이익\n387,983\n81,084\n파생상품평가이익\n6,442,648\n508,314\n사채상환이익\n-\n32,719\n합 \xa0계\n6,908,602\n776,739\n이자비용\n5,894,140\n4,726,362\n\xa0 일반차입금이자\n308,601\n114,010\n\xa0 사채\n5,572,351\n4,603,661\n\xa0 기타이자비용\n13,188\n8,691\n외환차손\n537,631\n279,598\n외화환산손실\n16,085\n40,665\n사채상환손실\n1,191\n-\n합 계\n6,449,047\n5,046,625\n회사는 외화거래 및 환산으로 발생한 외환차이를 금융수익 및 금융비용으로 인식하고 있습니다.22-2 당기 및 전기 중 당기손익인식금융부채 및 위험회피회계금융부채에서 발생한 금융손익은 상기 파생상품평가이익 외에는 없습니다.\n23. 법인세비용\n당기 및 전기 중 세무상 누적결손금 등의 영향으로 과세소득에 대하여 납부할 법인세는 없으며, 당기말 현재 가산할 차이에 대한 이연법인세효과에서 실현가능하다고 예상되는 세무상 이월결손금의 이연법인세효과를 차감한 잔액을 이연법인세부채로 인식하고 있습니다.\n23-1 법인세비용의 구성내역회사의 당기와 전기 손익에 반영된 법인세비용의 내역은 다음과 같습니다.  \xa0 \xa0 \xa0 \xa0 \xa0 \xa0 \xa0 \xa0 \xa0 \xa0 \xa0 \xa0 \xa0 \xa0 \xa0 \xa0 \xa0 \xa0 \xa0 \xa0 \xa0 \xa0 \xa0 \xa0 \xa0 \xa0 \xa0 \xa0 \xa0 \xa0 \xa0 \xa0 \xa0 \xa0 \xa0 \xa0 \xa0 \xa0 \xa0 \xa0 \xa0 \xa0 \xa0 \xa0 \xa0 \xa0 \xa0 \xa0 \xa0 \xa0 \xa0(단위 : 천원)\n구 \xa0 \xa0 분\n당기\n전기\n법인세부담액\n-\n-\n일시적차이로 인한 이연법인세 변동액\n(5,329,222)\n904,853\n자본에 반영된 이연변법인세 변동액\n(680,798)\n(904,853)\n법인세비용\n(6,010,020)\n-\n23-2 당기 및 전기의 회계이익과 법인세비용의 관계는 다음과 같습니다. \xa0 \xa0 \xa0 \xa0 \xa0 \xa0 \xa0 \xa0 \xa0 \xa0 \xa0 \xa0 \xa0 \xa0 \xa0 \xa0 \xa0 \xa0 \xa0 \xa0 \xa0 \xa0 \xa0 \xa0 \xa0 \xa0 \xa0 \xa0 \xa0 \xa0 \xa0 \xa0 \xa0 \xa0 \xa0 \xa0 \xa0 \xa0 \xa0 \xa0 \xa0 \xa0 \xa0 \xa0 \xa0 \xa0 \xa0 \xa0 \xa0 (단위 : 천원)\n구 \xa0분\n당 기\n전 기\n법인세비용차감전순이익(손실)\n(11,061,226)\n(7,234,011)\n적용세율(22%)에 따른 법인세비용\n(2,433,470)\n(1,591,482)\n조정사항\n\xa0 이연법인세를 인식하지 않은 일시적차이 효과\n2,433,470\n2,496,335\n\xa0 일시적차이로 인한 법인세효과\n(5,329,222)\n-\n\xa0 자본에 직접반영된 법인세효과\n(680,798)\n(904,853)\n법인세비용\n(6,010,020)\n-\n23-3 당기말과 전기말 현재 재무상태표에 인식된 이연법인세자산(부채)의 내역은 다음과 같습니다.-당기 \xa0 \xa0 \xa0 \xa0 \xa0 \xa0 \xa0 \xa0 \xa0 \xa0 \xa0 \xa0 \xa0 \xa0 \xa0 \xa0 \xa0 \xa0 \xa0 \xa0 \xa0 \xa0 \xa0 \xa0 \xa0 \xa0 \xa0 \xa0 \xa0 \xa0 \xa0 \xa0 \xa0 \xa0 \xa0 \xa0 \xa0 \xa0 \xa0 \xa0 \xa0 \xa0 \xa0 \xa0 (단위 : 천원)\n구 분\n누적일시적차이\n이연법인세자산(부채)\n기초잔액\n증감\n기말잔액\n기초잔액\n증감\n기말잔액\n일시적차이로 인한이연법인세\n투자주식평가손실\n30,570,948\n-\n30,570,948\n6,725,609\n(305,710)\n6,419,899\n매출채권\n263,436\n-\n263,436\n57,956\n(2,634)\n55,322\n대손충당금\n35,606,547\n854,259\n36,460,806\n7,833,440\n(176,671)\n7,656,769\n퇴직급여충당부채\n1,658,260\n(154,892)\n1,503,368\n364,817\n(49,110)\n315,707\n무형자산\n2,831,822\n(828,382)\n2,003,440\n623,001\n(202,279)\n420,722\n유형자산\n1,853,683\n(254,830)\n1,598,853\n407,810\n(72,051)\n335,759\n지분법적용주식\n9,973,243\n-\n9,973,243\n2,194,113\n(99,732)\n2,094,381\n종속회사주식\n8,553,400\n1,924,310\n10,477,710\n1,881,748\n318,571\xa0\n2,200,319\n구매보상손실\n285,300\n(1,000)\n284,300\n62,766\n(3,063)\n59,703\n재고평가충당금\n3,480,565\n(319,587)\n3,160,978\n765,724\n(101,919)\n663,805\n파생상품자산\n-\n(928,290)\n(928,290)\n-\n(194,941)\n(194,941)\n미지급비용\n621,310\n(156,291)\n465,019\n136,688\n(39,034)\n97,654\n장기미지급비용\n65,425\n(12,353)\n53,072\n14,394\n(3,249)\n11,145\n미지급금\n118,256\n(118,256)\n-\n26,016\n(26,016)\n-\n파생상품부채\n17,330,011\n(6,088,369)\n11,241,642\n3,812,602\n(1,451,857)\n2,360,745\n재평가차익\n(54,339,891)\n(4,261,168)\n(58,601,059)\n(11,954,776)\n(351,446)\n(12,306,222)\n사채상환할증금\n3,078,425\n-\n3,078,425\n677,254\n(30,785)\n646,469\n전환권조정계정\n(17,335,158)\n4,485,396\n(12,849,762)\n(3,813,735)\n1,115,285\xa0\n(2,698,450)\n신주인수권조정계정\n2,923\n(2,923)\n-\n643\n(643)\n-\n리스자산\n(152,153)\n152,153\n-\n(33,474)\n33,474\xa0\n-\n리스부채\n159,695\n(18,064)\n141,631\n35,133\n(5,390)\n29,743\n외화환산이익\n(799,345)\n(8,300)\n(807,645)\n(175,856)\n6,251\xa0\n(169,605)\n판매보증충당부채\n343,325\n(24,238)\n319,087\n75,532\n(8,524)\n67,008\n외상매출금\n(263,436)\n-\n(263,436)\n(57,956)\n2,634\xa0\n(55,322)\n외상매출금\n8,062,101\n-\n8,062,101\n1,773,662\n(80,621)\n1,693,041\n정상이자\n703,825\n2,689,391\n3,393,216\n154,842\n557,733\xa0\n712,575\n대여금\n401,947\n-\n401,947\n88,428\n(4,019)\n84,409\n자산조정계정\n52,342\n(5,435)\n46,907\n11,515\n(1,665)\n9,850\n정부보조금\n173,875\n(53,500)\n120,375\n38,253\n(12,974)\n25,279\n기타\n112,144\n(112,144)\n-\n24,672\n(24,672)\n-\n지급수수료\n50,000\n(50,000)\n-\n11,000\n(11,000)\n-\n미수수익\n-\n(3,275)\n(3,275)\n-\n(688)\n(688)\n무형자산감액손실\n-\n59,068\n59,068\n-\n12,404\xa0\n12,404\n소계\n53,462,825\n(3,236,720)\n50,226,105\n11,761,821\n(1,214,341)\n10,547,480\n이월결손금\n113,804,963\n7,080,275\n120,885,238\n25,037,092\n348,808\n25,385,900\n이월세액공제\n600,698\n-\n600,698\n660,767\n-\n660,767\n합계\n167,868,486\n3,843,555\n171,712,041\n37,459,680\n(865,533)\n36,594,147\xa0\n차감>미인식일시적차이등\n(167,868,486)\n(3,843,555)\n(171,712,041)\n(37,459,680)\n\u3000\n(36,594,147)\n이연법인세자산(부채)\n(5,329,222)\n5,329,222\n-\n-전기 \xa0 \xa0 \xa0 \xa0 \xa0 \xa0 \xa0 \xa0 \xa0 \xa0 \xa0 \xa0 \xa0 \xa0 \xa0 \xa0 \xa0 \xa0 \xa0 \xa0 \xa0 \xa0 \xa0 \xa0 \xa0 \xa0 \xa0 \xa0 \xa0 \xa0 \xa0 \xa0 \xa0 \xa0 \xa0 \xa0 \xa0 \xa0 \xa0 \xa0 \xa0 \xa0 \xa0 \xa0 (단위 : 천원)\n구 분\n누적일시적차이\n이연법인세자산(부채)\n기초잔액\n증감\n기말잔액\n기초잔액\n증감\n기말잔액\n일시적차이로 인한이연법인세\n투자주식평가손실\n30,570,948\xa0\n\xa0 \xa0 \xa0 \xa0 \xa0 \xa0-\xa0\n30,570,948\xa0\n6,725,609\xa0\n\xa0 \xa0 \xa0 \xa0 \xa0-\xa0\n6,725,609\xa0\n매출채권\n263,436\xa0\n\xa0 \xa0 \xa0 \xa0 -\xa0\n263,436\xa0\n57,956\xa0\n\xa0 \xa0 \xa0 \xa0 \xa0 \xa0 \xa0 -\xa0\n57,956\xa0\n대손충당금\n37,338,310\xa0\n(1,731,763)\n35,606,547\xa0\n8,214,428\xa0\n(380,988)\n7,833,440\xa0\n퇴직급여충당부채\n2,052,745\xa0\n(394,485)\n1,658,260\xa0\n451,604\xa0\n(86,787)\n364,817\xa0\n무형자산\n4,198,397\xa0\n(1,366,575)\n2,831,822\xa0\n923,647\xa0\n(300,646)\n623,001\xa0\n유형자산\n2,458,897\xa0\n(605,214)\n1,853,683\xa0\n540,957\xa0\n(133,147)\n407,810\xa0\n지분법적용주식\n7,807,260\xa0\n2,165,983\xa0\n9,973,243\xa0\n1,717,597\xa0\n476,516\xa0\n2,194,113\xa0\n종속회사주식\n8,553,400\xa0\n\xa0 \xa0 \xa0 \xa0 \xa0 \xa0 \xa0-\xa0\n8,553,400\xa0\n1,881,748\xa0\n\xa0 \xa0 \xa0 \xa0 \xa0 \xa0-\xa0\n1,881,748\xa0\n구매보상손실\n285,300\xa0\n\xa0 \xa0 \xa0 \xa0 \xa0 \xa0-\xa0\n285,300\xa0\n62,766\xa0\n\xa0 \xa0 \xa0 \xa0 \xa0 \xa0 \xa0 -\xa0\n62,766\xa0\n재고평가충당금\n3,553,808\xa0\n(73,243)\n3,480,565\xa0\n781,838\xa0\n(16,114)\n765,724\xa0\n구조조정충당부채\n\xa0 \xa0 \xa0 \xa0 \xa0-\xa0\n\xa0 \xa0 \xa0 \xa0 \xa0 \xa0 \xa0-\xa0\n\xa0 \xa0 \xa0 \xa0 \xa0 \xa0 \xa0 \xa0-\xa0\n\xa0 \xa0 \xa0 \xa0 \xa0 \xa0 \xa0 -\xa0\n\xa0 \xa0 \xa0 \xa0 \xa0 \xa0 \xa0 \xa0 -\xa0\n-\xa0\n미지급비용\n490,263\xa0\n131,047\xa0\n621,310\xa0\n107,858\xa0\n28,830\xa0\n136,688\xa0\n장기미지급비용\n88,258\xa0\n(22,833)\n65,425\xa0\n19,417\xa0\n(5,023)\n14,394\xa0\n미지급금\n118,256\xa0\n\xa0 \xa0 \xa0 \xa0 \xa0 -\xa0\n118,256\xa0\n26,016\xa0\n-\xa0\n26,016\xa0\n파생상품부채\n20,154,253\xa0\n(2,824,242)\n17,330,011\xa0\n4,433,936\xa0\n(621,334)\n3,812,602\xa0\n재평가차익\n(50,276,923)\n(4,062,968)\n(54,339,891)\n(11,060,923)\n(893,853)\n(11,954,776)\n사채상환할증금\n4,045,461\xa0\n(967,036)\n3,078,425\xa0\n890,001\xa0\n(212,747)\n677,254\xa0\n전환권조정계정\n(22,983,077)\n5,647,919\xa0\n(17,335,158)\n(5,056,277)\n1,242,542\xa0\n(3,813,735)\n신주인수권조정계정\n(74,832)\n77,755\xa0\n2,923\xa0\n(16,463)\n17,106\xa0\n643\xa0\n리스자산\n(211,014)\n58,861\xa0\n(152,153)\n(46,423)\n12,949\xa0\n(33,474)\n리스부채\n215,454\xa0\n(55,759)\n159,695\xa0\n47,400\xa0\n(12,267)\n35,133\xa0\n외화환산이익\n(810,206)\n10,861\xa0\n(799,345)\n(178,245)\n2,389\xa0\n(175,856)\n판매보증충당부채\n419,467\xa0\n(76,142)\n343,325\xa0\n92,283\xa0\n(16,751)\n75,532\xa0\n외상매출금\n(263,436)\n\xa0 \xa0 \xa0 \xa0 \xa0 -\xa0\n(263,436)\n(57,956)\n\xa0 \xa0 \xa0 \xa0 \xa0 -\xa0\n(57,956)\n외상매출금\n8,062,101\xa0\n\xa0 \xa0 \xa0 \xa0 \xa0 -\xa0\n8,062,101\xa0\n1,773,662\xa0\n\xa0 \xa0 \xa0 \xa0 \xa0 \xa0-\xa0\n1,773,662\xa0\n정상이자\n683,498\xa0\n20,327\xa0\n703,825\xa0\n150,370\xa0\n4,472\xa0\n154,842\xa0\n대여금\n401,947\xa0\n\xa0 \xa0 \xa0 \xa0 \xa0 \xa0 \xa0 -\xa0\n401,947\xa0\n88,428\xa0\n\xa0 \xa0 \xa0 \xa0 \xa0-\xa0\n88,428\xa0\n자산조정계정\n55,627\xa0\n(3,285)\n52,342\xa0\n12,238\xa0\n(723)\n11,515\xa0\n정부보조금\n150,000\xa0\n23,875\xa0\n173,875\xa0\n33,000\xa0\n5,253\xa0\n38,253\xa0\n기타\n\xa0 \xa0 \xa0 \xa0 \xa0 -\xa0\n112,144\xa0\n112,144\xa0\n\xa0 \xa0 \xa0 \xa0 \xa0 \xa0 \xa0-\xa0\n24,672\xa0\n24,672\xa0\n지급수수료\n\xa0 \xa0 \xa0 \xa0 \xa0 -\xa0\n50,000\xa0\n50,000\xa0\n\xa0 \xa0 \xa0 \xa0 \xa0 \xa0 \xa0-\xa0\n11,000\xa0\n11,000\xa0\n소계\n57,347,598\xa0\n(3,884,773)\n53,462,825\xa0\n12,616,472\xa0\n(854,651)\n11,761,821\xa0\n이월결손금\xa0\n108,970,359\xa0\n4,834,604\xa0\n113,804,963\xa0\n23,973,479\xa0\n1,063,613\xa0\n25,037,092\xa0\n이월세액공제\n600,698\xa0\n\xa0 \xa0 \xa0 \xa0 \xa0-\xa0\n600,698\xa0\n660,767\xa0\n\xa0 \xa0 \xa0 \xa0 \xa0 -\xa0\n660,767\xa0\n합계\n166,918,655\xa0\n949,831\xa0\n167,868,486\xa0\n37,250,718\xa0\n208,962\xa0\n37,459,680\xa0\n차감>미인식일시적차이등\n(187,029,421)\n(949,831)\n(167,868,486)\n(41,675,087)\n\u3000\n(37,459,680)\n이연법인세자산(부채)\n(4,424,369)\n(904,853)\n(5,329,222)\n\xa023-4 당기 자본에 직접 반영된 법인세효과의 내역은 다음과 같습니다. \xa0 \xa0 \xa0 \xa0 \xa0 \xa0 \xa0 \xa0 \xa0 \xa0 \xa0 \xa0 \xa0 \xa0 \xa0 \xa0 \xa0 \xa0 \xa0 \xa0 \xa0 \xa0 \xa0 \xa0 \xa0 \xa0 \xa0 \xa0 \xa0 \xa0 \xa0 \xa0 \xa0 \xa0 \xa0 \xa0 \xa0 \xa0 \xa0 \xa0 \xa0 \xa0 \xa0 \xa0 \xa0 \xa0 \xa0 \xa0 \xa0 \xa0(단위 : 천원)\n과 목\n발생금액\n법인세효과\n장부금액\n재평가차익\n4,275,109\n\xa0(680,798)\n3,594,310\n24. \xa0주당손익24-1 당기 및 전기의 기본주당이익 산정내역은 다음과 같습니다. \xa0 \xa0 \xa0 \xa0 \xa0 \xa0 \xa0 \xa0 \xa0 \xa0 \xa0 \xa0 \xa0 \xa0 \xa0 \xa0 \xa0 \xa0 \xa0 \xa0 \xa0 \xa0 \xa0 \xa0 \xa0 \xa0 \xa0 \xa0 \xa0 \xa0 \xa0 \xa0 \xa0 \xa0 \xa0 \xa0 \xa0 \xa0 \xa0 \xa0 \xa0 \xa0 \xa0 \xa0 \xa0 \xa0 \xa0(단위 : 원, 주)\n구 \xa0분\n당기\n전기\n당기순이익(손실)\n(5,051,205,254)\n(7,234,011,271)\n보통주순이익(손실)\n(5,051,205,254)\n(7,234,011,271)\n÷가중평균유통보통주식수\n96,137,990\n95,983,001\n기본및희석주당순이익(손실)\n(53)\n(75)\n당기 및 전기 잠재적보통주의 희석화 효과가 없으므로 기본주당순손실과 희석주당순손실은 동일합니다. \n24-2 잠재적 보통주보고기간 중 잠재적으로 미래에 기본주당이익을 희석화할 수 있는 잠재적 보통주의 내용은 다음과 같습니다.  \xa0 \xa0 \xa0 \xa0 \xa0 \xa0 \xa0 \xa0 \xa0 \xa0 \xa0 \xa0 \xa0 \xa0 \xa0 \xa0 \xa0 \xa0 \xa0 \xa0 \xa0 \xa0 \xa0 \xa0 \xa0 \xa0 \xa0 \xa0 \xa0 \xa0 \xa0 \xa0 \xa0 \xa0 \xa0 \xa0 \xa0 \xa0 \xa0 \xa0 \xa0 \xa0 \xa0 \xa0 \xa0 \xa0 \xa0 \xa0 \xa0 \xa0(단위 : 원, 주)\n구분\n전환기간\n발행될보통주식수\n전환사채\n2021.12.23~2024.11.23\n62,056,737\xa0\n25. \xa0특수관계자거래\n25-1 당기말과 전기말 현재 회사의 특수관계자 내역은 다음과 같습니다.\n구 \xa0 \xa0분\n당 기\n전 기\n\xa0최상위 지배기업\n-\n-\n\xa0대주주\n엘브이엠씨홀딩스(주)\n엘브이엠씨홀딩스(주)\n\xa0종속기업\nKRM America. Inc\nKRM America. Inc\n케이알트레이딩(주)\n케이알트레이딩(주)\nJInan Qingqi KR Motorcycle Co.,Ltd.\nJInan Qingqi KR Motorcycle Co.,Ltd.\nJinan Qingqi Foreign Trade Co.,Ltd.\nJinan Qingqi Foreign Trade Co.,Ltd.\nJiangmen Qingqi Huanan Motorcycle Co.,Ltd\nJiangmen Qingqi Huanan Motorcycle Co.,Ltd\n\xa0관계기업\n중경은상효성마탁유한공사\n중경은상효성마탁유한공사\n(주)엘브이엠씨그린에너지\n(주)엘브이엠씨그린에너지\n(주)그린모빌리티\n(주)그린모빌리티\xa0\n\xa0기타의특수관계자\nLVMC Holdings(Cambodia) Co.,Ltd.\nLVMC Holdings(Cambodia) Co.,Ltd.\nAuto World(LVMC Developing) Co.\nAuto World(LVMC Developing) Co.\nKDC Korea Co., Ltd.\xa0\nKDC Korea Co., Ltd.\xa0\n내담상사\n내담상사\n에스아이비\n에스아이비\n\xa0주주\n오세영\xa0\n오세영\xa0\n\xa0대표이사\n노성석\n노성석\n25-2 당기와 전기 중 특수관계자와 자금거래(지분거래 제외) 내역은 다음과 같습니다.\n- 당기 \xa0 \xa0 \xa0 \xa0 \xa0 \xa0 \xa0 \xa0 \xa0 \xa0 \xa0 \xa0 \xa0 \xa0 \xa0 \xa0 \xa0 \xa0 \xa0 \xa0 \xa0 \xa0 \xa0 \xa0 \xa0 \xa0 \xa0 \xa0 \xa0 \xa0 \xa0 \xa0 \xa0 \xa0 \xa0 \xa0 \xa0 \xa0 \xa0 \xa0 \xa0 \xa0 \xa0 \xa0 (단위 : 천원)\n구 분\n특수관계자명\n과 목\n기초\n증가\n감소\n기말\n대주주\n엘브이엠씨홀딩스(주)\n단기차입금\n652,025\n8,082,226\n(53,246)\n8,681,005\n관계기업\n그린모빌리티\n단기대여금\n-\n886,664\n(72,500)\n814,164\n기타(주주)\n오세영\n단기차입금\n2,900,000\n2,800,000\n(3,700,000)\n2,000,000\n기타(대표이사)\n노성석\n단기차입금\n-\n425,000\n(250,000)\n175,000\n한편, 차입금의 증감내역에는 외화환산손실 53,246천원이 포함되었습니다.\n- 전기 \xa0 \xa0 \xa0 \xa0 \xa0 \xa0 \xa0 \xa0 \xa0 \xa0 \xa0 \xa0 \xa0 \xa0 \xa0 \xa0 \xa0 \xa0 \xa0 \xa0 \xa0 \xa0 \xa0 \xa0 \xa0 \xa0 \xa0 \xa0 \xa0 \xa0 \xa0 \xa0 \xa0 \xa0 \xa0 \xa0 \xa0 \xa0 \xa0 \xa0 \xa0 \xa0 \xa0 \xa0 \xa0(단위 : 천원)\n구 분\n특수관계자명\n과 목\n기초\n증가\n감소\n기말\n대주주\n엘브이엠씨홀딩스(주)\n단기차입금\n690,880\n3,026,815\n(3,065,670)\n652,025\n\xa0 전환사채\n2,500,000\n-\n(2,500,000)\n-\n관계기업\n그린모빌리티\n단기대여금\n-\n736,000\n(736,000)\n-\n기타(주주)\n오세영\n\xa0 전환사채\n2,800,000\n-\n(2,800,000)\n-\n단기차입금\n-\n2,900,000\n-\n2,900,000\n기타(대표이사)\n노성석\n단기차입금\n-\n300,000\n(300,000)\n-\n(주) 전환사채는 액면금액 기준임.\n25-3 당기와 전기 중 특수관계자와의 거래 내역은 다음과 같습니다.\n- 당기 \xa0 \xa0 \xa0 \xa0 \xa0 \xa0 \xa0 \xa0 \xa0 \xa0 \xa0 \xa0 \xa0 \xa0 \xa0 \xa0 \xa0 \xa0 \xa0 \xa0 \xa0 \xa0 \xa0 \xa0 \xa0 \xa0 \xa0 \xa0 \xa0 \xa0 \xa0 \xa0 \xa0 \xa0 \xa0 \xa0 \xa0 \xa0 \xa0 \xa0 \xa0 \xa0 \xa0 \xa0 (단위 : 천원)\n구 분\n특수관계자명\n매출거래\n매입거래\n매출\n기타\n매입\n기타\n대주주\n엘브이엠씨홀딩스(주)\n-\n-\n-\n223,735\n종속기업\nKRM America.Inc.\n10,532\n-\n-\n264,433\nJinan Qingqi KR Motorcycle Co.,Ltd.\n5,424\n1,184\n4,282,084\n9,151\nJiangmen Qingqi Huanan Motorcycle Co.,Ltd.\n-\n-\n35,470\n-\n케이알트레이딩㈜\n-\n2,400\n-\n36,000\n기타(대표이사)\n노성석\n-\n-\n-\n3,365\n주주\n오세영\n-\n-\n-\n81,502\n합 계\n15,956\n3,584\n4,317,554\n618,186\n- 전기 \xa0 \xa0 \xa0 \xa0 \xa0 \xa0 \xa0 \xa0 \xa0 \xa0 \xa0 \xa0 \xa0 \xa0 \xa0 \xa0 \xa0 \xa0 \xa0 \xa0 \xa0 \xa0 \xa0 \xa0 \xa0 \xa0 \xa0 \xa0 \xa0 \xa0 \xa0 \xa0 \xa0 \xa0 \xa0 \xa0 \xa0 \xa0 \xa0 \xa0 \xa0 \xa0 \xa0 \xa0 (단위 : 천원)\n구 분\n특수관계자명\n매출거래\n매입거래\n매출\n기타\n매입\n기타\n대주주\n엘브이엠씨홀딩스(주)\n-\n-\n-\n47,131\n종속기업\nKRM America.Inc.\n8,017\n-\n-\n2,842\nJinan Qingqi KR Motorcycle Co.,Ltd.\xa0\n418,064\n-\n2,643,464\n-\nJiangmen Qingqi Huanan Motorcycle Co.,Ltd.\n-\n-\n4,052\n-\n케이알트레이딩㈜\n-\n2,400\n-\n36,000\n기타의특수관계자\n내담상사\n185,738\n-\n-\n-\n관계기업\n㈜그린모빌리티\n-\n-\n1,964\n-\n그린에너지\n150,000\n-\n-\n-\n주주\n오세영\n-\n-\n-\n51,898\n합 계\n761,819\n2,400\n2,649,480\n137,871\n25-4 \xa0당기말과 전기말 현재 특수관계자에 대한 채권ㆍ채무내역(자금거래 제외)은 다음과 같습니다.\n- 당기 \xa0 \xa0 \xa0 \xa0 \xa0 \xa0 \xa0 \xa0 \xa0 \xa0 \xa0 \xa0 \xa0 \xa0 \xa0 \xa0 \xa0 \xa0 \xa0 \xa0 \xa0 \xa0 \xa0 \xa0 \xa0 \xa0 \xa0 \xa0 \xa0 \xa0 \xa0 \xa0 \xa0 \xa0 \xa0 \xa0 \xa0 \xa0 \xa0 \xa0 \xa0 \xa0 \xa0 \xa0 (단위 : 천원)\n특수관계구분\n특수관계자명\n채 \xa0권\n채 \xa0무\n대주주\n엘브이엠씨홀딩스(주)\n10,086\n289,796\n종속기업\nKRM America.Inc.\n-\n-\n케이알트레이딩㈜\n3,221\n2,402,512\nJiangmen Qingqi Huanan Motorcycle Co.,Ltd.\n-\n743\nJinan Qingqi KR Motorcycle Co.,Ltd.\n157,472\n46,944\n관계기업\n중경은상효성마탁유한공사\n-\n-\n(주)그린모빌리티\n-\n-\n대표이사\n노성석\n-\n3,365\n주주\n오세영\n-\n192,820\n합 계\n170,779\n2,936,180\n- 전기 \xa0 \xa0 \xa0 \xa0 \xa0 \xa0 \xa0 \xa0 \xa0 \xa0 \xa0 \xa0 \xa0 \xa0 \xa0 \xa0 \xa0 \xa0 \xa0 \xa0 \xa0 \xa0 \xa0 \xa0 \xa0 \xa0 \xa0 \xa0 \xa0 \xa0 \xa0 \xa0 \xa0 \xa0 \xa0 \xa0 \xa0 \xa0 \xa0 \xa0 \xa0 \xa0 \xa0 \xa0 (단위 : 천원)\n특수관계구분\n특수관계자명\n채 \xa0권\n채 \xa0무\n유의적영향력행사\n엘브이엠씨홀딩스(주)\n10,086\n402,416\n종속기업\nKRM America.Inc.\n-\n80,644\n케이알트레이딩㈜\n581\n2,233,696\nJinan Qingqi KR Motorcycle Co.,Ltd.\n143,425\n-\n관계기업\n중경은상효성마탁유한공사\n-\n-\n기타의특수관계자\n내담상사\n132,000\n139,100\n주주\n\xa0오세영\n-\n77,694\n합 계\n286,092\n2,933,550\n한편, 당기말 현재 상기 채권과 관련된 계약조건 및 보증의 상세내역과 손실충당금계상내역은 다음과 같습니다. \xa0 \xa0  \xa0 \xa0 \xa0 \xa0 \xa0 \xa0 \xa0 \xa0 \xa0 \xa0 \xa0 \xa0 \xa0 \xa0 \xa0 \xa0 \xa0 \xa0 \xa0 \xa0 \xa0 \xa0 \xa0 \xa0 \xa0 \xa0 \xa0 \xa0 \xa0 \xa0 \xa0 \xa0 \xa0 \xa0 \xa0 \xa0 \xa0 \xa0 \xa0 \xa0 \xa0 \xa0 \xa0 \xa0 \xa0 \xa0 \xa0 \xa0 \xa0 \xa0 (단위 : 천원)\n특수관계구분\n특수관계자명\n계정과목\n관련채권\n담보 및지급보증액\n손실충당금\n관계기업\n중경은상효성마탁차유한공사\n미수금\n1,261,708\n-\n1,261,708\n선급금\n170,409\n-\n170,409\n(주)그린모빌리티\n대여금\n814,164\n-\n814,164\nKRM America.Inc.\n매출채권\n14,777,914\n-\n14,777,914\n합 \xa0 \xa0계\n17,024,195\n-\n17,024,195\n25-5 당기말 현재 회사의 차입금 등과 관련하여 특수관계자로부터 제공받고 있는 담보 및 지급보증의 내역은 없습니다.\n25-6 당기말 현재 회사가 특수관계자의 채무 등을 위하여 제공하고 있는 담보 및 지급보증의 내역은 다음과 같습니다. \xa0 \xa0 \xa0 \xa0 \xa0 \xa0 \xa0 \xa0 \xa0 \xa0 \xa0 \xa0 \xa0 \xa0 \xa0 \xa0 \xa0 \xa0 \xa0 \xa0 \xa0 \xa0 \xa0 \xa0 \xa0(단위 : 천원)\n구분\n특수관계자\n담보제공자산\n담보/보증액\n제공처\n담보제공\n케이알트레이딩(주)\n토지, 건물\nUSD \xa0 2,400,000\n(주)대구은행\n담보제공\n케이알트레이딩(주)\n정기예금\n500,000\n(주)대구은행\n25-7 주요경영진에 대한 보상내역은 다음과 같습니다. \xa0 \xa0 \xa0 \xa0 \xa0 \xa0 \xa0 \xa0 \xa0 \xa0 \xa0 \xa0 (단위 : 천원)\n분 \xa0 \xa0류\n당 기\n전 기\n단기급여\n192,000\n273,575\n\xa0 \xa0 \xa0 \xa0 \xa0 \xa0 퇴직후급여\n19,250\n54,914\n합 \xa0계\n211,250\n328,489\n회사의 주요경영진에는 등기임원인 이사(사외이사 포함) 및 감사위원회 위원(감사)을포함하였습니다.\n26. \xa0영업현금흐름26-1 당기와 전기 중 영업활동으로부터 창출된 현금흐름의 내용은 다음과 같습니다. \xa0 \xa0 \xa0 \xa0 \xa0 \xa0 \xa0 \xa0 \xa0 \xa0 \xa0 \xa0 \xa0 \xa0 \xa0 \xa0 \xa0 \xa0 \xa0 \xa0 \xa0 \xa0 \xa0 \xa0 \xa0 \xa0 \xa0 \xa0 \xa0 \xa0 \xa0 \xa0 \xa0 \xa0 \xa0 \xa0 \xa0 \xa0 \xa0 \xa0 \xa0 \xa0 \xa0 \xa0 \xa0 \xa0 \xa0 \xa0 \xa0 \xa0 \xa0 (단위: 천원)\n구 \xa0 \xa0분\n당 \xa0기\n전 \xa0기\n\xa0당기순이익(손실)\n(5,051,205)\n(7,234,011)\n\xa0조정\n680,947\xa0\n6,024,093\xa0\n\xa0 \xa0 \xa0 이자비용\n5,894,140\xa0\n4,726,363\xa0\n\xa0 \xa0 \xa0 이자수익\n(8,951)\n(22,206)\n\xa0 \xa0 \xa0 배당금수익\n(57)\n(57)\n\xa0 \xa0 \xa0 법인세비용\n(6,010,021)\n-\n\xa0 \xa0 \xa0 퇴직급여\n322,927\xa0\n494,333\xa0\n\xa0 \xa0 \xa0 감가상각비\n213,152\xa0\n220,824\xa0\n\xa0 \xa0 \xa0 무형자산상각비\n99,188\xa0\n24,519\xa0\n\xa0 \xa0 \xa0 사용권자산상각비\n82,832\xa0\n71,736\xa0\n\xa0 \xa0 \xa0 재고자산평가손실(환입)\n(319,588)\n1,536\xa0\n\xa0 \xa0 \xa0 종속및관계기업투자손익\n5,189,301\n2,165,983\xa0\n\xa0 \xa0 \xa0 기타의 대손상각비\n822,894\xa0\n(440,679)\n\xa0 \xa0 \xa0 대손상각비\n194,473\xa0\n(1,322,679)\n\xa0 \xa0 \xa0 외화환산이익\n(387,983)\n(81,084)\n\xa0 \xa0 \xa0 외화환산손실\n16,085\xa0\n40,665\xa0\n\xa0 \xa0 \xa0 사채상환이익\n\xa0-\n(32,719)\n\xa0 \xa0 \xa0 사채상환손실\n\xa01,191\xa0\n-\n\xa0 \xa0 \xa0 무형자산손상차손\n361,149\xa0\n\xa0630,613\xa0\n\xa0 \xa0 \xa0 유형자산손상차손\n575,873\xa0\n-\xa0\n\xa0 \xa0 \xa0 사용권자산손상차손\n133,685\xa0\n-\xa0\n\xa0 \xa0 \xa0 유형자산처분이익\n(1,556)\n(9,356)\n\xa0 \xa0 \xa0 유형자산처분손실\n6\xa0\n-\n\xa0 \xa0 \xa0 파생상품평가이익\n(6,442,648)\n(508,314)\n\xa0 \xa0 \xa0 잡이익\n(35,203)\n(150,616)\n\xa0 \xa0 \xa0 잡손실\n4,297\xa0\n262,343\xa0\n\xa0 \xa0 \xa0 판매보증비\n(24,239)\n289,243\xa0\n\xa0 \xa0 \xa0 채무면제이익\n-\n(336,355)\n\xa0자산부채의증감\n(222,567)\n(671,610)\n\xa0 \xa0 \xa0 매출채권및기타채권의감소(증가)\n375,802\xa0\n2,582,047\xa0\n\xa0 \xa0 \xa0 재고자산의감소(증가)\n(568,479)\n(1,404,393)\n\xa0 \xa0 \xa0 기타유동자산의감소(증가)\n(35,976)\n(180,582)\n\xa0 \xa0 \xa0 매입채무및기타채무의증가(감소)\n(64,001)\n(631,517)\n\xa0 \xa0 \xa0 기타유동부채의증가(감소)\n115,010\xa0\n(451,111)\n\xa0 \xa0 \xa0 장기성매입채무및기타채무의증가(감소)\n(22,364)\n(346,997)\n\xa0 \xa0 \xa0 퇴직금의지급\n(24,443)\n(239,057)\n\xa0 \xa0 \xa0 사외적립자산의감소(증가)\n1,884\xa0\n-\n영업흐름으로부터 창출된 현금흐름\n(4,592,825)\n(1,881,528)\n26-2 회사의 현금흐름표는 간접법에 의해 작성되었으며, 당기 및 전기 중 현금의 유입과 유출이 없는 주요한 거래는 다음과 같습니다. \xa0 \xa0 \xa0 \xa0 \xa0 \xa0 \xa0 \xa0 \xa0 \xa0 \xa0 \xa0 \xa0 \xa0 \xa0 \xa0 \xa0 \xa0 \xa0 \xa0 \xa0 \xa0 \xa0 \xa0 \xa0 \xa0 \xa0 \xa0 \xa0 \xa0 \xa0 \xa0 \xa0 \xa0 \xa0 \xa0 \xa0 \xa0 \xa0 \xa0 \xa0 \xa0 \xa0 \xa0 \xa0 \xa0 \xa0 \xa0 \xa0 \xa0 \xa0 \xa0 \xa0 \xa0 \xa0 (단위 : 천원)\n구 분\n당기\n전기\n장기성예치금의 종속회사주식 대체\n-\n1,000,000\n전환사채의 주식 전환\n-\n6,395,187\n건설중인자산의 본계정 대체\n-\n315,581\n사업결합으로 인한 순자산 감소\n-\n126,648\n리스부채 유동성대체\n60,412\n57,391\n한편, 현금흐름표상의 현금은 재무상태표상의 현금및현금성자산입니다.  26-3 당기 및 전기 재무활동에서 발생한 부채의 변동내역은 다음과 같습니다.\xa0\n- 당기 \xa0 \xa0 \xa0 \xa0 \xa0 \xa0 \xa0 \xa0 \xa0 \xa0 \xa0 \xa0 \xa0 \xa0 \xa0 \xa0 \xa0 \xa0 \xa0 \xa0 \xa0 \xa0 \xa0 \xa0 \xa0 \xa0 \xa0 \xa0 \xa0 \xa0 \xa0 \xa0 \xa0 \xa0 \xa0 \xa0 \xa0 \xa0 \xa0 \xa0 \xa0 \xa0 \xa0 \xa0 \xa0(단위 : 천원)\n구 분\n기초금액\n순현금흐름\n비현금흐름\n기말잔액\n이자비용\n상환손익\n자본대체\n평가/환율차이\n단기차입금\n3,552,025\xa0\n7,357,226\xa0\n-\n-\n-\n(53,246)\n10,856,005\xa0\n리스부채\n159,695\xa0\n(94,282)\n-\n-\n-\n76,218\xa0\n141,631\xa0\n전환사채\n20,664,636\xa0\n\xa0 \xa0 \xa0 \xa0 \xa0 \xa0 \xa0 \xa0-\n4,518,453\xa0\n-\n-\n\xa0 \xa0 \xa0 -\n25,183,089\xa0\n신주인수권부사채\n33,498\xa0\n(36,597)\n\xa01,908\xa0\n1,191\xa0\n-\n-\n\xa0 \xa0 -\n재무활동으로부터의 총부채\n24,409,854\xa0\n7,226,347\xa0\n4,520,361\xa0\n1,191\xa0\n-\n22,972\xa0\n36,180,725\xa0\n- 전기 \xa0 \xa0 \xa0 \xa0 \xa0 \xa0 \xa0 \xa0 \xa0 \xa0 \xa0 \xa0 \xa0 \xa0 \xa0 \xa0 \xa0 \xa0 \xa0 \xa0 \xa0 \xa0 \xa0 \xa0 \xa0 \xa0 \xa0 \xa0 \xa0 \xa0 \xa0 \xa0 \xa0 \xa0 \xa0 \xa0 \xa0 \xa0 \xa0 \xa0 \xa0 \xa0 \xa0 \xa0 (단위 : 천원)\n구 분\n기초금액\n순현금흐름\n비현금흐름\n기말잔액\n이자비용\n상환손익\n자본대체\n평가/환율차이\n단기차입금\n690,880\xa0\n2,853,590\xa0\n-\n-\n-\n7,555\xa0\n3,552,025\xa0\n리스부채\n215,454\xa0\n(67,303)\n-\n-\n-\n11,544\xa0\n159,695\xa0\n전환사채\n21,199,334\n-\n3,544,560\xa0\n-\n(4,079,259)\xa0\n-\n20,664,635\xa0\n신주인수권부사채\n209,628\xa0\n(228,881)\n5,884\xa0\n(32,719)\n79,586\xa0\n-\n33,498\xa0\n재무활동으로부터의 총부채\n22,315,296\xa0\n\xa02,557,406\xa0\n3,550,444\xa0\n(32,719)\n(3,999,673)\n19,100\xa0\n24,409,853\xa0\n27. 부문별정보\n회사는 관련 제품과 용역의 차이나 영업지역의 차이에 근거하여 부문이 조직되어 있지 않은 단일의 보고부문을 가진 기업으로 기업전체수준에서의 주요 제품 등의 내용은 다음과 같습니다.\n27-1 제품과 용역에 대한 정보당기 및 전기 회사의 주요 제품별 외부고객으로부터의 수익의 내용은 다음과 같습니다. \xa0 \xa0 \xa0 \xa0 \xa0 \xa0 \xa0 \xa0 \xa0 \xa0 \xa0 \xa0 \xa0 \xa0 \xa0 \xa0 \xa0 \xa0 \xa0 \xa0 \xa0 \xa0 \xa0 \xa0 \xa0 \xa0 \xa0 \xa0 \xa0 \xa0 \xa0 \xa0 \xa0 \xa0 \xa0 \xa0 \xa0 \xa0 \xa0 \xa0 \xa0 \xa0 \xa0 \xa0 \xa0 \xa0 \xa0 \xa0 \xa0 \xa0 \xa0 \xa0 \xa0 \xa0 \xa0 \xa0 \xa0 \xa0 \xa0 \xa0 \xa0 \xa0 \xa0 \xa0 \xa0 \xa0 \xa0 \xa0 \xa0 \xa0 \xa0 \xa0 \xa0 \xa0 \xa0 \xa0 \xa0 \xa0 \xa0 (단위 : 천원)\n구 분\n당 \xa0기\n전 \xa0기\n이륜차\n사륜차(중고)\n합 \xa0계\n이륜차\n사륜차(중고)\n합 \xa0계\n재화 또는 용역의 유형\n\xa0 제품매출\n11,401,694\n-\n11,401,694\n12,628,160\n-\n12,628,160\n\xa0 상품매출\n2,984,846\n-\n2,984,846\n3,572,615\n-\n3,572,615\n\xa0 용역매출\n28,530\n-\n28,530\n-\n766,027\n766,027\n합계\n14,415,070\n-\n14,415,070\n16,200,775\n766,027\n16,966,802\n재화의 이전시기\n\xa0 한 시점에 이전하는 재화\n14,415,070\n-\n14,415,070\n16,200,775\n766,027\n16,966,802\n위에서 보고된 수익은 외부고객으로부터 발생한 수익입니다. 당기 및 전기에 회사 내의 다른 영업부문과의 거래로 인한 수익은 없습니다.\n27-2 지역에 대한 정보회사의 판매대상지역을 기준으로 한 지역별 외부고객으로부터의 수익에 대한 내용은다음과 같습니다. \xa0 \xa0 \xa0 \xa0 \xa0 \xa0 \xa0 \xa0 \xa0 \xa0 \xa0 \xa0 \xa0 \xa0\xa0 \xa0 \xa0 \xa0 \xa0 \xa0 \xa0 \xa0 \xa0 \xa0 \xa0 \xa0 \xa0 \xa0 \xa0 \xa0 \xa0 \xa0 \xa0 \xa0 \xa0 \xa0 \xa0 \xa0 \xa0 \xa0 \xa0 \xa0 \xa0 \xa0 \xa0 \xa0 \xa0 \xa0 \xa0 \xa0 \xa0 \xa0 \xa0 \xa0 \xa0 \xa0 \xa0 \xa0 \xa0 \xa0 \xa0 \xa0 \xa0 \xa0 \xa0(단위 : 천원)\r\n구 \xa0분\n국 내\n아시아 외\n합 계\n당 기\n14,321,133\n93,937\n14,415,070\n전 기\n16,243,605\n723,198\n16,966,803\n27-3 주요고객에 대한 정보\n당기 및 전기 회사의 주요 매출 고객에 대한 정보는 다음과 같습니다. \xa0  \xa0 \xa0 \xa0 \xa0 \xa0 \xa0 \xa0 \xa0 \xa0 \xa0 \xa0 \xa0 \xa0 \xa0 \xa0 \xa0 \xa0 \xa0 \xa0 \xa0 \xa0 \xa0 \xa0 \xa0 \xa0 \xa0 \xa0 \xa0 \xa0 \xa0 \xa0 \xa0 \xa0 \xa0 \xa0 \xa0 \xa0 \xa0 \xa0 \xa0 \xa0 \xa0 \xa0 \xa0 \xa0 \xa0 \xa0 \xa0 \xa0 \xa0 (단위 : 천원)\n고객명\n당기\n전기\n부산중부대리점\n1,344,802\n1,998,770\n서울종로대리점\n708,605\n-\n신부산대리점\n654,488\n-\n27-4 매출원가당기 및 전기의 매출원가는 다음과 같습니다. \xa0 \xa0 \xa0 \xa0 \xa0 \xa0 \xa0 \xa0 \xa0 \xa0 \xa0 \xa0  \xa0 \xa0 \xa0 \xa0 \xa0 \xa0 \xa0 \xa0 \xa0 \xa0 \xa0 \xa0 \xa0 \xa0 \xa0 \xa0 \xa0 \xa0 \xa0 \xa0 \xa0 \xa0 \xa0 \xa0 \xa0 \xa0 \xa0 \xa0 \xa0 \xa0 \xa0 \xa0 \xa0 \xa0 \xa0 \xa0 \xa0 \xa0 \xa0 \xa0 \xa0 \xa0 \xa0 \xa0 \xa0 \xa0 \xa0 \xa0 \xa0 \xa0 \xa0(단위 : 천원)\n구 \xa0분\n당 기\n전 기\n제품매출원가\n\xa0 \xa011,392,557\n11,990,833\n상품매출원가\n2,334,100\n2,026,253\n합 \xa0계\n\xa0 \xa013,726,657\n14,017,086\n28. 후속사건\n회사는 2023년 3월 2일자 이사회 결의에 따라 회사의 유형자산 중 토지와 건물 일부를 매각하기로 결정하였습니다. 동 매각 결정으로 인하여 보고기간 종료일 현재 재무제표에 수정을 요하는 사항은 없습니다.29. 계속기업가정의 불확실성회사의 재무제표는 회사가 계속기업으로서 존속할 것이라는 가정을 전제로 작성되었습니다. 따라서 자산과 부채를 정상적인 영업활동과정을 통하여 장부가액으로 회수하거나 상환할 수 있다는 가정하에 회계처리되었습니다.그러나, 2022년 12월 31일로 종료되는 회계연도에 영업손실은 4,569백만원이며 당기순손실은 5,051백만원이 발생하였으며, 유동부채가 유동자산을 42,939백만원 초과하고 있으며, 누적결손금이 33,565백만원에 이르고 있습니다. 이러한 상황은 회사의 계속기업으로서의 존속능력에 유의적 의문을 제기하고 있으며, 계속기업으로서 중요한 불확실성을 내포하고 있습니다.\n회사는 상기 계속기업으로서의 존속문제에 대한 불확실성을 해소하기 위한 방안으로재무구조 \xa0개선을 위한 차년도 자산매각등의 재무구조개선계획을 이행 중에 있으며 이와는 별개로 최대 주주인 LVMC holdingS와 자금보충약정을 통해 부족한 자금유동성을 확보하려는 계획을 가지고 있습니다.\n\xa0\n만일 이러한 회사의 계획에 차질이 있는 경우에는 회사의 자산과 부채를 정상적인 사업활동과정을 통하여 장부가액으로 회수하거나 상환하지 못할 수도 있습니다. 이와 같은 중요한 불확실성의 \xa0 최종 결과로 계속기업가정이 타당하지 아니할 경우에 발생될 수도 있는 자산과 부채의 금액 및 분류표시와 관련 손익항목에 대한 수정사항은 상기 회사의 당기 재무제표에 반영되어 있지 않습니다.30. 재무제표의 승인회사의 재무제표는 2023년 2월 15일 이사회에서 승인되었으며, 향후 정기주주총회에서 수정 승인될 수 있습니다.\n']"
