text
"['\nIII. 재무에 관한 사항\n1. 요약재무정보\n- 당사는 최근 사업연도말 자산총액이 1천억원 미만인 ""소규모기업""에 해당되어 요약재무정보의 기재를 생략하오니, 아래의 재무제표 등을 참고하시기 바랍니다.\n2. 연결재무제표\n해당사항 없음\n3. 연결재무제표 주석\n해당사항 없음\n4. 재무제표\n재무상태표\n제 37 기 \xa0 \xa0 \xa0 \xa0 \xa02022.12.31 현재\n제 36 기 \xa0 \xa0 \xa0 \xa0 \xa02021.12.31 현재\n제 35 기 \xa0 \xa0 \xa0 \xa0 \xa02020.12.31 현재\n(단위 : 원)\n\u3000\n제 37 기\n제 36 기\n제 35 기\n자산\n\u3000\n\u3000\n\u3000\n\u3000유동자산\n13,505,684,029\n40,210,608,231\n24,162,401,435\n\u3000\u3000현금및현금성자산 (주6,33)\n492,461,698\n2,354,038,380\n3,865,054,091\n\u3000\u3000\u3000현금및현금성자산\n492,461,698\n2,354,038,380\n3,865,054,091\n\u3000\u3000매출채권및기타채권 (주6,7,33)\n9,052,121,531\n26,710,295,377\n7,166,818,151\n\u3000\u3000\u3000매출채권\n9,466,034,663\n15,370,804,804\n12,104,449,629\n\u3000\u3000\u3000대손충당금\n(465,012,076)\n(4,012,479,274)\n(5,040,836,693)\n\u3000\u3000\u3000미수금\n51,916,150\n15,271,145,969\n276,825,731\n\u3000\u3000\u3000대손충당금\n(817,206)\n(217,965,680)\n(213,837,967)\n\u3000\u3000\u3000미수수익\n\u3000\n18,789,558\n5,217,451\n\u3000\u3000\u3000단기대여금\n135,000,000\n525,000,000\n476,560,000\n\u3000\u3000\u3000대손충당금\n(135,000,000)\n(245,000,000)\n(441,560,000)\n\u3000\u3000기타유동성금융자산 (주6,9,33)\n0\n80,000,000\n330,000,000\n\u3000\u3000\u3000단기금융자산\n0\n80,000,000\n330,000,000\n\u3000\u3000기타유동자산\n303,589,222\n2,126,063,223\n895,984,930\n\u3000\u3000\u3000선급금\n306,719,921\n2,334,958,242\n910,556,484\n\u3000\u3000\u3000대손충당금\n(3,130,699)\n(309,781,442)\n(309,781,442)\n\u3000\u3000\u3000선급비용\n\u3000\n78,682,623\n215,394,040\n\u3000\u3000\u3000기타의당좌자산\n0\n22,203,800\n79,815,848\n\u3000\u3000당기법인세자산 (주29)\n3,247,910\n3,168,530\n2,879,310\n\u3000\u3000재고자산 (주8)\n3,654,263,668\n8,937,042,721\n11,901,664,953\n\u3000\u3000\u3000상품\n677,817,097\n12,203,362,625\n12,457,566,486\n\u3000\u3000\u3000평가충당금\n(410,445,245)\n(10,436,081,911)\n(6,186,230,826)\n\u3000\u3000\u3000제품\n1,500,174,832\n2,506,632,114\n2,243,732,578\n\u3000\u3000\u3000평가충당금\n(1,476,556,488)\n(806,498,776)\n(381,883,455)\n\u3000\u3000\u3000재공품\n2,395,286,104\n2,440,611,314\n1,184,837,833\n\u3000\u3000\u3000평가충당금\n(615,430,515)\n(366,597,497)\n0\n\u3000\u3000\u3000원재료\n3,820,837,517\n5,264,309,879\n5,220,097,961\n\u3000\u3000\u3000평가충당금\n(2,237,419,634)\n(1,868,695,027)\n(2,636,455,624)\n\u3000비유동자산\n3,331,729,793\n7,227,454,843\n37,199,077,861\n\u3000\u3000기타비유동성금융자산 (주6,9,33)\n4,000,000\n4,000,000\n4,000,000\n\u3000\u3000\u3000장기금융상품\n4,000,000\n4,000,000\n4,000,000\n\u3000\u3000당기손익-공정가치 금융자산 (주10)\n235,736,200\n235,736,200\n235,736,200\n\u3000\u3000종속기업및관계기업투자 (주11)\n0\n0\n22,900,204\n\u3000\u3000유형자산 (주12,24)\n2,100,553,890\n2,750,631,807\n36,754,608,807\n\u3000\u3000\u3000토지\n3,229,594\n3,229,594\n23,552,111,594\n\u3000\u3000\u3000건물\n52,604,676\n52,604,676\n19,190,518,619\n\u3000\u3000\u3000감가상각누계액\n(10,740,114)\n(9,424,998)\n(8,605,575,160)\n\u3000\u3000\u3000구축물\n0\n0\n2,075,864,799\n\u3000\u3000\u3000감가상각누계액\n0\n0\n(1,773,890,566)\n\u3000\u3000\u3000기계장치\n382,007,335\n1,682,191,439\n1,682,191,439\n\u3000\u3000\u3000감가상각누계액\n(371,956,478)\n(1,666,361,930)\n(1,660,623,261)\n\u3000\u3000\u3000차량운반구\n52,104,849\n54,845,849\n314,666,269\n\u3000\u3000\u3000감가상각누계액\n(52,104,849)\n(54,156,205)\n(312,794,350)\n\u3000\u3000\u3000사용권자산 (주30)\n1,458,370,064\n1,281,489,759\n379,414,579\n\u3000\u3000\u3000감가상각누계액\n(482,476,111)\n(133,346,956)\n(184,106,969)\n\u3000\u3000\u3000기타의유형자산\n8,520,049,606\n21,642,580,257\n21,374,587,823\n\u3000\u3000\u3000감가상각누계액\n(7,539,534,682)\n(20,103,019,678)\n(19,277,756,009)\n\u3000\u3000\u3000건설중인자산\n89,000,000\n0\n0\n\u3000\u3000무형자산 (주13)\n0\n104,200,000\n104,200,000\n\u3000\u3000\u3000회원권\n0\n104,200,000\n104,200,000\n\u3000\u3000기타비유동자산 (주6)\n991,439,703\n4,132,886,836\n77,632,650\n\u3000\u3000\u3000보증금\n991,439,703\n4,132,886,836\n77,632,650\n\u3000자산총계\n16,837,413,822\n47,438,063,074\n61,361,479,296\n부채\n\u3000\n\u3000\n\u3000\n\u3000유동부채\n2,924,895,308\n21,268,339,766\n26,444,168,365\n\u3000\u3000매입채무및기타채무 (주6,33)\n1,987,588,943\n6,662,216,880\n6,066,564,642\n\u3000\u3000\u3000매입채무\n380,216,188\n4,662,462,488\n3,629,154,377\n\u3000\u3000\u3000미지급금\n1,521,620,837\n1,727,655,974\n1,999,667,646\n\u3000\u3000\u3000미지급비용\n85,751,918\n272,098,418\n437,742,619\n\u3000\u3000단기차입금 (주6,14,33)\n0\n0\n14,889,279,392\n\u3000\u3000기타유동부채\n300,199,369\n1,926,400,074\n1,361,458,072\n\u3000\u3000\u3000선수금\n263,338,109\n1,855,395,992\n1,240,331,330\n\u3000\u3000\u3000예수금\n36,861,260\n71,004,082\n121,126,742\n\u3000\u3000유동성장기사채\n0\n11,220,150,861\n1,917,650,024\n\u3000\u3000\u3000유동성사채\n0\n15,000,000,000\n2,780,000,000\n\u3000\u3000\u3000사채할인발행차금\n0\n0\n(18,408,864)\n\u3000\u3000\u3000전환권조정\n0\n(4,234,364,139)\n(1,133,285,745)\n\u3000\u3000\u3000사채상환할증금\n0\n454,515,000\n289,344,633\n\u3000\u3000유동파생상품부채 (주6,15,16)\n0\n463,605,000\n2,141,717,560\n\u3000\u3000유동리스부채 (주6,30,33)\n637,106,996\n995,966,951\n67,498,675\n\u3000\u3000\u3000리스부채\n665,083,680\n998,399,707\n80,981,904\n\u3000\u3000\u3000현재가치할인차금\n(27,976,684)\n(2,432,756)\n(13,483,229)\n\u3000비유동부채\n932,105,894\n5,454,257,337\n20,558,532,389\n\u3000\u3000사채 (주6,15,16,33)\n0\n0\n1,446,978,588\n\u3000\u3000\u3000비유동성사채\n0\n0\n1,450,000,000\n\u3000\u3000\u3000사채할인발행차금\n0\n0\n(3,021,412)\n\u3000\u3000비유동파생상품부채 (주6,15,16)\n0\n4,030,155,000\n0\n\u3000\u3000장기차입금\n0\n0\n10,000,000,000\n\u3000\u3000비유동리스부채 (주6,30,33)\n307,845,234\n128,636,031\n127,802,085\n\u3000\u3000\u3000리스부채\n313,667,611\n130,149,707\n143,880,549\n\u3000\u3000\u3000현재가치할인차금\n(5,822,377)\n(1,513,676)\n(16,078,464)\n\u3000\u3000확정급여부채 (주18)\n624,260,660\n1,295,466,306\n5,073,907,684\n\u3000\u3000이연법인세부채\n0\n0\n3,909,844,032\n\u3000부채총계\n3,857,001,202\n26,722,597,103\n47,002,700,754\n자본\n\u3000\n\u3000\n\u3000\n\u3000자본금 (주19)\n4,805,612,000\n24,028,060,000\n15,704,370,000\n\u3000자본잉여금 (주20)\n43,304,235,832\n43,304,235,832\n36,032,236,776\n\u3000기타자본조정 (주21)\n(11,805,766,501)\n(11,805,766,501)\n(11,805,766,501)\n\u3000기타포괄손익누계액 (주22)\n(135,983,052)\n(102,688,388)\n13,537,339,612\n\u3000이익잉여금(결손금) (주23)\n(23,187,685,659)\n(34,708,374,972)\n(39,109,401,345)\n\u3000자본총계\n12,980,412,620\n20,715,465,971\n14,358,778,542\n자본과부채총계\n16,837,413,822\n47,438,063,074\n61,361,479,296\n포괄손익계산서\n제 37 기 2022.01.01 부터 2022.12.31 까지\n제 36 기 2021.01.01 부터 2021.12.31 까지\n제 35 기 2020.01.01 부터 2020.12.31 까지\n(단위 : 원)\n\u3000\n제 37 기\n제 36 기\n제 35 기\n매출액 (주5,25,26,27)\n10,765,470,151\n27,476,053,507\n27,273,277,378\n\u3000상품매출액\n1,588,519,167\n1,838,649,220\n6,838,042,446\n\u3000제품매출액\n9,101,766,184\n25,637,404,287\n20,435,234,932\n\u3000용역매출\n75,184,800\n\u3000\n\u3000\n매출원가 (주8,26,28)\n13,460,492,639\n34,037,727,257\n37,438,383,329\n\u3000상품매출원가\n2,098,549,848\n6,067,614,514\n11,956,749,219\n\u3000제품매출원가\n11,361,942,791\n27,970,112,743\n25,481,634,110\n매출총이익\n(2,695,022,488)\n(6,561,673,750)\n(10,165,105,951)\n판매비와관리비 (주28)\n6,240,046,838\n8,388,940,713\n9,247,456,489\n\u3000급여\n2,082,108,243\n3,562,041,697\n4,467,128,949\n\u3000퇴직급여\n245,897,731\n578,569,346\n420,303,477\n\u3000복리후생비\n314,993,398\n549,188,549\n619,057,448\n\u3000임차료\n134,694,010\n845,284,784\n98,376,893\n\u3000여비교통비\n71,292,084\n88,863,105\n102,237,334\n\u3000통신비\n16,025,149\n31,781,518\n38,440,433\n\u3000수도광열비\n33,975,906\n32,790,592\n27,951,296\n\u3000세금과공과\n23,760,887\n87,037,472\n82,858,705\n\u3000단체공납금\n13,976,000\n18,148,000\n22,261,179\n\u3000감가상각비 (주12)\n665,903,944\n573,069,425\n897,453,351\n\u3000수선비\n2,602,727\n12,680,360\n18,013,986\n\u3000보험료\n22,136,096\n31,864,924\n73,856,354\n\u3000소모품비\n176,539,097\n108,114,798\n328,592,056\n\u3000도서인쇄비\n7,252,423\n5,511,107\n14,920,322\n\u3000접대비\n164,851,571\n595,642,813\n119,812,234\n\u3000차량유지비\n18,051,702\n14,372,428\n41,659,969\n\u3000광고선전비\n163,636\n78,203,650\n33,700,000\n\u3000운반비\n58,878,505\n155,200,212\n197,012,533\n\u3000지급수수료 (주25)\n1,931,433,271\n1,819,966,767\n1,004,823,946\n\u3000대손상각비(대손충당금환입)\n186,756,367\n(1,028,357,419)\n213,882,435\n\u3000교육훈련비\n3,129,246\n720,000\n1,906,638\n\u3000견본품비\n65,596,649\n227,355,127\n423,065,971\n\u3000잡비\n28,196\n891,458\n140,980\n영업이익(손실)\n(8,935,069,326)\n(14,950,614,463)\n(19,412,562,440)\n금융수익 (주6)\n1,467,247,525\n3,199,079,595\n2,640,478,023\n\u3000이자수익\n37,902,424\n39,627,385\n8,227,620\n\u3000외환차익\n801,811,512\n990,205,092\n761,730,189\n\u3000외화환산이익\n622,733,414\n148,568,113\n76,642,299\n\u3000배당금수익\n4,800,175\n4,800,000\n3,200,000\n\u3000당기손익-공정가치금융자산처분이익\n0\n0\n1,722,677,915\n\u3000파생상품거래이익\n0\n0\n68,000,000\n\u3000파생상품평가이익\n0\n2,015,879,005\n0\n금융원가\n1,557,908,719\n5,770,721,634\n4,622,443,682\n\u3000이자비용\n459,311,214\n1,765,930,137\n1,059,030,022\n\u3000외환차손\n713,433,689\n524,654,172\n850,072,700\n\u3000외화환산손실\n173,459,816\n90,412,425\n388,614,624\n\u3000당기손익-공정차기금융자산처분손실\n0\n0\n660,000\n\u3000파생상품평가손실\n211,704,000\n3,389,724,900\n38,745,066\n\u3000파생상품거래손실\n0\n0\n2,285,321,270\n기타영업외수익\n3,539,774,724\n4,833,206,122\n737,383,105\n\u3000투자자산처분이익\n582,140,897\n\u3000\n\u3000\n\u3000유형자산처분이익\n1,470,056\n3,551,969,199\n2,600,004\n\u3000무형자산처분이익\n0\n0\n93,793,790\n\u3000기타대손충당금환입\n389,823,546\n192,432,287\n190,673,597\n\u3000사채상환이익\n1,172,998,840\n19,210,881\n0\n\u3000잡이익\n1,393,341,385\n1,069,593,755\n450,315,714\n기타영업외비용\n2,215,802,891\n681,941,576\n876,486,387\n\u3000기부금\n59,525,800\n0\n3,000,000\n\u3000기타의대손상각비\n1,722,940,311\n0\n0\n\u3000매출채권처분손실\n0\n270,027\n17,245,558\n\u3000유형자산처분손실\n169,498,086\n0\n191,588,727\n\u3000무형자산처분손실\n4,200,000\n\u3000\n\u3000\n\u3000종속기업및관계기업투자손상차손\n0\n22,900,204\n223,584,603\n\u3000사채상환손실\n0\n538,035,757\n0\n\u3000잡손실\n259,638,694\n120,735,588\n441,067,499\n법인세비용차감전순이익(손실)\n(7,701,758,687)\n(13,370,991,956)\n(21,533,631,381)\n법인세비용 (주29)\n0\n0\n0\n계속기업의 영업이익(손실)\n(7,701,758,687)\n(13,370,991,956)\n(21,533,631,381)\n중단사업의 영업이익(손실)\n0\n0\n3,034,477\n당기순이익(손실)\n(7,701,758,687)\n(13,370,991,956)\n(21,530,596,904)\n기타포괄손익\n306,565,153\n222,146,297\n13,972,099,276\n\u3000후속적으로 당기손익으로 재분류 되는 \xa0기타포괄손익\n0\n0\n179,985,033\n\u3000\u3000관계기업의 기타포괄손익에 대한 지분\n0\n0\n17,484,541\n\u3000\u3000해외사업환산이익\n0\n0\n162,500,492\n\u3000후속적으로 당기손익으로 재분류되지 않는 기타포괄손익\n306,565,153\n222,146,297\n13,792,114,243\n\u3000\u3000순확정급여제도의 재측정요소 (주18)\n306,565,153\n222,146,297\n(70,060,054)\n\u3000\u3000자산재평가이익\n0\n0\n13,862,174,297\n총포괄손익\n(7,395,193,534)\n(13,148,845,659)\n(7,558,497,628)\n기본주당이익\n\u3000\n\u3000\n\u3000\n\u3000기본주당이익(손실) (단위 : 원) (주31)\n(802)\n(1,827)\n(3,597)\n\u3000중단영업기본주당이익(손실) (단위 : 원)\n0\n0\n1\n자본변동표\n제 37 기 2022.01.01 부터 2022.12.31 까지\n제 36 기 2021.01.01 부터 2021.12.31 까지\n제 35 기 2020.01.01 부터 2020.12.31 까지\n(단위 : 원)\n\u3000\n자본\n자본금\n자본잉여금\n자본조정\n기타포괄손익누계액\n이익잉여금(결손금)\n자본 \xa0합계\n2020.01.01 (기초자본)\n13,826,837,500\n34,882,766,426\n(13,598,361,864)\n(434,759,664)\n(17,578,804,441)\n17,097,677,957\n자본의 변동\n총포괄이익(손실)\n감자\n\u3000\n\u3000\n\u3000\n\u3000\n\u3000\n\u3000\n당기순이익(손실)\n0\n0\n0\n0\n(21,530,596,904)\n(21,530,596,904)\n자기주식의 처분\n0\n0\n7,153,389,365\n0\n0\n7,153,389,365\n자기주식의 처분손실\n0\n0\n(5,360,794,002)\n0\n0\n(5,360,794,002)\n전환사채의발행\n0\n0\n0\n0\n0\n0\n주주로부터의 수증\n0\n0\n0\n0\n0\n0\n해외사업환산손익\n0\n0\n0\n0\n0\n0\n전환사채의 보통주전환\n1,877,532,500\n1,149,470,350\n0\n0\n0\n3,027,002,850\n지분법자본변동\n0\n0\n0\n17,484,541\n0\n17,484,541\n유상증자\n0\n0\n0\n0\n0\n0\n종속기업의 처분\n0\n0\n0\n162,500,492\n0\n162,500,492\n자산재평가이익\n0\n0\n0\n13,862,174,297\n0\n13,862,174,297\n순확정급여제도의 재측정요소\n0\n0\n0\n(70,060,054)\n0\n(70,060,054)\n2020.12.31 (기말자본)\n15,704,370,000\n36,032,236,776\n(11,805,766,501)\n13,537,339,612\n(39,109,401,345)\n14,358,778,542\n2021.01.01 (기초자본)\n15,704,370,000\n36,032,236,776\n(11,805,766,501)\n13,537,339,612\n(39,109,401,345)\n14,358,778,542\n자본의 변동\n총포괄이익(손실)\n감자\n\u3000\n\u3000\n\u3000\n\u3000\n\u3000\n\u3000\n당기순이익(손실)\n0\n0\n0\n0\n(13,370,991,956)\n(13,370,991,956)\n자기주식의 처분\n0\n0\n0\n0\n0\n0\n자기주식의 처분손실\n0\n0\n0\n0\n0\n0\n전환사채의발행\n0\n0\n0\n0\n0\n0\n주주로부터의 수증\n0\n0\n0\n0\n0\n0\n해외사업환산손익\n0\n0\n0\n0\n0\n0\n전환사채의 보통주전환\n2,351,140,000\n4,234,622,776\n0\n0\n0\n6,585,762,776\n지분법자본변동\n0\n0\n0\n0\n0\n0\n유상증자\n5,972,550,000\n3,037,376,280\n0\n0\n0\n9,009,926,280\n종속기업의 처분\n0\n0\n0\n0\n0\n0\n자산재평가이익\n0\n0\n0\n(13,862,174,297)\n17,772,018,329\n3,909,844,032\n순확정급여제도의 재측정요소\n0\n0\n0\n222,146,297\n0\n222,146,297\n2021.12.31 (기말자본)\n24,028,060,000\n43,304,235,832\n(11,805,766,501)\n(102,688,388)\n(34,708,374,972)\n20,715,465,971\n2022.01.01 (기초자본)\n24,028,060,000\n43,304,235,832\n(11,805,766,501)\n(102,688,388)\n(34,708,374,972)\n20,715,465,971\n자본의 변동\n총포괄이익(손실)\n감자\n(19,222,448,000)\n\u3000\n\u3000\n\u3000\n19,222,448,000\n\u3000\n당기순이익(손실)\n0\n0\n0\n0\n(7,701,758,687)\n(7,701,758,687)\n자기주식의 처분\n0\n0\n0\n0\n0\n0\n자기주식의 처분손실\n0\n0\n0\n0\n0\n0\n전환사채의발행\n0\n0\n0\n0\n0\n0\n주주로부터의 수증\n0\n0\n0\n0\n0\n0\n해외사업환산손익\n0\n0\n0\n0\n0\n0\n전환사채의 보통주전환\n0\n0\n0\n0\n0\n0\n지분법자본변동\n0\n0\n0\n(339,859,817)\n\u3000\n(339,859,817)\n유상증자\n0\n0\n0\n0\n0\n0\n종속기업의 처분\n0\n0\n0\n0\n0\n0\n자산재평가이익\n0\n0\n0\n0\n0\n0\n순확정급여제도의 재측정요소\n0\n0\n0\n306,565,153\n\u3000\n306,565,153\n2022.12.31 (기말자본)\n4,805,612,000\n43,304,235,832\n(11,805,766,501)\n(135,983,052)\n(23,187,685,659)\n12,980,412,620\n현금흐름표\n제 37 기 2022.01.01 부터 2022.12.31 까지\n제 36 기 2021.01.01 부터 2021.12.31 까지\n제 35 기 2020.01.01 부터 2020.12.31 까지\n(단위 : 원)\n\u3000\n제 37 기\n제 36 기\n제 35 기\n영업활동으로 인한 현금흐름\n9,506,299,375\n(17,408,253,451)\n(10,038,391,337)\n\u3000당기순이익(손실)\n(7,701,758,687)\n(13,370,991,956)\n(21,530,596,904)\n\u3000현금의 유출이 없는 비용등의가산\n2,852,800,434\n7,684,234,395\n7,714,432,679\n\u3000\u3000퇴직급여\n458,964,732\n790,232,724\n804,449,844\n\u3000\u3000감가상각비\n1,549,122,402\n1,083,355,045\n1,692,158,028\n\u3000\u3000대손상각비\n0\n0\n213,882,435\n\u3000\u3000사채할인발행차금\n0\n3,216,386\n0\n\u3000\u3000사채상환손실\n0\n538,035,757\n0\n\u3000\u3000외화환산손실\n0\n90,412,425\n388,614,624\n\u3000\u3000유형자산처분손실\n169,498,086\n0\n191,588,727\n\u3000\u3000무형자산처분손실\n4,200,000\n0\n0\n\u3000\u3000매출채권처분손실\n0\n0\n17,245,558\n\u3000\u3000당기손익-공정가치금융자산처분손실\n0\n0\n660,000\n\u3000\u3000지분법손실\n0\n22,900,204\n223,584,603\n\u3000\u3000파생상품평가손실\n211,704,000\n3,389,724,900\n2,285,321,270\n\u3000\u3000급여\n0\n0\n76,800,000\n\u3000\u3000이자비용\n459,311,214\n1,766,356,954\n1,059,030,022\n\u3000\u3000중단영업손익(종속기업처분손실 외)\n0\n0\n761,097,568\n\u3000현금의 유입이 없는 수익등의차감\n(1,909,312,392)\n(6,814,881,230)\n(2,097,815,225)\n\u3000\u3000대손충당금 환입\n0\n(1,028,357,419)\n0\n\u3000\u3000외화환산이익\n0\n(148,568,113)\n(76,642,299)\n\u3000\u3000파생상품평가이익\n0\n(2,015,879,005)\n0\n\u3000\u3000유형자산처분이익\n(1,470,056)\n(3,352,939,670)\n(2,600,004)\n\u3000\u3000투자자산처분이익\n(582,140,897)\n0\n0\n\u3000\u3000무형자산처분이익\n0\n0\n(93,793,790)\n\u3000\u3000당기손익-공정가치금융자산처분이익\n0\n0\n(1,722,677,915)\n\u3000\u3000이자수익\n(37,902,424)\n(39,627,385)\n(8,227,620)\n\u3000\u3000배당금수익\n(4,800,175)\n(4,800,000)\n(3,200,000)\n\u3000\u3000기타대손충당금환입\n(110,000,000)\n(192,432,287)\n(190,673,597)\n\u3000\u3000사채상환이익\n(1,172,998,840)\n(19,210,881)\n\u3000\n\u3000\u3000잡이익\n0\n(13,066,470)\n\u3000\n\u3000운전자본의 조정\n16,360,593,326\n(4,549,994,516)\n6,409,639,205\n\u3000\u3000매출채권의 감소(증가)\n2,357,302,943\n(3,131,109,189)\n3,676,368,361\n\u3000\u3000미수금의 감소(증가)\n15,002,081,345\n7,455,070\n(67,778,686)\n\u3000\u3000미수수익의 감소(증가)\n18,789,558\n\u3000\n\u3000\n\u3000\u3000선급금의 감소(증가)\n1,721,587,578\n(4,929,555)\n52,817,211\n\u3000\u3000기타의 당좌자산의 감소(증가)\n0\n(1,366,789,710)\n94,122,130\n\u3000\u3000선급부가세의 감소(증가)\n22,203,800\n\u3000\n\u3000\n\u3000\u3000선급비용의 감소(증가)\n78,682,623\n136,711,417\n257,223,693\n\u3000\u3000재고자산의 감소(증가)\n5,282,779,053\n2,964,622,232\n5,433,635,016\n\u3000\u3000매입채무의 증가(감소)\n(4,282,246,300)\n972,862,201\n(3,002,477,325)\n\u3000\u3000미지급금의 증가(감소)\n(206,035,137)\n(290,418,556)\n222,060,281\n\u3000\u3000미지급비용의 증가(감소)\n(186,346,500)\n(77,159,624)\n(94,214,589)\n\u3000\u3000선수금의 증가(감소)\n(1,592,057,883)\n615,064,662\n279,053,821\n\u3000\u3000예수금의 증가(감소)\n(34,142,822)\n(50,122,660)\n95,144,625\n\u3000\u3000파생상품의 변동\n0\n0\n49,445,066\n\u3000\u3000금융리스부채의 증가(감소)\n(998,399,707)\n20,636,221\n0\n\u3000\u3000퇴직금의 지급\n(823,605,225)\n(4,346,527,805)\n(585,760,399)\n\u3000\u3000미지급법인세의 증가(감소)\n0\n(289,220)\n0\n\u3000이자의 수취\n17,549,694\n30,984,833\n18,733,174\n\u3000배당금의 수취\n4,800,175\n4,800,000\n3,200,000\n\u3000이자의 지급\n(118,293,795)\n(392,404,977)\n(557,325,656)\n\u3000법인세의 납부(환급)\n(79,380)\n0\n1,341,390\n투자활동으로 인한 현금흐름\n3,662,278,943\n33,861,227,566\n3,107,470,881\n\u3000투자활동으로 인한 현금유입액\n4,884,080,943\n38,265,000,000\n3,663,252,447\n\u3000\u3000단기대여금의 감소\n390,000,000\n250,000,000\n289,450,000\n\u3000\u3000단기금융자산의 감소\n80,000,000\n0\n1,070,000,000\n\u3000\u3000당기손익-공정가치금융자산의 감소\n242,281,080\n0\n1,846,002,500\n\u3000\u3000토지의 처분\n0\n26,360,600,000\n2,567,706\n\u3000\u3000건물의 처분\n0\n11,639,400,000\n46,959,564\n\u3000\u3000기계장치의 처분\n1,570,056\n0\n0\n\u3000\u3000기타의 유형자산의처분\n5,429,944\n15,000,000\n172,490,046\n\u3000\u3000무형자산의 감소\n100,000,000\n0\n190,909,090\n\u3000\u3000보증금의 감소\n4,064,799,863\n0\n44,873,541\n\u3000투자활동으로 인한 현금유출액\n(1,221,802,000)\n(4,403,772,434)\n(555,781,566)\n\u3000\u3000단기금융자산의 증가\n0\n0\n(210,000,000)\n\u3000\u3000단기대여금의 증가\n0\n(48,440,000)\n0\n\u3000\u3000기계장치의 취득\n0\n0\n(1,881,818)\n\u3000\u3000기타의유형자산의 취득\n(229,802,000)\n(267,992,434)\n(121,074,874)\n\u3000\u3000건설중인자산의 증가\n(89,000,000)\n0\n(147,611,240)\n\u3000\u3000보증금의 증가\n(903,000,000)\n(4,087,340,000)\n(21,171,049)\n\u3000\u3000종속기업처분으로 인한 현금순증감\n0\n0\n(54,042,585)\n재무활동으로 인한 현금흐름\n(15,030,155,000)\n(17,963,977,014)\n9,469,049,752\n\u3000재무활동으로 인한 현금유입액\n0\n11,508,926,280\n22,581,994,155\n\u3000\u3000전환사채의발행\n0\n2,499,000,000\n0\n\u3000\u3000단기차입금의 차입\n0\n0\n12,581,994,155\n\u3000\u3000장기차입금의 증가\n0\n0\n10,000,000,000\n\u3000\u3000자기주식의 처분\n0\n0\n0\n\u3000\u3000유상증자\n0\n9,009,926,280\n0\n\u3000\u3000주주로부터의 수증\n0\n0\n0\n\u3000재무활동으로 인한 현금유출액\n(15,030,155,000)\n(29,472,903,294)\n(13,112,944,403)\n\u3000\u3000전환사채의 상환\n(15,030,155,000)\n(4,029,544,000)\n0\n\u3000\u3000단기차입금의 상환\n0\n(14,889,279,392)\n(12,975,339,999)\n\u3000\u3000장기차입금의상환\n0\n(10,000,000,000)\n0\n\u3000\u3000리스부채의 감소\n0\n(554,075,198)\n(137,604,404)\n\u3000\u3000주식발행비의지급\n0\n(4,704)\n0\n현금및현금성자산의 증가(감소)\n(1,861,576,682)\n(1,511,002,899)\n2,538,129,296\n기초현금및현금성자산\n2,354,038,380\n3,865,054,091\n1,268,133,870\n현금및현금성자산의 환율변동으로 인한 효과\n0\n(12,812)\n58,790,925\n기말현금및현금성자산\n492,461,698\n2,354,038,380\n3,865,054,091\n5. 재무제표 주석\n주석\n제 37(당)기말 2022년 12월 31일 현재\n제 36(전)기말 2021년 12월 31일 현재\n회사명 : 주식회사 하이트론씨스템즈\n1. 회사의 개요(1) 주식회사 하이트론씨스템즈(이하, ""당사""라 함)는 1986년 11월 10일 설립되어 영상음향기기(CCTV SYSTEM)와 정보통신기기의 제조 및 판매를 주요사업으로 영위하고 있습니다. 1998년 11월 4일 한국증권거래소에 주식을 상장하였으며, 당기 보고기간종료일 현재 지배기업의 주요주주는 아시아미래투자조합(23.83%), 자기주식(0.15%), 기타(76.02%)로구성되어 있습니다.\n2. 재무제표 작성기준(1) 회계기준의 적용당사는 주식회사 등의 외부감사에 관한 법률 제5조 제1항 제1호에서 규정하고 있는 국제회계기준위원회의 국제회계기준을 채택하여 정한 회계처리기준인 한국채택국제회계기준에 따라 재무제표를 작성하였습니다.\r\n(2) 측정기준\n재무제표는 아래에서 열거하고 있는 재무상태표의 주요항목을 제외하고는 역사적원가를 기준으로 작성되었습니다.\n- 공정가치로 측정되는 파생상품\n- 공정가치로 측정되는 당기손익-공정가치 금융자산\n- 확정급여채무의 현재가치에서 사외적립자산의 순공정가치를 차감한 확정급여부채\n(3) 기능통화와 표시통화\n당사는 재무제표에 포함되는 항목들을 기업실체의 영업활동이 이루어지는 주된 경제환경의 통화인 기능통화로 표시하고 있습니다. 재무제표 작성을 위해 개별기업들의 경영성과와 재무상태는 당사의 기능통화이면서 재무제표 작성을 위한 표시통화인 원화로 작성하여 보고하고 있습니다.\n(4) 추정과 판단\n한국채택국제회계기준에서는 재무제표를 작성함에 있어서 회계정책의 적용이나, 보고기간말 현재 자산, 부채 및 수익, 비용의 보고금액에 영향을 미치는 사항에 대하여 경영진의 최선의 판단을 기준으로 한 추정치와 가정의 사용을 요구하고 있습니다. 보고기간말 현재 경영진의 최선의 판단을 기준으로 한 추정치와 가정이 실제 환경과 다를 경우 이러한 추정치와 실제결과는 다를 수 있습니다.\n추정치와 추정에 대한 기본 가정은 지속적으로 검토되고 있으며, 회계추정의 변경은 추정이 변경된 기간과 미래 영향을 받을 기간 동안 인식되고 있습니다.\n1) 가정과 추정의 불확실성\n다음 보고기간 이내에 중요한 조정이 발생할 수 있는 유의한 위험이 있는 가정과 추정의 불확실성에 대한 정보는 다음의 주석사항에 포함되어 있습니다.2) 공정가치의 측정당사의 회계정책과 공시사항은 다수의 금융 및 비금융자산과 부채에 대해 공정가치 측정을 요구하고 있는 바, 당사는 공정가치평가 정책과 절차를 수립하고 있습니다. 동 정책과 절차에는 모든 유의적인 공정가치 측정의 검토를 책임지는 평가부서의 운영을 포함하고 있으며, 그 결과는 재무담당임원에게 직접 보고되고 있습니다.\n평가부서는 정기적으로 관측가능하지 않은 유의적인 투입변수와 평가 조정을 검토하고 있습니다. 공정가치측정에서 중개인 가격이나 평가기관과 같은 제3자 정보를 사용하는 경우, 평가부서에서 제3자로부터 입수한 정보에 근거한 평가가 공정가치 서열체계 내 수준별 분류를 포함하고 있으며 해당 기준서의 요구사항을 충족한다고 결론을 내릴 수 있는지 여부를 판단하고 있습니다.\n공정가치 측정 시 사용된 가정의 자세한 정보는 아래 주석에 포함되어 있습니다.3. 회계정책의 변경아래에서 설명하고 있는 2021년 1월 1일부터 최초로 적용되는 제ㆍ개정 기준서의 적용을 제외하고 당사는 당기 및 비교 표시된 전기 재무제표에 동일한 회계정책을 적용하고 있습니다.재무제표 작성을 위하여 채택한 중요한 회계정책은 다음과 같습니다.\n(1) 회계정책의 변경과 공시1) 회사가 채택한 제ㆍ개정 기준서(가) 기업회계기준서 제1109호 \'금융상품\', 제1039호 \'금융상품: 인식과 측정\', 제1107호 \'금융상품: 공시\', 제 1104호 \'보험계약\' 및 제 1116호 \'리스\' (개정) - 이자율지표 개혁(2단계 개정)개정된 기준서는 기존 이자율지표가 대체 지표 이자율로 대체될 때 발생할 수 있는 재무보고 영향을 해소할 수 있는 다음의 실무적 간편법을 제공하고 있습니다.ㆍ 상각후원가로 측정하는 금융상품과 관련하여 경제적 실질이 변경되지 않는 특정 요건 충족 시 금융상품 재측정에 따른 손익을 미인식ㆍ 이자율지표 개혁에서 요구된 변경을 반영하기 위해 과거 문서화된 위험회피관계의 공식적 지정을 수정하는 경우에도 중단 없이 위험회피회계를 계속 적용ㆍ 특정 요건을 충족한 이자율지표 개혁에 따른 리스변경의 경우 새로운 대체 지표 이자율을 반영한 할인율을 적용상기 개정 내용이 재무제표에 미치는 유의적인 영향은 없습니다.4. 유의적인 회계정책당사가 한국채택국제회계기준에 따른 재무제표 작성에 적용한 유의적인 회계정책은 아래 기술되어 있으며, 주석3의 기준서 및 해석서의 도입과 관련된 영향을 제외하고는 당기 및 비교표시된 전기의 재무제표는 동일한 회계정책을 적용하여 작성되었습니다.\r\n(1) 지배력의 상실 및 지분법피투자기업에 대한 지분\n1) 지배력의 상실지배기업이 종속기업에 대한 지배력을 상실한다면, 재무상태표에서 종전의 종속기업에 대한 자산과 부채를 제거하고 종전의 지배지분에 귀속되는 지배력 상실 관련 손익을 인식합니다. 종속기업에 대한 잔존 투자는 지배력을 상실한 때의 공정가치로 인식합니다.2) 지분법피투자기업에 대한 지분\n당사의 지분법피투자기업에 대한 지분은 관계기업으로 구성되어 있습니다. 관계기업에 대한 투자지분은 최초에 거래원가를 포함하여 원가로 인식하고, 취득 후에는 지분법을 사용하여 회계처리하고 있습니다. 즉, 취득일 이후에 발생한 피투자자의 당기순손익 및 기타포괄손익 중 당사의 지분에 해당하는 금액을 장부금액에 가감하고, 피투자자에게 받은 분배액은 투자지분의 장부금액에서 차감하고 있습니다\n(2) 현금 및 현금성자산\n당사는 보유현금과 요구불예금, 유동성이 매우 높고 확정된 금액의 현금으로 전환이 용이하고 가치변동의 위험이 경미한 단기 투자자산을 현금 및 현금성자산으로 분류하고 있습니다. 지분상품은 현금성자산에서 제외하고 있으며 다만, 상환일이 정해져 있고 취득일로부터 상환일까지의 기간이 단기인 우선주와 같이 실질적인 현금성자산인 경우에는 현금성자산에 포함하고 있습니다.\n(3) 재고자산\n재고자산의 단위원가는 총평균법으로 결정하고 있으며, 취득원가는 매입원가, 전환원가 및 재고자산을 이용가능한 상태로 준비하는데 필요한 기타 원가를 포함하고 있습니다. 재고자산의 판매에 따른 수익을 인식하는 기간에 재고자산의 장부금액을 매출원가로 인식하고 있습니다. 재고자산은 취득원가와 순실현가능가치 중 낮은 금액으로 측정하고 있습니다. 재고자산을 순실현가능가치로 감액한 평가손실과 모든 감모손실은 감액이나 감모가 발생한 기간에 비용으로 인식하고 있으며, 재고자산의 순실현가능가치의 상승으로 인한 재고자산평가손실의 환입은 환입이 발생한 기간의 비용으로 인식된 재고자산의 매출원가에서 차감하고 있습니다.\n(4) 비파생금융자산\n1) 분 \xa0류\n당사는 다음의 측정 범주로 금융자산을 분류합니다.\n- 당기손익-공정가치 측정 금융자산\n- 기타포괄손익-공정가치 금융자산\n- 상각후원가 측정 금융자산\n금융자산은 금융자산의 관리를 위한 사업모형과 금융자산의 계약상 현금흐름 특성에근거하여 분류합니다.\n공정가치로 측정하는 금융자산의 손익은 당기손익 또는 기타포괄손익으로 인식합니다. 채무상품에 대한 투자는 해당 자산을 보유하는 사업모형에 따라 그 평가손익을 당기손익 또는 기타포괄손익으로 인식합니다. 당사는 금융자산을 관리하는 사업모형을 변경하는 경우에만 채무상품을 재분류합니다.\n단기매매항목이 아닌 지분상품에 대한 투자는 최초 인식시점에 후속적인 공정가치 변동을 기타포괄손익으로 표시할 것을 지정하는 취소불가능한 선택을 할 수 있습니다. 지정되지 않은 지분상품에 대한 투자의 공정가치 변동은 당기손익으로 인식합니다.\n2) 측 \xa0정\n당사는 최초 인식시점에 금융자산을 공정가치로 측정하며, 당기손익-공정가치 측정 금융자산이 아닌 경우에 해당 금융자산의 취득과 직접 관련되는 거래원가는 공정가치에 가산합니다. 당기손익-공정가치 측정 금융자산의 거래원가는 당기손익으로 비용처리합니다.\n내재파생상품을 포함하는 복합계약은 계약상 현금흐름이 원금과 이자로만 구성되어 있는지를 결정할 때 해당 복합계약 전체를 고려합니다.\n① 채무상품\n금융자산의 후속적인 측정은 금융자산의 계약상 현금흐름 특성과 그 금융자산을 관리하는 사업모형에 근거합니다. 당사는 채무상품을 다음의 세 범주로 분류합니다.- 상각후원가계약상 현금흐름을 수취하기 위해 보유하는 것이 목적인 사업모형 하에서 금융자산을 보유하고, 계약상 현금흐름이 원리금만으로 구성되어 있는 자산은 상각후원가로 측정합니다. 상각후원가로 측정하는 금융자산으로서 위험회피관계의 적용 대상이 아닌 금융자산의 손익은 해당 금융자산을 제거하거나 손상할 때 당기손익으로 인식합니다. 유효이자율법에 따라 인식하는 금융자산의 이자수익은 \'금융수익\'에 포함됩니다.\n- 기타포괄손익-공정가치 측정 금융자산계약상 현금흐름의 수취와 금융자산의 매도 둘 다를 통해 목적을 이루는 사업모형 하에서 금융자산을 보유하고, 계약상 현금흐름이 원리금만으로 구성되어 있는 금융자산은 기타포괄손익-공정가치로 측정합니다. 손상차손(환입)과 이자수익 및 외환손익을 제외하고는, 공정가치로 측정하는 금융자산의 평가손익은 기타포괄손익으로 인식합니다. 금융자산을 제거할 때에는 인식한 기타포괄손익누계액을 자본에서 당기손익으로 재분류합니다. 유효이자율법에 따라 인식하는 금융자산의 이자수익은 \'금융수익\'에 포함됩니다. 외환손익은 \'금융수익 또는 금융비용\'으로 표시하고 손상차손은 \xa0 \'금융비용\'으로 표시합니다.- 당기손익-공정가치측정 금융자산상각후원가 측정이나 기타포괄손익-공정가치 측정 금융자산이 아닌 채무상품은 당기손익-공정가치로 측정됩니다. 위험회피관계가 적용되지 않는 당기손익-공정가치 측정 채무상품의 손익은 당기손익으로 인식하고 발생한 기간에 손익계산서에 \'금융수익 또는 금융비용\'으로 표시합니다.② 지분상품\n당사는 모든 지분상품에 대한 투자를 후속적으로 공정가치로 측정합니다. 공정가치 변동을 기타포괄손익으로 표시할 것을 선택한 장기적 투자목적 또는 전략적 투자목적의 지분상품에 대해 기타포괄손익으로 인식한 금액은 해당 지분상품을 제거할때에도 당기손익으로 재분류하지 않습니다. 이러한 지분상품에 대한 배당수익은 당사가 배당을 받을 권리가 확정된 때 \'금융수익\'으로 당기손익으로 인식합니다.\n당기손익-공정가치로 측정하는 금융자산의 공정가치 변동은 손익계산서에 \'금융수익 또는 금융비용\'으로 표시합니다. 기타포괄손익-공정가치로 측정하는 지분상품에대한 손상차손(환입)은 별도로 구분하여 인식하지 않습니다.3) 손 \xa0상 \xa0\n당사는 다음 자산의 기대신용손실에 대해 손실충당금을 인식합니다.- 상각후원가로 측정하는 금융자산- 기타포괄손익-공정가치로 측정하는 채무상품\n당사는 12개월 기대신용손실로 측정되는 다음의 금융자산을 제외하고는 전체기간 기대신용손실에 해당하는 금액으로 손실충당금을 측정합니다.- 보고기간말에 신용 위험이 낮다고 결정된 채무증권- 최초 인식 이 후 신용위험이 유의적으로 증가하지 않은 기타 채무증권과 은행예금단, 매출채권에 대한 손실충당금은 항상 전체기간 기대신용손실에 해당하는 금액으로 측정됩니다.금융자산의 계약상 현금흐름 전체 또는 일부의 회수에 대한 합리적인 기대가 없는 경우 해당 자산을 제거합니다. 당사는 제각한 금액이 유의적으로 회수될 것이라는 기대를 갖고 있지 않습니다. 그러나 제각된 금융자산은 당사의 만기가 된 금액의회수 절차에 따라 회수활동의 대상이 될 수 있습니다.\n4) 인식과 제거\n금융자산의 현금흐름에 대한 계약상 권리가 소멸하거나, 금융자산의 현금흐름에 대한 권리를 양도하고 금융자산의 소유에 따른 위험과 보상의 대부분을 이전할 때 금융자산을 제거하고 있습니다. 만약, 금융자산의 소유에 따른 위험과 보상의 대부분을 보유하지도 않고 이전하지도 아니한 경우, 당사가 금융자산을 통제하고 있지도 않다면 금융자산을 제거하고, 금융자산을 계속 통제하고 있다면 그 양도자산에 대하여 지속적으로 관여하는 정도까지 계속하여 인식하고, 관련 부채를 함께 인식하고 있습니다.\n만약, 금융자산의 현금흐름에 대한 권리를 양도하였으나 금융자산의 소유에 따른 위험과 보상을 대부분 당사가 보유하고 있는 경우에는 당해 금융자산을 계속 인식하고, 수취한 매각금액은 부채로 인식하고 있습니다.\n5) 금융상품의 상계\n금융자산과 부채는 인식한 자산과 부채에 대해 법적으로 집행가능한 상계권리를 현재 보유하고 있고, 순액으로 결제하거나 자산을 실현하는 동시에 부채를 결제할 의도를 가지고 있을 때 상계하여 재무상태표에 순액으로 표시합니다. 법적으로 집행가능한 상계권리는 미래사건에 좌우되지 않으며, 정상적인 사업과정의 경우와 채무불이행의 경우 및 지급불능이나 파산의 경우에도 집행가능한 것을 의미합니다.\n(5) 파생상품파생상품은 최초 인식시 계약일의 공정가치로 측정하며, 후속적으로 매 보고기간 말의 공정가치로 측정하고 있습니다. 파생상품의 공정가치 변동으로 인한 평가손익은 일반적으로 손익으로 인식합니다.당사는 환율과 이자율의 변동으로부터 발생하는 발생가능성이 높은 미래예상거래와 관련된 현금흐름의 변동성을 위험회피하기 위해 특정 파생상품을 위험회피수단으로 지정합니다.파생상품이 현금흐름위험회피수단으로 지정되면, 파생상품의 공정가치 변동의 효과적인 부분은 기타포괄손익으로 인식하고 위험회피적립금으로 누적합니다. 기타포괄손익에 인식된 파생상품의 공정가치 변동의 효과적인 부분은 위험회피의 개시시점부터, 현재가치를 기초로 결정된 위험회피대상항목의 공정가치 누적 변동액을 한도로 합니다. 파생상품의 공정가치 변동의 비효과적인 부분은 즉시 당기손익으로 인식합니다.(6) 유형자산\n유형자산은 최초에 원가로 측정하여 인식하고 있습니다. 유형자산의 원가에는 경영진이 의도하는 방식으로 자산을 가동하는데 필요한 장소와 상태에 이르게 하는데 직접 관련되는 원가 및 자산을 해체, 제거하거나 부지를 복구하는데 소요될 것으로 추정되는 원가가 포함됩니다.유형자산은 최초 인식후에는 원가에서 감가상각누계액과 손상차손누계액을 차감한 금액을 장부금액으로 하고 있습니다.토지를 제외한 자산은 최초 인식 이후 취득원가에서 감가상각누계액과 손상차손누계액을 차감한 금액을 장부금액으로 표시하고 있으며, 토지는 최초 인식 후에 재평가일의 공정가치에서 이후의 감가상각누계액과 손상차손누계액을 차감한 재평가금액을 장부금액으로 하고 있습니다. 재평가는 보고기간말에 자산의 장부금액이 공정가치와 중요하게 차이가 나지 않도록 주기적으로 수행하고 있습니다.후속원가는 자산으로부터 발생하는 미래경제적효익이 유입될 가능성이 높으며, 자산의 원가를 신뢰성 있게 측정할 수 있는 경우 자산의 장부금액에 포함하거나 적절한 경우 별도의 자산으로 인식하고 있으며, 일상적인 수선ㆍ유지와 관련하여 발생하는 원가는 발생시점에 당기손익으로 인식하고 있습니다.유형자산 중 토지에 대해서는 감가상각을 하지 않으며, 토지를 제외한 유형자산은 아래의 내용연수와 감가상각방법을 적용하여 감가상각하고 있습니다.당기 및 전기의 추정 내용연수 및 감가상각방법은 다음과 같습니다.\n구 \xa0 분\n내 용 년 수\n건 \xa0 \xa0 \xa0 \xa0 물\n30 ~ 60 년\n구 \xa0 축 \xa0 물\n15 년\n기 계 장 치\n5 년\n차량운반구\n5 년\n기타의 유형자산\n5 년\n당사는 매 회계연도 말에 자산의 잔존가치와 내용연수 및 감가상각방법을 재검토하고 재검토 결과 이를 변경하는 것이 적절하다고 판단되는 경우 회계추정의 변경으로 처리하고 있습니다.\n(7) 무형자산\n당사는 개별적으로 취득한 무형자산은 취득원가로 계상하고 사업결합으로 취득하는 무형자산은 매수시점의 공정가치로 계상하며 최초취득 이후 상각누계액과 손상차손누계액을 직접 차감하여 표시하고 있습니다. 한편 개발비를 제외한 내부적으로 창출된 무형자산은 발생시점에 비용항목으로 하여 당기손익에 반영하고 있습니다.무형자산은 유한한 내용연수를 가진 무형자산과 비한정 내용연수를 가진 무형자산으로 구분되는 바, 유한한 내용연수를 가진 무형자산은 해당 내용연수에 걸쳐 상각하고손상징후가 파악되는 경우 손상여부를 검토하고 있습니다. 또한 내용연수와 상각방법은 매 회계연도말에 그 적정성을 검토하고 있으며 예상 사용기간의 변경이나 경제적효익의 소비형태 변화 등으로 인하여 변경이 필요한 경우에는 추정의 변경으로 회계처리하고 있습니다. 무형자산상각비는 해당 무형자산의 기능과 일관된 비용항목으로 하여 당기손익에 반영하고 있습니다.한편 비한정 내용연수를 가진 무형자산은 상각하지 아니하되 매년 개별적으로 또는 현금창출단위에 포함하여 손상검사를 수행하고 있습니다. 또한 매년 해당 무형자산에 대하여 비한정 내용연수를 적용하는 것이 적절한지를 검토하고 적절하지 않은 경우 전진적인 방법으로 유한한 내용연수로 변경하고 있습니다.당사는 무형자산 제거시 순매각금액과 장부금액의 차이로 인한 손익은 제거시점의 당기손익에 반영하고 있습니다.무형자산의 내용연수 및 상각방법은 다음과 같습니다.\n구 \xa0 \xa0 \xa0 \xa0 분\n내 용 연 수\n상 각 방 법\n산업재산권\n5 \xa0년\n정 \xa0 액 \xa0 법\n회 \xa0 원 \xa0 권\n비한정\n상각하지 아니함\n① 연구개발비당사는 연구에 대한 지출을 발생시점에 비용으로 인식하고 있습니다. 다만 개별 프로젝트와 관련된 개발비의 경우, i) 무형자산을 사용하거나 판매하기 위해 그 자산을 완성할 수 있는 기술적 실현가능성을 제시할 수 있고, ii) 무형자산을 완성하여 사용하거나 판매하려는 의도와 능력이 있으며, iii) 이를 위한 충분한 자원이 확보되어 있고, iv) 무형자산이 어떻게 미래경제적효익을 창출할 수 있는 지를 제시할 수 있으며, v) 개발단계에서 발생한 무형자산 관련 지출을 신뢰성 있게 측정할 수 있는 경우에 한하여 무형자산으로 계상하고 있습니다.② 산업재산권개별적으로 취득한 산업재산권은 역사적 원가로 표시하고 있습니다. 산업재산권은 한정된 내용연수를 가지고 있으며 원가에서 상각누계액을 차감한 가액으로 표시하고있습니다. 산업재산권은 추정내용연수(5년) 동안 원가를 배분하기 위하여 정액법에 따라 상각이 이루어지고 있습니다.\n③ 회원권회원권은 이를 이용할 수 있을 것으로 기대되는 기간에 대하여 예측가능한 제한이 없으므로 비한정 내용연수를 적용하고 있습니다.\n(8) 정부보조금\n정부보조금은 당사가 정부보조금에 부수되는 조건을 준수하고 그 보조금을 수취하는 것에 대해 합리적인 확신이 있을 경우에만 인식하고 있습니다.당사는 비유동자산을 취득 또는 건설하는데 사용해야 한다는 기본조건이 부과된정부보조금을 수령하고 있으며, 해당 자산의 장부금액을 계산할 때, 정부보조금을 차감하고 감가상각자산의 내용연수에 걸쳐 당기손익으로 인식됩니다. 또한, 당사는 정부보조금을 정부보조금으로 보전하려 하는 관련원가를 비용으로 인식하는 기간에 걸쳐 관련비용에서 차감하는 방법으로 당기손익으로 인식하고 있습니다.(9) 비금융자산의 손상\n당사는 매 보고기간말에 자산의 손상을 시사하는 징후가 존재하는지 검토하고 있습니다. 그러한 징후가 존재하는 경우 또는 매년 자산에 대한 손상검사가 요구되는경우당사는 자산의 회수가능액을 추정하고 있습니다. 자산의 회수가능액은 자산 또는 현금창출단위의 순공정가치와 사용가치 중 큰 금액이며 개별자산별로 결정하나 해당개별자산의 현금유입이 다른 자산이나 자산집단의 현금유입과 거의 독립적으로 창출되지 않는 경우 해당 개별자산이 속한 현금창출단위별로 결정됩니다. 자산의 장부금액이 회수가능액을 초과하는 경우 자산은 손상된 것으로 보며 자산의 장부금액을 회수가능액으로 감소시키게 됩니다.사용가치는 해당 자산의 기대 미래현금흐름의 추정치를 화폐의 시간가치와 해당 자산의 위험에 대한 시장의 평가를 반영한 세전할인율로 할인한 현재가치로 평가하고 있습니다. 순공정가치는 최근거래가격을 고려하고 있습니다. 그러한 거래가 식별되지 않는 경우 적절한 평가모델을 사용하여 결정하고 있습니다. 이러한 계산에는 평가배수, 상장주식의 시가 또는 기타 공정가치 지표를 이용하고 있습니다.손상차손은 손상된 자산의 기능과 일관된 비용항목으로 하여 당기손익에 반영하고 있습니다. 다만 재평가모형을 적용하는 자산으로서 이전에 인식한 재평가잉여금이 있는 경우에는 이전 재평가금액을 한도로 재평가잉여금과 상계하고 있습니다.영업권을 제외한 자산에 대하여 매 보고기간말에 과거에 인식한 자산의 손상차손이 더 이상 존재하지 않거나 또는 감소하였다는 것을 시사하는 징후가 있는지 여부를 평가하며 그러한 징후가 있는 경우 회수가능액을 추정하고 있습니다. 과거에 인식한 영업권을 제외한 자산의 손상차손은 직전 손상차손의 인식시점 이후 해당 자산의 회수가능액을 결정하는데 사용된 추정치에 변화가 있는 경우에 한하여 손상차손을 인식하지 않았을 경우의 자산의 장부금액의 상각 후 잔액을 한도로 장부금액을 회수가능액으로 증가시키고 이러한 손상차손환입은 당기손익에 반영하고 있습니다. 다만 재평가모형을 적용하고 있는 자산의 경우에는 동 환입액을 재평가잉여금의 증가로 처리하고 있습니다.다음의 자산에 대하여는 자산손상검사에 있어 각각의 기준이 추가적으로 적용되고 있습니다.\n구 \xa0 \xa0 \xa0 \xa0 분\n손상검사 기준\n무형자산\n비한정 내용연수를 가진 무형자산에 대하여 매년 12월 31일과 손상징후가 발생하였을 때 개별 자산별 또는 현금창출단위별로 손상검사를 수행하고 있습니다.\n(10) 매각예정비유동자산 및 중단영업\n비유동자산 또는 처분자산집단의 장부금액이 계속 사용이 아닌 매각거래를 통하여 주로 회수될 것으로 예상된다면 이를 매각예정자산으로 분류하고 있습니다. 이러한 조건은 당해 자산(또는 처분자산집단)이 현재의 상태로 즉시 매각가능하여야 하며 매각될 가능성이 매우 높을 때에만 충족된 것으로 간주하고 있습니다. 자산 (또는 처분자산집단)을 매각예정으로 최초 분류하기 직전에 해당 자산(또는 자산과 부채)의 장부금액과 순공정가치 중 작은 금액으로 측정하고 있습니다. 자산의 순공정가치가 하락하면 손상차손을 즉시 당기손익으로 인식하고, 순공정가치가 증가하면 과거에 인식하였던 손상차손누계액을 한도로 하여 이익으로 인식하고 있습니다.비유동자산이 매각예정으로 분류되거나 매각예정으로 분류된 처분자산집단의 일부인 경우에는 그 자산은 상각하지 아니하고 있습니다.당사는 CCTV업황 경쟁심화 및 사업부진 지속으로 사업구조 개선과 내부자원의 효율화를 통한 핵심사업 역량을 집중하기 위해 \xa0Hitron Systems(Shenzhen) Ltd.의 지분을 전량 매각하였습니다. 중단사업 관련하여 매각될 가능성이 높은 처분자산집단을 매각예정자산으로 재분류 하였으나, 분류되는 매각예정자산은 없습니다.(11) 차입원가\n적격자산의 취득, 건설 또는 제조와 직접 관련된 차입원가는 당해 자산 원가의 일부로 자본화하고 있으며, 기타차입원가는 발생기간에 비용으로 인식하고 있습니다. 적격자산이란 의도된 용도로 사용하거나 판매가능한 상태가 될 때까지 상당한 기간을 필요로 하는 자산을 말하며, 금융자산과 단기간 내에 제조되거나 생산되는 재고자산은 적격자산에 해당되지 아니하며, 취득시점에 의도된 용도로 사용할 수 있거나 판매가능한 상태에 있는 자산인 경우에도 적격자산에 해당되지 아니합니다.\xa0\n적격자산을 취득하기 위한 목적으로 특정하여 차입한 자금에 한하여, 보고기간 동안 그 차입금으로부터 실제 발생한 차입원가에서 당해 차입금의 일시적 운용에서 생긴 투자수익을 차감한 금액을 자본화가능차입원가로 결정하며, 일반적인 목적으로 자금을 차입하고 이를 적격자산의 취득을 위해 사용하는 경우에 한하여 당해 자산 관련 지출액에 자본화이자율을 적용하는 방식으로 자본화가능차입원가를 결정하고 있습니다. 자본화이자율은 보고기간동안 차입한 자금(적격자산을 취득하기 위해 특정 목적으로 차입한 자금 제외)으로부터 발생된 차입원가를 가중평균하여 산정하고 있습니다. 보고기간 동안 자본화한 차입원가는 당해 기간동안 실제 발생한 차입원가를 초과할 수 없습니다.\n(12) 비파생금융부채 1) 최초 인식과 측정기업회계기준서 제1109호의 범위에 해당되는 금융부채는 최초인식시 당기손익-공정가치 측정 금융부채, 차입금 또는 효과적인 위험회피수단으로 지정된 파생상품으로 분류되고 있습니다.금융부채는 최초인식시 공정가치로 측정하며 차입금의 경우 관련된 거래원가를 공정가치에서 차감하고 있습니다.당사의 주요 금융부채는 매입채무 및 기타채무, 차입금, 기타금융부채가 있습니다.\n2) 후속측정금융부채의 후속측정은 금융부채의 분류에 따라 상이합니다.① 당기손익-공정가치 측정 금융부채당기손익-공정가치 측정 금융부채는 단기매매금융부채와 최초 인식 시점에 당기손익-공정가치로 측정하도록 지정된 금융부채를 포함합니다.금융부채가 단기간 내에 재매입되는 경우에는 단기매매항목으로 분류됩니다. 이 범주는 또한 기업회계기준서 제1109호에서 정의된 위험회피관계에 있는 위험회피수단으로 지정되지 않은 파생상품을 포함합니다. 또한 분리된 내재파생상품은 위험회피에 효과적인 수단으로 지정되지 않았다면 단기매매항목으로 분류됩니다.단기매매항목인 금융부채에서 발생하는 손익은 당기손익으로 인식됩니다.당기손익-공정가치 항목으로 지정된 금융부채는 기업회계기준서 제1109호의 기준을 충족하는 경우에 최초 인식 시점에만 지정됩니다. 당사는 어떤 금융부채도 당기손익-공정가치 항목으로 지정하지 않았습니다.② 차입금최초인식후 차입금은 후속적으로 유효이자율법을 이용한 상각후원가로 측정되며 관련 평가손익은 차입금이 제거되는 시점 또는 유효이자율법에 의한 상각절차를 통하여 당기손익에 반영하고 있습니다. 상각후원가는 취득시의 할인이나 할증과 유효이자율의일부인 지급되거나 수취된 수수료를 고려하여 계상됩니다. 유효이자율에 의한상각은 손익계산서에 금융원가로 계상하고 있습니다.3) 제거금융부채는 그 계약상 의무가 이행되거나 취소되거나 만료된 경우 제거됩니다. 기존 금융부채가 동일 대여자로부터의 다른 계약조건의 다른 금융부채로 대체되거나 기존금융부채의 계약조건이 실질적으로 변경되는 경우, 이러한 대체 또는 변경은 기존 부채의 제거 및 신규 부채의 인식으로 처리되며 장부금액과 지급한 대가의 차이는 당기손익에 반영됩니다.\n(13) 종업원급여\n① 단기종업원급여\n종업원이 관련 근무용역을 제공한 보고기간의 말부터 12개월 이내에 결제될 단기종업원급여는 근무용역과 교환하여 지급이 예상되는 금액을, 근무용역이 제공된 때에 당기손익으로 인식하고 있습니다. 단기종업원급여는 할인하지 않은 금액으로 측정하고 있습니다.\n② 퇴직급여 : 확정급여제도\n보고기간 말 현재 확정급여제도와 관련된 확정급여부채는 확정급여채무의 현재가치에서 사외적립자산의 공정가치를 차감하여 인식하고 있습니다.확정급여부채는 매년 독립적인 계리사에 의해 예측단위적립방식으로 계산되고 있습니다. 확정급여채무의 현재가치에서 사외적립자산의 공정가치를 차감하여 산출된 순액이 자산일 경우, 제도로부터 환급받거나 제도에 대한 미래기여금이 절감되는 방식으로 이용가능한 경제적 효익의 현재가치를 한도로 자산을 인식하고 있습니다.순확정급여부채의 재측정요소는 보험수리적손익, 순확정급여부채의 순이자에 포함된 금액을 제외한 사외적립자산의 수익 및 순확정급여부채의 순이자에 포함된 금액을 제외한 자산인식상한효과의 변동으로 구성되어 있으며, 즉시 기타포괄손익으로 인식됩니다. 당사는 순확정급여부채(자산)의 순이자를 순확정급여부채(자산)에 연차보고기간 초에 결정된 할인율을 곱하여 결정되며 보고기간 동안 기여금 납부와 급여지급으로 인한 순확정급여부채(자산)의 변동을 고려하여 결정하고 있습니다. 확정급여제도와 관련된 순이자비용과 기타비용은 당기손익으로 인식됩니다.\n(14) 충당부채\n충당부채는 과거사건의 결과로 존재하는 현재의무 (법적의무 또는 의제의무)로서, 당해 의무를 이행하기 위하여 경제적효익을 갖는 자원이 유출될 가능성이 높으며 \xa0그 의무의 이행에 소요되는 금액을 신뢰성 있게 추정할 수 있는 경우에 인식하고 있습니다.\n충당부채로 인식하는 금액은 관련된 사건과 상황에 대한 불가피한 위험과 불확실성을 고려하여 현재의무를 보고기간말에 이행하기 위하여 소요되는 지출에 대한 최선의 추정치입니다. \xa0화폐의 시간가치 효과가 중요한 경우 충당부채는 의무를 이행하기위하여 예상되는 지출액의 현재가치로 평가하고 있습니다.충당부채를 결제하기 위해 필요한 지출액의 일부 또는 전부를 제3자가 변제할 것이 예상되는 경우 이행한다면 변제를 받을 것이 거의 확실하게 되는 때에 한하여 변제금액을 인식하고 별도의 자산으로 회계처리하고 있습니다.매 보고기간말마다 충당부채의 잔액을 검토하고, 보고기간말 현재 최선의 추정치를 반영하여 조정하고 있습니다. \xa0의무이행을 위하여 경제적효익이 내재된 자원이 유출될 가능성이 더 이상 높지 아니한 경우에는 관련 충당부채를 환입하고 있습니다.\n(15) 외 \xa0화재무제표 작성에 있어서 기능통화 외의 통화(외화)로 이루어진 거래는 거래일의 환율을 적용하여 기록하고 있습니다. 매 보고기간 말에 화폐성 외화항목은 보고기간 말의마감환율로 환산하고 있습니다. 공정가치로 측정하는 비화폐성 외화항목은 공정가치가 결정된 날의 환율로 환산하고, 역사적원가로 측정하는 비화폐성항목은 거래일의 환율로 환산하고 있습니다.\n화폐성항목의 결제시점에 생기는 외환차이와 해외사업장순투자 환산차이 또는 현금흐름위험회피로 지정된 금융부채에서 발생한 환산차이를 제외한 화폐성항목의 환산으로 인해 발생한 외환차이는 모두 당기손익으로 인식하고 있습니다. 비화폐성항목에서 발생한 손익을 기타포괄손익으로 인식하는 경우에는 그 손익에 포함된 환율변동효과도 기타포괄손익으로 인식하고, 당기손익으로 인식하는 경우에는 환율변동효과도 당기손익으로 인식하고 있습니다.\n(16) 납입자본\n보통주는 자본으로 분류하며 자본거래에 직접 관련되어 발생하는 증분원가는 세금효과를 반영한 순액으로 자본에서 차감하고 있습니다.\n당사가 자기 지분상품을 재취득하는 경우에 이러한 지분상품은 자기주식의 과목으로자본에서 직접 차감하고 있습니다. 자기지분상품을 매입 또는 매도하거나 발행 또는 소각하는 경우의 손익은 당기손익으로 인식하지 아니합니다. 당사가 자기주식을 취득하여 보유하는 경우 지급하거나 수취한 대가는 자본에서 직접 인식하고 있습니다.\n(17) 고객과의 계약에서 생기는 수익\n당사는 기업회계기준서 제1115호 \'고객과의 계약에서 생기는 수익\'의 적용범위에 포함되는 고객과의 모든 계약에 5단계 수익인식모형(① 계약 식별 → ② 수행의무식별→ ③ 거래가격 산정 → ④ 거래가격을 수행의무에 배분 →⑤ 수행의무 이행 시 수익 인식)을 적용하여 수익을 인식합니다.\n1) 수행의무의 식별\n당사는 씨큐리티시스템을 제조, 수출하는 사업을 영위하고 있으며, 제품매출, 상품매출로 구성되어 있습니다. 당사는 회수 시기와 관계없이 경제적효익의 유입 가능성이 높고 신뢰성 있게 측정될 수 있는 경우에 수익을 인식하고 있으며, 받았거나 받을 대가의 공정가치에서 계약상지급조건을 고려하고 세금과 관세 등을 차감하여 수익을 측정하고 있습니다. 당사는 모든 수익 약정에서 주된 책임과 가격결정권을 갖고 있으며 재고 및 신용 위험에 노출되어 있으므로 모든 매출계약에 대하여 당사가 본인으로서 역할을 하고 있다고 판단하고 있습니다.재화의 판매로 인한 수익은 재화의 소유에 따른 유의적인 위험과 보상이 구매자에게 이전되는 시점 즉, 일반적으로 재화의 인도시점에 인식하고 있습니다.2) 변동대가\n당사는 고객과 체결한 일부 판매계약 중 고객에게 기간별 판매실적에 따라 장려금을 제공합니다. 이러한 장려금은 기업회계기준서 제1115호에 따른 변동대가에 해당하며, 그 적절한 추정치를 매출액에서 차감하여 회계처리하였습니다.\n3) 보증의무\n당사는 일반적으로 법률에서 요구하는 바에 따라 보증을 제공합니다. 이 보증은 기업회계기준서 제1115호 도입 이전에 기업회계기준서 제1037호에 따라 회계처리 되었습니다. 이런 보증은 대부분 기업회계기준서 제1115호에서 확신 유형의 보증에 해당하며 당사는 기업회계기준서 제1037호 \'충당부채, 우발부채 및 우발자산\'에 따라 회계처리하므로 이 기준서의 도입 이전과 동일하게 처리됩니다.\n(18) 금융수익과 비용\n금융수익은 이자수익, 배당수익, 금융자산처분손익, 당기손익-공정가치 측정 금융자산의 공정가치 변동, 당기손익으로 인식하는 위험회피수단의 평가차익을 포함하고 있습니다. 이자수익은 기간의 경과에 따라 유효이자율법을 적용하여 당기손익으로 인식하며, 배당수익은 주주로서 배당을 받을권리가 확정되는 시점에 수익을 인식하고 있습니다.\n금융비용은 차입금에 대한 이자비용, 당기손익으로 인식하는 위험회피수단의 평가차손을 포함하고 있습니다. 차입금에 대한이자비용은 유효이자율법을 적용하여 기간의경과에 따라 당기손익으로 인식하고 있습니다.\n(19) 법인세법인세비용은 당기법인세와 이연법인세로 구성되어 있으며, 기타포괄손익이나 자본에 직접 인식되는 거래나 사건 또는 사업결합에서 발생하는 세액을 제외하고는 당기손익으로 인식하고 있습니다.법인세와 관련된 이자와 벌금은 법인세에 해당하는지 판단하고 법인세에 해당한다면기업회계기준서 제1012호 \'법인세\'를 적용하고, 법인세에 해당하지 않는다면 기업회계기준서 제1037호 \'충당부채, 우발부채, 우발자산\'을 적용하고 있습니다.\n1) 당기법인세\n당기법인세는 당기의 과세소득을 기초로 산정하고 있습니다. 과세소득은 포괄손익계산서상의 세전이익에서 다른 과세기간에 가산되거나 차감될 손익 및 비과세항목이나손금불인정항목을 제외하므로 포괄손익계산서상 손익과 차이가 있습니다. 당사의 당기법인세와 관련된 미지급법인세는 제정되었거나 실질적으로 제정된 세율을 사용하여 계산하고 있습니다.당기법인세자산과 당기법인세부채는 다음의 조건을 모두 충족하는 경우에만 상계를 합니다.- 인식된 금액에 대한 법적으로 집행가능한 상계권리를 가지고 있음- 순액으로 결제하거나, 자산을 실현하는 동시에 부채를 결제할 의도가 있음2) 이연법인세\n이연법인세는 재무제표상 자산과 부채의 장부금액과 과세소득 산출 시 사용되는 세무기준액과의 차이를 바탕으로 인식되며, 자산부채법에 의하여 인식하고 있습니다. 이연법인세부채는 모든 가산할 일시적 차이에 대하여 인식하며, 이연법인세자산은 차감할 일시적 차이 중 일시적 차이가 과세소득 발생으로 해소될 가능성이 높은 경우에 인식합니다. 그러나, 일시적차이가 영업권을 최초로 인식하는 경우나 자산ㆍ부채가 최초로 인식되는 거래가 사업결합 거래가 아니고, 거래 당시의 회계이익 또는 과세소득에 영향을 미치지 아니하는 거래의 경우 이연법인세를 인식하지 않고 있습니다.\n당사가 일시적차이의 소멸시점을 통제할 수 있으며, 예측가능한 미래에 일시적 차이가 소멸하지 않을 가능성이 높은 경우를 제외하고는 종속기업 및 관계기업에 대한 투자자산에 관한 가산할 일시적차이에 대하여 이연법인세부채를 인식합니다. 또한 이러한 투자자산 및 투자지분과 관련된 차감할 일시적차이로 인하여 발생하는 이연법인세자산은 일시적차이의 혜택을 사용할 수 있을만큼 충분한 과세소득이 발생할가능성이 높고, 일시적차이가 예측가능한 미래에 소멸할 가능성이 높은 경우에만 인식합니다.\n이연법인세자산의 장부금액은 매 보고기간 말에 검토하고, 이연법인세자산으로 인한혜택이 사용되기에 충분한 과세소득이 발생할 가능성이 더 이상 높지 않은 경우 이연법인세자산의 장부금액을 감소시키고 있습니다.이연법인세자산과 부채는 보고기간 말 제정 되었거나 실질적으로 제정된 세법에 근거하여 당해 자산이 실현되거나 부채가 지급될 보고기간에 적용될 것으로 기대되는 세율을 사용하여 측정하고 있습니다. 이연법인세자산과 이연법인세부채를 측정할 때에는 보고기간 말 현재 당사가 관련 자산과 부채의 장부금액을 회수하거나 결제할 것으로 예상되는 방식에 따라 법인세효과를 반영하였습니다.\n이연법인세자산과 부채는 당사가 당기법인세자산과 당기법인세부채를 상계할 수 있는 법적으로 집행가능한 권리를 가지고 있으며, 동일한 과세당국에 의해서 부과되는 법인세와 관련하여 당기법인세 부채와 자산을 순액으로 결제할 의도가 있거나, 중요한 금액의 이연법인세부채가 결제되거나, 이연법인세자산이 회수될 미래에 각 회계기간마다 자산을 실현하는 동시에 부채를 결제할 의도가 있는 경우에만 상계합니다.이연법인세부채 또는 이연법인세자산이 공정가치모형을 사용하여 측정된 투자부동산에서 발생하는 경우, 동 투자부동산의 장부금액이 매각을 통하여 회수될 것이라는 반증 가능한 가정을 전제하고 있습니다. 따라서 이러한 가정에 대한 반증이 없다면, 이연법인세부채 또는 이연법인세자산의 측정에는 투자부동산 장부금액이 모두 매각을 통하여 회수되는 세효과를 반영합니다. 다만 투자부동산이 감가상각 대상자산으로서 매각을 위해 보유하기보다는 그 투자부동산에 내재된 대부분의 경제적 효익을 기간에 걸쳐 소비하는 것을 목적으로 하는 사업모형 하에서 보유하는 경우 이러한 가정이 반증됩니다.\n3) 당기법인세와 이연법인세의 인식\n당기법인세와 이연법인세는 동일 회계기간 또는 다른 회계기간에 기타포괄손익이나자본으로 직접 인식되는 거래나 사건 또는 사업결합으로부터 발생하는 경우를 제외하고는 수익이나 비용으로 인식하여 당기손익에 포함합니다. 사업결합시에는 법인세효과는 사업결합에 대한 회계처리에 포함되어 반영됩니다.(20) 리 \xa0스\n당사는 계약에서 대가와 교환하여, 식별되는 자산의 사용 통제권을 일정기간 이전하게 하는지를 고려하여 계약의 약정시점에, 계약자체가 리스인지, 계약이 리스를 포함하는지를 판단합니다.리스이용자로서의 기업\n당사는 단기리스와 소액 기초자산 리스를 제외한 모든 리스에 대하여 하나의 인식 과측정 접근법을 적용합니다. 당사는 리스료 지급의무를 나타내는 리스부채와 기초자산의 사용권을 나타내는 사용권자산을 인식합니다.1) 사용권자산\n당사는 리스개시일(즉, 기초자산이 사용가능한 시점)에 사용권자산을 인식합니다. 사용권자산은 원가로 측정하고, 후속 측정 시 원가모형을 적용하였습니다. 원가모형을 적용하기 위하여 감가상각누계액과 손상차손누계액을 차감하고, 리스부채의 재측정에 따른 \xa0조정을 반영합니다. 사용권자산의 원가는 인식된 리스부채 금액, 최초 직접원가, 그리고 받은 리스 인센티브를 차감한 리스개시일이나 그 전에 지급한 리스료를포함합니다. 사용권자산은 리스기간과 자산의 추정된 내용연수 중 짧은 기간에 걸쳐 정액기준으로 감가상각됩니다.\n리스기간 종료시점에 당사에 기초자산의 소유권이 이전되는 경우나 사용권자산의 원가에 당사가 매수선택권을 행사할 것임이 반영되는 경우, 감가상각은 자산의 기초자산의 추정된 내용연수를 사용하여 계산됩니다.\xa0\n사용권자산도 손상의 대상이 되며 비금융자산의 손상에 대한 회계정책에서 설명하였습니다.\n(2) 리스부채\n리스 개시일에, 당사는 리스기간에 걸쳐 지급될 리스료의 현재가치로 리스부채를 측정합니다. 리스료는 고정리스료(실질적인 고정리스료를 포함하고, 받을 리스 인센티브는 차감), 지수나 요율에 따라 달라지는 변동리스료 및 잔존가치보증에 따라 지급될 것으로 예상되는 금액으로 구성됩니다. 리스료는 또한 당사가 매수선택권을 행사할 것이 상당히 확실한 경우에 그 매수선택권의 행사가격과 리스기간이 당사의 종료선택권 행사를 반영하는 경우에 그 리스를 종료하기 위하여 부담하는 금액을 포함합니다.\n지수나 요율에 따라 달라지는 변동리스료가 아닌 변동리스료는 (재고자산을 생산하는데 발생된 것이 아니라면) 리스료 발생을 유발하는 사건 또는 조건이 발생한 기간의 비용으로 인식합니다.\n당사는 리스료의 현재가치를 계산할 때, 리스의 내재이자율을 쉽게 산정할 수 없기 때문에 리스개시일의 증분차입이자율을 사용합니다. 리스개시일 이후 리스부채 금액은 이자를 반영하여 증가하고 지급한 리스료를 반영하여 감소합니다. 또한, 리스부채의 장부금액은 리스기간의 변경, 리스료의 변경(예를 들어, 리스료를 산정할 때 사용한 지수나 요율의 변동으로 생기는 미래 리스료의 변동) 또는 기초자산을 매수하는 선택권 평가에 변동이 있는 경우 재측정됩니다.\n(3) 단기리스와 소액 기초자산 리스당사는 단기리스(즉, 이러한 리스는 리스기간이 리스개시일로부터 12개월 이하이고 매수선택권을 포함하지 않음)에 대한 인식 면제 규정을 적용합니다. 또한 당사은 소액자산으로 간주되는 사무용품의 리스에 소액자산 리스에 대한 인식 면제 규정을 적용합니다. 단기리스와 소액자산 리스에 대한 리스료는 리스기간에 걸쳐 정액기준으로 비용으로 인식합니다.\n리스제공자로서의 기업\n당사는 기초자산의 소유에 따른 위험과 보상의 대부분을 이전하지 않는 리스를 운용리스로 분류합니다. 리스료 수익은 리스기간에 걸쳐 정액 기준으로 인식하며, 영업 성격에 따라 손익계산서에서 매출에 포함됩니다. 운용리스 체결과정에서 부담하는 리스개설 직접원가를 기초자산의 장부금액에 더하고 리스료 수익과 같은 기준으로 리스기간에 걸쳐 비용으로 인식합니다. 조건부 임대료는 임대료를 수취하는 시점에 매출로 인식합니다\n(21) 주당이익\n당사는 보통주 기본주당이익과 희석주당이익을 계속영업손익과 당기순손익에 대하여 계산하고 포괄손익계산서에 표시하고 있습니다. 기본주당이익은 보통주에 귀속되는 당기순손익을 보고기간 동안에 유통된 보통주식수를 가중평균한 주식수로 나누어 계산하고 있습니다. 희석주당이익은 전환사채와 종업원에게 부여한 주식기준보상 등 모든 희석효과가 있는 잠재적 보통주의 영향을 고려하여 보통주에 귀속되는 당기순손익 및 가중평균유통보통주식수를 조정하여 계산하고 있습니다.\n5. 공정가치(1) 범주별금융상품보고기간 종료일 현재 기업의 범주별 금융상품 내역은 다음과 같습니다.① 당기말 \xa0 \xa0 \xa0 \xa0 \xa0 \xa0 \xa0 \xa0 \xa0 \xa0 \xa0 \xa0 \xa0 \xa0 \xa0 \xa0 \xa0 \xa0 \xa0 \xa0 \xa0 \xa0 \xa0 \xa0 \xa0 \xa0 \xa0 \xa0 \xa0 \xa0 \xa0 \xa0 \xa0 \xa0 \xa0 \xa0 \xa0 \xa0 \xa0 \xa0 \xa0 \xa0 \xa0 \xa0  \xa0 \xa0 \xa0 \xa0 \xa0 \xa0 \xa0 \xa0 \xa0 \xa0 \xa0 \xa0 \xa0 \xa0 \xa0 \xa0 \xa0 \xa0 \xa0 \xa0 \xa0 \xa0 \xa0 \xa0 \xa0 \xa0 \xa0 \xa0 \xa0 \xa0 \xa0 \xa0 \xa0 \xa0 \xa0 \xa0 \xa0 \xa0 \xa0 \xa0 \xa0 \xa0 \xa0 \xa0 \xa0 \xa0 \xa0 \xa0 \xa0 \xa0 \xa0 \xa0(단위 : 원)\r\n계정과목\n상각후원가\n당기손익 - 공정가치측정\n합 \xa0계\n현금 및 현금성자산\n492,461,698\n-\n492,461,698\n매출채권 및 기타채권\n9,052,121,531\n-\n9,052,121,531\n기타비유동성금융자산\n4,000,000\n-\n4,000,000\n당기손익-공정가치금융자산\n-\n235,736,200\n235,736,200\n기타비유동자산(보증금)\n991,439,703\n-\n991,439,703\n합 \xa0계\n10,540,022,932\n235,736,200\n10,775,759,132\n② 전기말\n\xa0 \xa0 \xa0 \xa0 \xa0 \xa0 \xa0 \xa0 \xa0 \xa0 \xa0 \xa0 \xa0 \xa0 \xa0 \xa0 \xa0 \xa0 \xa0 \xa0 \xa0 \xa0 \xa0 \xa0 \xa0 \xa0 \xa0 \xa0 \xa0 \xa0 \xa0 \xa0 \xa0 \xa0 \xa0 \xa0 \xa0 \xa0 \xa0 \xa0 \xa0 \xa0 \xa0 \xa0 \xa0 \xa0 \xa0 \xa0 \xa0 \xa0 \xa0 \xa0 (단위 : 원)\n계정과목\n상각후원가\n당기손익 - 공정가치측정\n합 \xa0계\n현금 및 현금성자산\n2,354,038,380\n-\n2,354,038,380\n매출채권 및 기타채권\n26,710,295,377\n-\n26,710,295,377\n기타유동성금융자산\n80,000,000\n-\n80,000,000\n기타비유동성금융자산\n4,000,000\n-\n4,000,000\n당기손익-공정가치금융자산\n-\n235,736,200\n235,736,200\n기타비유동자산(보증금)\n4,132,886,836\n-\n4,132,886,836\n합 \xa0계\n33,281,220,593\n235,736,200\n33,516,956,793\n2) 금융부채① 당기말 \xa0 \xa0 \xa0 \xa0 \xa0 \xa0 \xa0 \xa0 \xa0 \xa0 \xa0 \xa0 \xa0 \xa0 \xa0 \xa0 \xa0 \xa0 \xa0 \xa0 \xa0 \xa0 \xa0 \xa0 \xa0 \xa0 \xa0 \xa0 \xa0 \xa0 \xa0 \xa0 \xa0 \xa0 \xa0 \xa0 \xa0 \xa0 \xa0 \xa0 \xa0 \xa0 \xa0 \xa0 \xa0 (단위 : 원)\n계정과목\n상각후원가측정금융부채\n당기손익 - 공정가치측정금융부채\n합 \xa0계\n매입채무 및 기타채무\n1,987,588,943 \xa0\n-\n1,987,588,943 \xa0\n유동리스부채\n637,106,996\xa0\n-\n637,106,996\xa0\n비유동리스부채\n\xa0307,845,234\xa0\n-\n\xa0307,845,234\xa0\n합 \xa0계\n2,932,541,173\n-\n2,932,541,173\n② 전기말 \xa0 \xa0 \xa0 \xa0 \xa0 \xa0 \xa0 \xa0 \xa0 \xa0 \xa0 \xa0 \xa0 \xa0 \xa0 \xa0 \xa0 \xa0 \xa0 \xa0 \xa0 \xa0 \xa0 \xa0 \xa0 \xa0 \xa0 \xa0 \xa0 \xa0 \xa0 \xa0 \xa0 \xa0 \xa0 \xa0 \xa0 \xa0 \xa0 \xa0 \xa0 \xa0 \xa0 \xa0 \xa0 \xa0 \xa0 \xa0 \xa0 \xa0 \xa0 \xa0 (단위 : 원)\n계정과목\n상각후원가측정금융부채\n당기손익 - 공정가치측정금융부채\n합 \xa0계\n매입채무 및 기타채무\n6,662,216,880\n-\n6,662,216,880\n유동성사채\n13,618,682,918\n-\n13,618,682,918\n유동파생상품부채\n-\n463,605,000\n463,605,000\n유동리스부채\n995,966,951\n-\n995,966,951\n비유동파생상품부채\n-\n4,030,155,000\n4,030,155,000\n비유동리스부채\n128,636,031\n-\n128,636,031\n합 \xa0계\n21,405,502,780\n4,493,760,000\n25,899,262,780\n(2) 당기말과 전기말 현재 금융상품의 장부금액과 공정가치는 다음과 같습니다.\n① 금융자산 \xa0 \xa0 \xa0 \xa0 \xa0 \xa0 \xa0 \xa0 \xa0 \xa0 \xa0 \xa0 \xa0 \xa0 \xa0 \xa0 \xa0 \xa0 \xa0 \xa0 \xa0 \xa0 \xa0 \xa0 \xa0 \xa0 \xa0 \xa0 \xa0 \xa0 \xa0 \xa0 \xa0 \xa0 \xa0 \xa0 \xa0 \xa0 \xa0 \xa0 \xa0 \xa0 \xa0 \xa0(단위 : 원)\n구분\n당기말\n전기말\n장부금액\n공정가치\n장부금액\n공정가치\n[당기손익 - 공정가치 측정 금융자산\n당기손익-공정가치금융자산\n235,736,200\n235,736,200\n235,736,200\n235,736,200\n소 \xa0계\n235,736,200\n235,736,200\n235,736,200\n235,736,200\n[상각후원가로 측정하는 금융자산]\n현금 및 현금성자산\n492,461,698\xa0\n(*)\n2,354,038,380\n(*)\n매출채권 및 기타채권\n9,052,121,531\xa0\n(*)\n26,710,295,377\n(*)\n기타유동성금융자산\n-\n-\n80,000,000\n(*)\n기타비유동성금융자산\n4,000,000\n(*)\n4,000,000\n(*)\n기타비유동자산(보증금)\n991,439,703\xa0\n(*)\n4,132,886,836\n(*)\n소 \xa0계\n10,540,022,932\n-\n33,281,220,593\n-\n금융자산 합계\n\xa0 \xa0 \xa010,775,759,132\xa0\n235,736,200\xa0\n33,561,956,793\n235,736,200\n(*) 장부금액이 공정가치의 합리적인 근사치이므로 공정가치 공시에서 제외하였습니다.\n② 금융부채 \xa0 \xa0 \xa0 \xa0 \xa0 \xa0 \xa0 \xa0 \xa0 \xa0 \xa0 \xa0 \xa0 \xa0 \xa0 \xa0 \xa0 \xa0 \xa0 \xa0 \xa0 \xa0 \xa0 \xa0 \xa0 \xa0 \xa0 \xa0 \xa0 \xa0 \xa0 \xa0 \xa0 \xa0 \xa0 \xa0 \xa0 \xa0 \xa0 \xa0 \xa0 \xa0 \xa0 \xa0(단위 : 원)\n구 \xa0 \xa0분\n당 기 말\n전 기 말\n장부금액\n공정가치\n장부금액\n공정가치\n[당기손익-공정가치 측정 금융부채]\n유동파생상품부채\n-\n-\n463,605,000\n463,605,000\n비유동파생상품부채\n-\n-\n4,030,155,000\n4,030,155,000\n소 \xa0 \xa0계\n-\n-\n4,493,760,000\n4,493,760,000\n[상각후원가로 인식된 금융부채]\n매입채무및기타채무\n\xa01,987,588,943\xa0\n(*)\n6,662,216,880\n(*)\n유동성사채\n-\n-\n13,618,682,918\n(*)\n유동리스부채\n637,106,996\xa0\n(*)\n995,966,951\n(*)\n비유동리스부채\n307,845,234\xa0\n(*)\n128,636,031\n(*)\n소 \xa0 \xa0계\n\xa0 \xa0 2,932,541,173\xa0\n-\n21,405,502,780\n-\n금융부채 합계\n\xa0 \xa02,932,541,173\xa0\n-\n25,899,262,780\n4,493,760,000\n(*) 장부금액이 공정기치의 합리적인 근사치이므로 공정가치 공시에서 제외하였습니다.\n(3) 공정가치 서열체계기업은 공정가치측정에 사용된 투입변수의 유의성을 반영하는 공정가치 서열체계에 따라 공정가치 측정치를 분류하고 있으며, 공정가치 서열체계의 수준은 다음과 같습니다.\n구분\n투입변수의 유의성\n수준 1\n공정가치 측정치는 동일한 자산이나 부채에 대한 활성시장에서 공시된 가격(조정되지 않은)을 사용하여 도출되는 공정가치\n수준 2\n공정가치 측정치는 수준 1에 해당되는 공시된 가격을 제외한 자산이나 부채에 대하여 직접적으로(가격) 또는 간 \xa0 접적으로(가격으로부터 도출) 관측가능한 투입변수를 사용하여 도출되는 공정가치\n수준 3\n공정가치 측정치는 자산이나 부채에 대하여 관측가능한 시장정보에 근거하지 않은 투입변수(관측불가능한 변수) 를 사용하는 평가기법으로부터 도출되는 공정가치\n(4) 금융상품의 수준별 공정가치당기말과 전기말 현재 금융상품의 수준별 공정가치 측정치는 다음과 같습니다.① 당기말 \xa0 \xa0 \xa0 \xa0 \xa0 \xa0 \xa0 \xa0 \xa0 \xa0 \xa0 \xa0 \xa0 \xa0 \xa0 \xa0 \xa0 \xa0 \xa0 \xa0 \xa0 \xa0 \xa0 \xa0 \xa0 \xa0 \xa0 \xa0 \xa0 \xa0 \xa0 \xa0 \xa0 \xa0 \xa0 \xa0 \xa0 \xa0 \xa0 \xa0 \xa0 \xa0 \xa0 \xa0 \xa0 (단위 : 원)\n구 \xa0 \xa0분\n수준 1\n수준 2\n수준 3\n합 \xa0 \xa0계\n[금융부채]\n유동파생상품부채\n-\n-\n-\n-\n비유동파생상품부채\n-\n-\n-\n-\n합 \xa0 \xa0계\n-\n-\n-\n-\n② 전기말  \xa0 \xa0 \xa0 \xa0 \xa0 \xa0 \xa0 \xa0 \xa0 \xa0 \xa0 \xa0 \xa0 \xa0 \xa0 \xa0 \xa0 \xa0 \xa0 \xa0 \xa0 \xa0 \xa0 \xa0 \xa0 \xa0 \xa0 \xa0 \xa0 \xa0 \xa0 \xa0 \xa0 \xa0 \xa0 \xa0 \xa0 \xa0 \xa0 \xa0 \xa0 \xa0 \xa0 \xa0 \xa0 \xa0 \xa0 \xa0 \xa0 \xa0 \xa0 \xa0 (단위 : 원)\n구 \xa0 \xa0분\n수준 1\n수준 2\n수준 3\n합 \xa0 \xa0계\n[금융부채]\n유동파생상품부채\n-\n463,605,000\n-\n463,605,000\n비유동파생상품부채\n-\n4,030,155,000\n-\n4,030,155,000\n합 \xa0 \xa0계\n-\n4,493,760,000\n-\n4,493,760,000\n한편, 당기말 및 전기말 현재 금융상품의 수준별 공정가치 측정치와 관련하여, 활성시장에서 공시되는 시장가격이 없고, 공정가치를 신뢰성 있게 측정할 수 없어 공정가치 정보를 공시하지 않은 시장성 없는 지분증권은 당기말과 전기말 현재 각각 235,736천원과 235,736천원 입니다.\n(5) 전기말 현재 금융상품의 공정가치를 측정하는데 사용되는 평가방법은 다음과 같습니다.① 전기말  \xa0 \xa0 \xa0 \xa0 \xa0 \xa0 \xa0 \xa0 \xa0 \xa0 \xa0 \xa0 \xa0 \xa0 \xa0 \xa0 \xa0 \xa0 \xa0 \xa0 \xa0 \xa0 \xa0 \xa0 \xa0 \xa0 \xa0 \xa0 \xa0 \xa0 \xa0 \xa0 \xa0 \xa0 \xa0 \xa0 \xa0 \xa0 \xa0 \xa0 \xa0 \xa0 \xa0 \xa0 \xa0 \xa0 \xa0 \xa0 \xa0 (단위 : 원)\n구분\n공정가치\n수준\n가치평가기법\n투입변수\n파생금융부채\n유동파생상품부채\n463,605,000\n2\n옵션가격결정모형(이항모형)\n기초자산가격, 신용위험이 반영된 할인율,기초자산의 변동성\n비유동파생상품부채\n4,030,155,000\n(6) 당기 및 전기 중 금융상품 범주별 주요 손익은 다음과 같습니다.① 당기 \xa0 \xa0 \xa0 \xa0 \xa0 \xa0 \xa0 \xa0 \xa0 \xa0 \xa0 \xa0 \xa0 \xa0 \xa0 \xa0 \xa0 \xa0 \xa0 \xa0 \xa0 \xa0 \xa0 \xa0 \xa0 \xa0 \xa0 \xa0 \xa0 \xa0 \xa0 \xa0 \xa0 \xa0 \xa0 \xa0 \xa0 \xa0 \xa0 \xa0 \xa0 \xa0 \xa0 \xa0 \xa0 \xa0 \xa0\n구 \xa0 \xa0 \xa0 \xa0 분\n상각후원가측정금융상품\n당기손익-공정가치측정 금융상품\n합 \xa0 \xa0 \xa0 계\n<수 \xa0 \xa0 익>\n\xa0이 자 수 익\n37,902,424\n-\n37,902,424\n\xa0외 환 차 익\n4,800,175\n-\n4,800,175\n\xa0외화환산이익\n801,811,512\n-\n801,811,512\n\xa0배당금수익\n622,733,414\n-\n622,733,414\n\xa0파생상품평가이익\n-\n-\n소 \xa0 \xa0 \xa0 계\n1,467,247,525\n-\n1,467,247,525\n< 비 용>\n\xa0이 자 비 용\n459,311,214\n-\n459,311,214\n\xa0외 환 차 손\n713,433,689\n-\n713,433,689\n\xa0외화환산손실\n173,459,816\n-\n173,459,816\n\xa0파생상품거래손실\n-\n211,704,000\n211,704,000\n소 \xa0 \xa0 \xa0 계\n1,346,204,719\n211,704,000\n1,557,908,719\n합 \xa0 \xa0 \xa0 계\n121,042,806\n(211,704,000)\n(90,661,194)\n② 전기  \xa0 \xa0 \xa0 \xa0 \xa0 \xa0 \xa0 \xa0 \xa0 \xa0 \xa0 \xa0 \xa0 \xa0 \xa0 \xa0 \xa0 \xa0 \xa0 \xa0 \xa0 \xa0 \xa0 \xa0 \xa0 \xa0 \xa0 \xa0 \xa0 \xa0 \xa0 \xa0 \xa0 \xa0 \xa0 \xa0 \xa0 \xa0 \xa0 \xa0 \xa0 \xa0 \xa0 \xa0 \xa0 \xa0 \xa0 \xa0 \xa0 \xa0 \xa0 \xa0 (단위 : 원)\n구 \xa0 \xa0 \xa0 \xa0 분\n상각후원가측정금융상품\n당기손익-공정가치측정 금융상품\n합 \xa0 \xa0 \xa0 계\n<수 \xa0 \xa0 익>\n\xa0이 자 수 익\n39,627,385\n-\n39,627,385\n\xa0외 환 차 익\n990,205,092\n-\n990,205,092\n\xa0외화환산이익\n148,568,113\n-\n148,568,113\n\xa0배당금수익\n4,800,000\n-\n4,800,000\n\xa0파생상품평가이익\n-\n2,015,879,005\n2,015,879,005\n소 \xa0 \xa0 \xa0 계\n1,183,200,590\n2,015,879,005\n3,199,079,595\n< 비 용>\n\xa0이 자 비 용\n1,765,930,137\n-\n1,765,930,137\n\xa0외 환 차 손\n524,654,172\n-\n524,654,172\n\xa0외화환산손실\n90,412,425\n-\n90,412,425\n\xa0파생상품거래손실\n-\n3,389,724,900\n3,389,724,900\n소 \xa0 \xa0 \xa0 계\n2,380,996,734\n3,389,724,900\n5,770,721,634\n합 \xa0 \xa0 \xa0 계\n(1,197,796,144)\n(1,373,845,895)\n(2,571,642,039)\n6. 매출채권 및 기타채권(1) 당기말과 전기말 현재 기업의 매출채권 및 기타채권의 연령분석은 다음과 같습니다.\r\n\xa0 \xa0 \xa0 \xa0 \xa0 \xa0 \xa0 \xa0 \xa0 \xa0 \xa0 \xa0 \xa0 \xa0 \xa0 \xa0 \xa0 \xa0 \xa0 \xa0 \xa0 \xa0 \xa0 \xa0 \xa0 \xa0 \xa0 \xa0 \xa0 \xa0 \xa0 \xa0 \xa0 \xa0 \xa0 \xa0 \xa0 \xa0 \xa0 \xa0 \xa0 \xa0 \xa0 \xa0 \xa0 \xa0 \xa0 \xa0 \xa0(단위 : 원)\n발생시점으로부터 경과일\n당 기 말\n전 기 말\n3개월 이내\n876,572,276\n11,327,391,616\n4개월 ~ 12개월\n2,333,613,350\n16,105,245,671\n1년 초과\n6,255,849,037\n3,753,103,044\n합 \xa0 \xa0 \xa0 \xa0 계\n9,466,034,663\n31,185,740,331\n대손충당금\n(465,012,076)\n(4,475,444,954)\n차감후 잔액\n9,001,022,587\n26,710,295,377\n(2) 당기 및 전기 중 당사의 매출채권 및 기타채권의 대손충당금 변동 내역은 다음과 같습니다. \xa0 \xa0 \xa0 \xa0 \xa0 \xa0 \xa0 \xa0 \xa0 \xa0 \xa0 \xa0 \xa0 \xa0 \xa0 \xa0 \xa0 \xa0 \xa0 \xa0 \xa0 \xa0 \xa0 \xa0 \xa0 \xa0 \xa0 \xa0 \xa0 \xa0 \xa0 \xa0 \xa0 \xa0 \xa0 \xa0 \xa0 \xa0 \xa0 \xa0 \xa0 \xa0 \xa0 \xa0 \xa0 \xa0 \xa0 \xa0 \xa0 \xa0 \xa0 \xa0 (단위 : 원)\n구분\n당 \xa0 \xa0기\n전 \xa0 \xa0기\n매출채권\n기타채권\n합계\n매출채권\n기타채권\n합계\n기 \xa0 \xa0 초\n4,012,479,274\n462,965,680\n4,475,444,954\n5,040,836,693\n655,397,967\n5,696,234,660\n설정 및 환입\n(3,547,467,198)\n(327,148,474)\n(3,874,615,672)\n(1,028,357,419)\n(192,432,287)\n(1,220,789,706)\n기 \xa0 \xa0 말\n465,012,076\n135,817,206\n600,829,282\n4,012,479,274\n462,965,680\n4,475,444,954\n(3) 당기말과 전기말 현재 손상되지 아니한 매출채권 및 기타채권의 약정회수기일기준 연령분석은 다음과 같습니다. \xa0 \xa0 \xa0 \xa0 \xa0 \xa0 \xa0 \xa0 \xa0 \xa0 \xa0 \xa0 \xa0 \xa0 \xa0 \xa0 \xa0 \xa0 \xa0 \xa0 \xa0 \xa0 \xa0 \xa0 \xa0 \xa0 \xa0 \xa0 \xa0 \xa0 \xa0 \xa0 \xa0 \xa0 \xa0 \xa0 \xa0 \xa0 \xa0 \xa0 \xa0 \xa0 \xa0 \xa0 \xa0 \xa0 \xa0 \xa0 \xa0 \xa0(단위 : 원)\n발생시점으로부터 경과일\n당 기 말\n전 기 말\n만기미도래\n2,749,551,502\n23,202,192,333\n만기경과 미손상금액\n-\n- \xa0365일 이상\n6,302,570,029\n3,508,103,044\n합 \xa0 \xa0 \xa0 \xa0 \xa0계\n9,052,121,531\n26,710,295,377\n7. 재고자산당기 및 전기 매출원가로 인식한 재고자산평가손실 및 환입액은 각각 1,679,753천원(전기 : 5,041,063천원) 및 10,417,775천원(전기 : 767,760천원)이며이며, 매출원가에 가감 하였습니다.\r\n8. 기타 유동성 / 비유동성 금융자산(1) 당기말과 전기말 현재 기업의 기타유동성 금융자산의 내역은 다음과 같습니다. \xa0 \xa0 \xa0 \xa0 \xa0 \xa0 \xa0 \xa0 \xa0 \xa0 \xa0 \xa0 \xa0 \xa0 \xa0 \xa0 \xa0 \xa0 \xa0 \xa0 \xa0 \xa0 \xa0 \xa0 \xa0 \xa0 \xa0 \xa0 \xa0 \xa0 \xa0 \xa0 \xa0 \xa0 \xa0 \xa0 \xa0 \xa0 \xa0 \xa0 \xa0 \xa0 \xa0 \xa0 \xa0 \xa0 \xa0 \xa0 \xa0 \xa0 \xa0 \xa0 (단위 : 원)\r\n종류\n은행명\n당 기 말\n전 기 말\n정기적금\n기업은행\n-\n80,000,000\n합 \xa0계\n-\n80,000,000\n(2) 당기말과 전기말 현재 당사의 기타비유동성 금융자산등의 내역은 다음과 같습니다. \xa0 \xa0 \xa0 \xa0 \xa0 \xa0 \xa0 \xa0 \xa0 \xa0 \xa0 \xa0 \xa0 \xa0 \xa0 \xa0 \xa0 \xa0 \xa0 \xa0 \xa0 \xa0 \xa0 \xa0 \xa0 \xa0 \xa0 \xa0 \xa0 \xa0 \xa0 \xa0 \xa0 \xa0 \xa0 \xa0 \xa0 \xa0 \xa0 \xa0 \xa0 \xa0 \xa0 \xa0 \xa0 \xa0 \xa0 \xa0 \xa0 \xa0 \xa0 \xa0 (단위 : 원)\n계정과목\n은행명\n당 기 말\n전 기 말\n장기금융상품\nKEB하나은행\n4,000,000\n4,000,000\n합 \xa0계\n4,000,000\n4,000,000\n(3) 당기말과 전기말 현재 상기 기타유동성금융자산 및 기타비유동성 금융자산 중 사용이 제한되어 있는 금융상품은 다음과 같습니다. \xa0 \xa0 \xa0 \xa0 \xa0 \xa0 \xa0 \xa0 \xa0 \xa0 \xa0 \xa0 \xa0 \xa0 \xa0 \xa0 \xa0 \xa0 \xa0 \xa0 \xa0 \xa0 \xa0 \xa0 \xa0 \xa0 \xa0 \xa0 \xa0 \xa0 \xa0 \xa0 \xa0 \xa0 \xa0 \xa0 \xa0 \xa0 \xa0 \xa0 \xa0 \xa0 \xa0 \xa0 \xa0 \xa0 \xa0 \xa0 \xa0 \xa0 \xa0 \xa0 (단위 : 원)\n계정과목\n은행명\n당 기 말\n전 기 말\n사용제한내역\n장기금융상품\nKEB하나은행\n4,000,000\n4,000,000\n당좌개설보증금 인출제한\n합 \xa0계\n4,000,000\n4,000,000\n9. 당기손익 - 공정가치 금융자산① 당기말 \xa0 \xa0 \xa0 \xa0 \xa0 \xa0 \xa0 \xa0 \xa0 \xa0 \xa0 \xa0 \xa0 \xa0 \xa0 \xa0 \xa0 \xa0 \xa0 \xa0 \xa0 \xa0 \xa0 \xa0 \xa0 \xa0 \xa0 \xa0 \xa0 \xa0 \xa0 \xa0 \xa0 \xa0 \xa0 \xa0 \xa0 \xa0 \xa0 \xa0 \xa0 \xa0 \xa0(단위 : 주, 원)\r\n회사명\n주식수\n지분율\n취득원가\n순자산지분액\n장부금액\n윈스로드㈜(*1)\n16,100\n3.87%\n299,000,000\n223,184,278\n155,736,200\n㈜씨큐어넷\n15,073\n0.72%\n100,576,878\n-\n-\n키움인베스트먼트㈜(*2)\n16,000\n0.18%\n80,000,000\n130,557,675\n80,000,000\n㈜이디스\n2,000\n20.00%\n50,000,000\n-\n-\n㈜아라마루\n3,633\n1.53%\n95,628,456\n-\n-\n니컴기술㈜\n19,250\n12.32%\n96,250,000\n-\n-\nREVO America, Co.\n2,333\n14.40%\n665,745,000\n-\n-\n합 \xa0 \xa0 계\n1,387,200,334\n353,741,953\n235,736,200\n(*1) 상기 지분증권의 경우 피투자회사의 성과에 유의적인 변동이 없으며, 과거 또는 당기의 가치변동에 명확한 증거가 없으므로 공정가치로 평가되지 않았습니다.(*2) 상기 지분증권의 경우 피투자회사의 성과에 유의적인 변동이 없으며, 투자규모가 재무제표에 있어서 중요하지 않다고판단하여 공정가치로 평가되지 않았습니다.\n② 전기말 \xa0 \xa0 \xa0 \xa0 \xa0 \xa0 \xa0 \xa0 \xa0 \xa0 \xa0 \xa0 \xa0 \xa0 \xa0 \xa0 \xa0 \xa0 \xa0 \xa0 \xa0 \xa0 \xa0 \xa0 \xa0 \xa0 \xa0 \xa0 \xa0 \xa0 \xa0 \xa0 \xa0 \xa0 \xa0 \xa0 \xa0 \xa0 \xa0 \xa0 \xa0  \xa0 \xa0 \xa0 \xa0 \xa0 \xa0 \xa0 \xa0 \xa0 \xa0 \xa0 \xa0 \xa0 \xa0 \xa0 \xa0 \xa0 \xa0 \xa0 \xa0 \xa0 \xa0 \xa0 \xa0 \xa0 \xa0 \xa0 \xa0 \xa0 \xa0 \xa0 \xa0 \xa0 \xa0 \xa0 \xa0 \xa0 \xa0 \xa0 \xa0 \xa0 \xa0 \xa0 \xa0 \xa0 \xa0 \xa0 \xa0 \xa0(단위 : 주, 원)\n회사명\n주식수\n지분율\n취득원가\n순자산지분액\n장부금액\n윈스로드㈜(*1)\n16,100\n3.87%\n299,000,000\n208,622,168\n155,736,200\n㈜씨큐어넷\n15,073\n0.72%\n100,576,878\n-\n-\n키움인베스트먼트㈜(*2)\n16,000\n0.18%\n80,000,000\n114,672,333\n80,000,000\n㈜이디스\n2,000\n20.00%\n50,000,000\n-\n-\n㈜아라마루\n3,633\n1.53%\n95,628,456\n-\n-\n니컴기술㈜\n19,250\n12.32%\n96,250,000\n-\n-\nREVO America, Co.\n2,333\n14.40%\n665,745,000\n-\n-\n합 \xa0 \xa0 계\n1,387,200,334\n323,294,501\n235,736,200\n(*1) 상기 지분증권의 경우 피투자회사의 성과에 유의적인 변동이 없으며, 과거 또는 당기의 가치변동에 명확한 증거가 없으므로 공정가치로 평가되지 않았습니다.*2) 상기 지분증권의 경우 피투자회사의 성과에 유의적인 변동이 없으며, 투자규모가 재무제표에 있어서 중요하지 않다고 판단하여 공정가치로 평가되지 않았습니다.\n(2) 당기와 전기 중 당기손익 - 공정가치금융자산의 변동내역은 다음과 같습니다.① 당기 \xa0 \xa0 \xa0 \xa0 \xa0 \xa0 \xa0 \xa0 \xa0 \xa0 \xa0 \xa0 \xa0 \xa0 \xa0 \xa0 \xa0 \xa0 \xa0 \xa0 \xa0 \xa0 \xa0 \xa0 \xa0 \xa0 \xa0 \xa0 \xa0 \xa0 \xa0 \xa0 \xa0 \xa0 \xa0 \xa0 \xa0 \xa0 \xa0 \xa0 \xa0 \xa0 \xa0 \xa0 \xa0 \xa0 \xa0 (단위 : 원)\n회사명\n기 \xa0 초\n취 \xa0득\n처 \xa0분\n공정가치 평가\n기 \xa0말\n윈스로드㈜\n155,736,200\n-\n-\n-\n155,736,200\n키움인베스트먼트㈜\n80,000,000\n-\n-\n-\n80,000,000\n합 \xa0 \xa0 계\n235,736,200\n-\n-\n-\n235,736,200\n② 전기 \xa0 \xa0  \xa0 \xa0 \xa0 \xa0 \xa0 \xa0 \xa0 \xa0 \xa0 \xa0 \xa0 \xa0 \xa0 \xa0 \xa0 \xa0 \xa0 \xa0 \xa0 \xa0 \xa0 \xa0 \xa0 \xa0 \xa0 \xa0 \xa0 \xa0 \xa0 \xa0 \xa0 \xa0 \xa0 \xa0 \xa0 \xa0 \xa0 \xa0 \xa0 \xa0 \xa0 \xa0 \xa0 \xa0 \xa0 \xa0(단위 : 원)\n회사명\n기 \xa0 초\n취 \xa0득\n처 \xa0분\n공정가치 평가\n기 \xa0말\n윈스로드㈜\n155,736,200\n-\n-\n-\n155,736,200\n키움인베스트먼트㈜\n80,000,000\n-\n-\n-\n80,000,000\n합 \xa0 \xa0 계\n235,736,200\n-\n-\n-\n235,736,200\n10. 관계기업투자\n(1) 당기말과 전기말 관계기업투자의 내역은 다음과 같습니다.\n회 \xa0사 \xa0명\n지분율(%)\n주된사업장\n결산일\n관계기업활동의 성격\n당기말\n전기말\nMatrix Network, Inc..(*2)\n-\n31.36\n미국\n12월 31일\n도매업\n㈜미토스(*1)\n20.02\n20.02\n한국\n-\n제조업\n(*1) ㈜미토스는 계속기업으로서의 존속 능력의 불확실성 및 순자산가액의 회복가능성이 낮아 전기 이전에 전액 손실처리하였습니다.(*2) Matrix Network, Inc.는 당기에 전액 매각하였습니다.\n11. 유형자산(1) 유형자산 변동내역① 당기 \xa0 \xa0 \xa0 \xa0 \xa0 \xa0 \xa0 \xa0 \xa0 \xa0 \xa0 \xa0 \xa0 \xa0 \xa0 \xa0 \xa0 \xa0 \xa0 \xa0 \xa0 \xa0 \xa0 \xa0 \xa0 \xa0 \xa0 \xa0 \xa0 \xa0 \xa0 \xa0 \xa0 \xa0 \xa0 \xa0 \xa0 \xa0 \xa0 \xa0 \xa0 \xa0 \xa0 \xa0 \xa0 \xa0  \xa0 \xa0 \xa0 \xa0 \xa0 \xa0 \xa0 \xa0 \xa0 \xa0 \xa0 \xa0 \xa0 \xa0 \xa0 \xa0 \xa0 \xa0 \xa0 \xa0 \xa0 \xa0 \xa0 \xa0 \xa0 \xa0 \xa0 \xa0 \xa0 \xa0 \xa0 \xa0 \xa0 \xa0 \xa0 \xa0 \xa0 \xa0 \xa0 \xa0 \xa0 \xa0 \xa0 \xa0 \xa0 \xa0 \xa0 \xa0 \xa0 \xa0 \xa0 \xa0 (단위 : 원)\r\n과 \xa0 \xa0목\n당기초\n취 \xa0 \xa0득\n처 \xa0분(*1)\n감가상각비\n당기말\n토 \xa0 \xa0 \xa0 \xa0 지\n3,229,594\n3,229,594\n건 \xa0 \xa0 \xa0 \xa0 물\n43,179,678\n(1,315,116)\n41,864,562\n기 계 장 치\n15,829,509\n(100,000)\n(5,678,652)\n10,050,857\n차량운반구\n689,644\n(689,644)\n기타의유형자산\n1,539,560,579\n229,802,000\n(174,928,030)\n(613,919,625)\n980,514,924\n사용권자산\n1,148,142,803\n1,340,225,878\n(584,955,363)\n(927,519,365)\n975,893,953\n건설중인자산\n89,000,000\n89,000,000\n합 \xa0 \xa0 계\n2,750,631,807\n1,659,027,878\n(759,983,393)\n(1,549,122,402)\n2,100,553,890\n② 전기 \xa0 \xa0 \xa0 \xa0 \xa0 \xa0 \xa0 \xa0 \xa0 \xa0 \xa0 \xa0 \xa0 \xa0 \xa0 \xa0 \xa0 \xa0 \xa0 \xa0 \xa0 \xa0 \xa0 \xa0 \xa0 \xa0 \xa0 \xa0 \xa0 \xa0 \xa0 \xa0 \xa0 \xa0 \xa0 \xa0 \xa0 \xa0 \xa0 \xa0 \xa0 \xa0 \xa0 \xa0 \xa0 \xa0 \xa0 \xa0 \xa0 \xa0 \xa0 \xa0 (단위 : 원)\n과 \xa0 \xa0목\n당기초\n취 \xa0 \xa0득\n처 \xa0분(*1)\n감가상각비\n당기말\n토 \xa0 \xa0 \xa0 \xa0 지\n23,552,111,594\n-\n(23,548,882,000)\n-\n3,229,594\n건 \xa0 \xa0 \xa0 \xa0 물\n10,584,943,459\n-\n(10,476,492,935)\n(65,270,846)\n43,179,678\n구 \xa0 축 \xa0 물\n301,974,233\n-\n(295,043,911)\n(6,930,322)\n-\n기 계 장 치\n21,568,178\n-\n-\n(5,738,669)\n15,829,509\n차량운반구\n1,871,919\n-\n-\n(1,182,275)\n689,644\n기타의유형자산\n2,096,831,814\n267,993,073\n-\n(825,264,308)\n1,539,560,579\n사용권자산\n195,307,610\n1,473,445,941\n(341,641,493)\n(178,969,255)\n1,148,142,803\n건설중인자산\n-\n-\n-\n-\n-\n합 \xa0 \xa0 계\n36,754,608,807\n1,741,439,014\n(34,662,060,339)\n(1,083,355,675)\n2,750,631,807\n(2) 당기와 전기중 제조원가 및 판매관리비에 포함된 감가상각비는 다음과 같습니다. \xa0 \xa0 \xa0 \xa0 \xa0 \xa0 \xa0 \xa0 \xa0 \xa0 \xa0 \xa0 \xa0 \xa0 \xa0 \xa0 \xa0 \xa0 \xa0 \xa0 \xa0 \xa0 \xa0 \xa0 \xa0 \xa0 \xa0 \xa0 \xa0 \xa0 \xa0 \xa0 \xa0 \xa0 \xa0 \xa0 \xa0 \xa0 \xa0 \xa0 \xa0 \xa0 \xa0 \xa0 \xa0 \xa0 \xa0 \xa0 \xa0 \xa0 \xa0 \xa0(단위 : 원)\n구 \xa0 분\n당 \xa0 기\n전 \xa0 기\n제 조 원 가\n883,218,458\n510,286,250\n판매비와관리비\n665,903,944\n573,069,425\n합 \xa0 \xa0 \xa0 \xa0 계\n1,549,122,402\n1,083,355,675\n12. 무형자산(1) 당기말과 전기말 현재 무형자산의 내역은 다음과 같습니다.① 당기말 \xa0 \xa0 \xa0 \xa0 \xa0 \xa0 \xa0 \xa0 \xa0 \xa0 \xa0 \xa0 \xa0 \xa0 \xa0 \xa0 \xa0 \xa0 \xa0 \xa0 \xa0 \xa0 \xa0 \xa0 \xa0 \xa0 \xa0 \xa0 \xa0 \xa0 \xa0 \xa0 \xa0 \xa0 \xa0 \xa0 \xa0 \xa0 \xa0 \xa0 \xa0 \xa0 \xa0 \xa0 \xa0 \xa0 \xa0 \xa0 \xa0 \xa0 \xa0 \xa0 \xa0 \xa0 \xa0 \xa0 \xa0 \xa0 \xa0 \xa0 \xa0 \xa0 \xa0 \xa0 \xa0 \xa0 \xa0 \xa0 \xa0 \xa0 \xa0 \xa0 \xa0 \xa0 \xa0 \xa0 \xa0 \xa0 \xa0 \xa0 \xa0 \xa0 \xa0(단위 : 원)\r\n과 \xa0 \xa0목\n회 \xa0 원 \xa0 권\n기타의 무형자산\n합 \xa0 \xa0 \xa0 계\n취 득 원 가\n-\n-\n-\n상각누계액\n-\n-\n-\n장 부 금 액\n-\n-\n-\n② 전기말 \xa0 \xa0 \xa0 \xa0 \xa0 \xa0 \xa0 \xa0 \xa0 \xa0 \xa0 \xa0 \xa0 \xa0 \xa0 \xa0 \xa0 \xa0 \xa0 \xa0 \xa0 \xa0 \xa0 \xa0 \xa0 \xa0 \xa0 \xa0 \xa0 \xa0 \xa0 \xa0 \xa0 \xa0 \xa0 \xa0 \xa0 \xa0 \xa0 \xa0 \xa0 \xa0 \xa0 \xa0 (단위 : 원)\n과 \xa0 \xa0목\n회 \xa0 원 \xa0 권\n기타의 무형자산\n합 \xa0 \xa0 \xa0 계\n취 득 원 가\n104,200,000\n-\n104,200,000\n상각누계액\n-\n-\n-\n장 부 금 액\n104,200,000\n-\n104,200,000\n(2) 당기 및 전기 중 당사의 무형자산의 변동내역은 다음과 같습니다.① 당기 \xa0 \xa0 \xa0 \xa0 \xa0 \xa0 \xa0 \xa0 \xa0 \xa0 \xa0 \xa0 \xa0 \xa0 \xa0 \xa0 \xa0 \xa0 \xa0 \xa0 \xa0 \xa0 \xa0 \xa0 \xa0 \xa0 \xa0 \xa0 \xa0 \xa0 \xa0 \xa0 \xa0 \xa0 \xa0 \xa0 \xa0 \xa0 \xa0 \xa0 \xa0 \xa0 \xa0 \xa0 \xa0 \xa0 \xa0 \xa0 \xa0 \xa0 \xa0 \xa0 \xa0 \xa0 \xa0 \xa0 \xa0 \xa0 \xa0 (단위 : 원)\n구 \xa0 \xa0 분\n기초\n감 \xa0소\n무형자산상각비\n기말\n회 \xa0원 \xa0권\n104,200,000\n104,200,000\n-\n-\n기타의무형자산(*)\n-\n-\n-\n-\n합 \xa0 \xa0 \xa0 계\n104,200,000\n104,200,000\n-\n-\n② 전기 \xa0 \xa0 \xa0 \xa0 \xa0 \xa0 \xa0 \xa0 \xa0 \xa0 \xa0 \xa0 \xa0 \xa0 \xa0 \xa0 \xa0 \xa0 \xa0 \xa0 \xa0 \xa0 \xa0 \xa0 \xa0 \xa0 \xa0 \xa0 \xa0 \xa0 \xa0 \xa0 \xa0 \xa0 \xa0 \xa0 \xa0 \xa0 \xa0 \xa0 \xa0 \xa0 \xa0 \xa0 \xa0 \xa0 \xa0 \xa0 \xa0 \xa0 \xa0 \xa0(단위 : 원)\n구 \xa0 \xa0 분\n기초\n감 \xa0소\n무형자산상각비\n기말\n회 \xa0원 \xa0권\n104,200,000\n-\n-\n104,200,000\n기타의무형자산(*)\n-\n-\n-\n-\n합 \xa0 \xa0 \xa0 계\n104,200,000\n-\n-\n104,200,000\n13. 매입채무 및 기타지급채무 등(1) 보고기간 종료일 현재 매입채무의 내용은 다음과 같습니다. \xa0 \xa0 \xa0 \xa0 \xa0 \xa0 \xa0 \xa0 \xa0 \xa0 \xa0 \xa0 \xa0 \xa0 \xa0 \xa0 \xa0 \xa0 \xa0 \xa0 \xa0 \xa0 \xa0 \xa0 \xa0 \xa0 \xa0 \xa0 \xa0 \xa0 \xa0 \xa0 \xa0 \xa0 \xa0 \xa0 \xa0 \xa0 \xa0 \xa0 \xa0 \xa0 \xa0 \xa0 \xa0 \xa0 \xa0 \xa0 \xa0 \xa0 \xa0 \xa0 (단위 : 원)\r\n분류\n과목\n당기말\n전기말\n유동\n매입채무\n380,216,188\n4,662,462,488\n(2) 보고기간 종료일 현재 기타 지급채무의 내용은 다음과 같습니다. \xa0 \xa0 \xa0 \xa0 \xa0 \xa0 \xa0 \xa0 \xa0 \xa0 \xa0 \xa0 \xa0 \xa0 \xa0 \xa0 \xa0 \xa0 \xa0 \xa0 \xa0 \xa0 \xa0 \xa0 \xa0 \xa0 \xa0 \xa0 \xa0 \xa0 \xa0 \xa0 \xa0 \xa0 \xa0 \xa0 \xa0 \xa0 \xa0 \xa0 \xa0 \xa0 \xa0 \xa0 \xa0 \xa0 \xa0 \xa0 \xa0 \xa0 \xa0 \xa0 (단위 : 원)\n분류\n과목\n당기말\n전기말\n유동\n미지급금\n1,521,620,837\n1,727,655,974\n미지급비용\n85,751,918\n272,098,418\n유동리스부채\n637,106,996\n995,966,951\n소 \xa0계\n2,244,479,751\n2,995,721,343\n비유동\n리스부채\n307,845,234\n128,636,031\n소 \xa0계\n307,845,234\n128,636,031\n\u3000\n합 \xa0계\n2,552,324,985\n3,124,357,374\n14. 전환사채(1) 당기말과 전기말 현재 전환사채의 내역은 다음과 같습니다.① 당기말 \xa0 \xa0당기말 현재 전환사채 내역은 없습니다.\n② 전기말 \xa0 \xa0 \xa0 \xa0 \xa0 \xa0 \xa0 \xa0 \xa0 \xa0 \xa0 \xa0 \xa0 \xa0 \xa0 \xa0 \xa0 \xa0 \xa0 \xa0 \xa0 \xa0 \xa0 \xa0 \xa0 \xa0 \xa0 \xa0 \xa0 \xa0 \xa0 \xa0 \xa0 \xa0 \xa0 \xa0 \xa0 \xa0 \xa0 \xa0 \xa0 \xa0 \xa0 \xa0  \xa0 \xa0 \xa0 \xa0 \xa0 \xa0 \xa0 \xa0 \xa0 \xa0 \xa0 \xa0 \xa0 \xa0 \xa0 \xa0 \xa0 \xa0 \xa0 \xa0 \xa0 \xa0 \xa0 \xa0 \xa0 \xa0 \xa0 \xa0 \xa0 \xa0 \xa0 \xa0 \xa0 \xa0 \xa0 \xa0 \xa0 \xa0 \xa0 \xa0 \xa0 \xa0 \xa0 \xa0 \xa0 \xa0 \xa0 \xa0 \xa0 \xa0 \xa0 \xa0 (단위 : 원)\n구분\n제 18 회\n제 20 회\n제 22 회\n제 24 회\n합 \xa0 계\n전 환 사 채\n5,000,000,000\n1,450,000,000\n15,000,000,000\n999,000,000\n22,449,000,000\n전환사채의 상환\n(5,000,000,000)\n(1,450,000,000)\n-\n(999,000,000)\n(7,449,000,000)\n전환권조정\n-\n-\n(4,234,364,139)\n-\n(4,234,364,139)\n사채상환할증금\n-\n-\n454,515,000\n-\n454,515,000\n파생상품부채\n-\n-\n4,493,760,000\n-\n4,493,760,000\n장 부 가 액\n-\n-\n15,713,910,861\n-\n15,713,910,861\n15. 기타유동부채 \xa0 \xa0 \xa0 \xa0 \xa0 \xa0 \xa0 \xa0 \xa0 \xa0 \xa0 \xa0 \xa0 \xa0 \xa0 \xa0 \xa0 \xa0 \xa0 \xa0 \xa0 \xa0 \xa0 \xa0 \xa0 \xa0 \xa0 \xa0 \xa0 \xa0 \xa0 \xa0 \xa0 \xa0 \xa0 \xa0 \xa0 \xa0 \xa0 \xa0 \xa0 \xa0 \xa0 \xa0 \xa0 \xa0 \xa0 \xa0 \xa0 \xa0 \xa0 \xa0 (단위 : 원)\r\n구분\n당기말\n전기말\n유동\n선수금\n263,338,109\n1,855,395,992\n예수금\n36,861,260\n71,004,082\n합 \xa0계\n300,199,369\n1,926,400,074\n16. 리스부채(1) 당기말 현재 리스 사용권자산의 내역은 다음과 같습니다.① 당기말 \xa0 \xa0 \xa0 \xa0 \xa0 \xa0 \xa0 \xa0 \xa0 \xa0 \xa0 \xa0 \xa0 \xa0 \xa0 \xa0 \xa0 \xa0 \xa0 \xa0 \xa0 \xa0 \xa0 \xa0 \xa0 \xa0 \xa0 \xa0 \xa0 \xa0 \xa0 \xa0 \xa0 \xa0 \xa0 \xa0 \xa0 \xa0 \xa0 \xa0 \xa0 \xa0 \xa0 \xa0 \xa0  \xa0 \xa0 \xa0 \xa0 \xa0 \xa0 \xa0 \xa0 \xa0 \xa0 \xa0 \xa0 \xa0 \xa0 \xa0 \xa0 \xa0 \xa0 \xa0 \xa0 \xa0 \xa0 \xa0 \xa0 \xa0 \xa0 \xa0 \xa0 \xa0 \xa0 \xa0 \xa0 \xa0 \xa0 \xa0 \xa0 \xa0 \xa0 \xa0 \xa0 \xa0 \xa0 \xa0 \xa0 \xa0 \xa0 \xa0(단위 : 원)\r\n구분\n취득금액\n감가상각누계액\n처분\n장부금액\n임차부동산\n2,333,478,022\n( 391,750,800)\n(1,130,418,022)\n811,309,200\n임차부동산(보증금)\n98,993,215\n(22,737,771)\n(31,385,911)\n44,869,533\n차량운반구\n189,244,400\n(67,987,540)\n(1,541,640 )\n119,715,220\n합 \xa0계\n2,621,715,637\n(482,476,111)\n(1,163,345,573)\n975,893,953\n② 전기말 \xa0 \xa0 \xa0 \xa0 \xa0 \xa0 \xa0 \xa0 \xa0 \xa0 \xa0 \xa0 \xa0 \xa0 \xa0 \xa0 \xa0 \xa0 \xa0 \xa0 \xa0 \xa0 \xa0 \xa0 \xa0 \xa0 \xa0 \xa0 \xa0 \xa0 \xa0 \xa0 \xa0 \xa0 \xa0 \xa0 \xa0 \xa0 \xa0 \xa0 \xa0 \xa0 \xa0 \xa0 \xa0  \xa0 \xa0 \xa0 \xa0 \xa0 \xa0 \xa0 \xa0 \xa0 \xa0 \xa0 \xa0 \xa0 \xa0 \xa0 \xa0 \xa0 \xa0 \xa0 \xa0 \xa0 \xa0 \xa0 \xa0 \xa0 \xa0 \xa0 \xa0 \xa0 \xa0 \xa0 \xa0 \xa0 \xa0 \xa0 \xa0 \xa0 \xa0 \xa0 \xa0 \xa0 \xa0 \xa0 \xa0 \xa0 \xa0 \xa0 \xa0 \xa0 \xa0 \xa0 \xa0 (단위 : 원)\n구분\n취득금액\n감가상각누계액\n처분\n장부금액\n임차부동산\n1,387,241,622\n(135,946,126)\n(171,215,734)\n1,080,079,762\n임차부동산(보증금)\n41,736,675\n(4,984,382)\n(4,744,100)\n32,008,193\n구축물\n188,331,111\n(47,082,780)\n(141,248,331)\n-\n차량운반구\n235,551,112\n(175,062,936)\n(24,433,328)\n36,054,848\n합 \xa0계\n1,855,658,639\n(363,076,224)\n(341,641,493)\n1,148,142,803\n(2) 당기 및 전기중 리스 사용권자산 장부금액의 변동내역은 다음과 같습니다.① 당기 \xa0 \xa0 \xa0 \xa0 \xa0 \xa0 \xa0 \xa0 \xa0 \xa0 \xa0 \xa0 \xa0 \xa0 \xa0 \xa0 \xa0 \xa0 \xa0 \xa0 \xa0 \xa0 \xa0 \xa0 \xa0 \xa0 \xa0 \xa0 \xa0 \xa0 \xa0 \xa0 \xa0 \xa0 \xa0 \xa0 \xa0 \xa0 \xa0 \xa0 \xa0 \xa0 \xa0 \xa0 \xa0 \xa0 \xa0(단위 : 원)\n구분\n기초\n증가\n감소\n감가상각비\n기말\n임차부동산\n1,080,079,762\n1,133,017,200\n(569,108,852)\n(832,678,910)\n811,309,200\n임차부동산(보증금)\n32,008,193\n62,431,922\n(15,801,019)\n(33,769,563)\n44,869,533\n구축물\n-\n-\n-\n-\n-\n차량운반구\n36,054,848\n144,776,756\n(45,492)\n(61,070,892)\n119,715,220\n합 \xa0계\n1,148,142,803\n1,340,225,878\n(584,955,363)\n(927,519,365)\n975,893,953\n② 전기 \xa0 \xa0 \xa0 \xa0 \xa0 \xa0 \xa0 \xa0 \xa0 \xa0 \xa0 \xa0 \xa0 \xa0 \xa0 \xa0 \xa0 \xa0 \xa0 \xa0 \xa0 \xa0 \xa0 \xa0 \xa0 \xa0 \xa0 \xa0 \xa0 \xa0 \xa0 \xa0 \xa0 \xa0 \xa0 \xa0 \xa0 \xa0 \xa0 \xa0 \xa0 \xa0 \xa0 \xa0 \xa0 \xa0 \xa0 (단위 :원)\n구분\n기초\n증가\n감소\n감가상각비\n기말\n임차부동산\n-\n1,387,241,622\n(171,215,734)\n(135,946,126)\n1,080,079,762\n임차부동산(보증금)\n-\n41,736,675\n(4,744,100)\n(4,984,382)\n32,008,193\n구축물\n147,526,035\n-\n(141,248,331)\n(6,277,704)\n-\n차량운반구\n47,781,575\n44,467,644\n(24,433,328)\n(31,761,043)\n36,054,848\n합 \xa0계\n195,307,610\n1,473,445,941\n(341,641,493)\n(178,969,255)\n1,148,142,803\n(3) 당기말 및 전기말중 리스부채의 변동내역은 다음과 같습니다.① 당기말 \xa0 \xa0 \xa0 \xa0 \xa0 \xa0 \xa0 \xa0 \xa0 \xa0 \xa0 \xa0 \xa0 \xa0 \xa0 \xa0 \xa0 \xa0 \xa0 \xa0 \xa0 \xa0 \xa0 \xa0 \xa0 \xa0 \xa0 \xa0 \xa0 \xa0 \xa0 \xa0 \xa0 \xa0 \xa0 \xa0 \xa0 \xa0 \xa0 \xa0 \xa0 \xa0 \xa0 \xa0 \xa0 (단위 : 원)\n구분\n기초\n증가\n감소\n이자비용\n지급\n기말\n리스부채\n1,124,602,982\n\xa01,276,252,316\n(1,246,456,947)\n\xa0191,397,839\xa0\n\xa0(400,843,960)\n944,952,230\n② 전기말 \xa0 \xa0 \xa0 \xa0 \xa0 \xa0 \xa0 \xa0 \xa0 \xa0 \xa0 \xa0 \xa0 \xa0 \xa0 \xa0 \xa0 \xa0 \xa0 \xa0 \xa0 \xa0 \xa0 \xa0 \xa0 \xa0 \xa0 \xa0 \xa0 \xa0 \xa0 \xa0 \xa0 \xa0 \xa0 \xa0 \xa0 \xa0 \xa0 \xa0 \xa0 \xa0 \xa0 \xa0 \xa0 (단위 : 원)\n구분\n기초\n증가\n감소\n이자비용\n지급\n기말\n리스부채\n195,300,760\n1,473,445,941\n(306,163,646)\n34,447,542\n(272,427,615)\n1,124,602,982\n(4) 당기말 및 전기말 현재 잔여기간별 리스부채의 현금흐름은 다음과 같습니다.① 당기말 \xa0 \xa0 \xa0 \xa0 \xa0 \xa0 \xa0 \xa0 \xa0 \xa0 \xa0 \xa0 \xa0 \xa0 \xa0 \xa0 \xa0 \xa0 \xa0 \xa0 \xa0 \xa0 \xa0 \xa0 \xa0 \xa0 \xa0 \xa0 \xa0 \xa0 \xa0 \xa0 \xa0 \xa0 \xa0 \xa0 \xa0 \xa0 \xa0 \xa0 \xa0 \xa0 \xa0 \xa0 \xa0(단위 : 원)\n구 \xa0분\n금 \xa0액\n1년이내\n665,083,680\n1년초과 ~ 3년이내\n313,667,611\n당기말 현재 할인되지 않은 총 리스료\n978,751,291\n당기말 현재 재무상태표에 인식한 리스부채\n944,952,230\n유동리스부채\n637,106,996\n비유동리스부채\n307,845,234\n② 전기말 \xa0 \xa0 \xa0 \xa0 \xa0 \xa0 \xa0 \xa0 \xa0 \xa0 \xa0 \xa0 \xa0 \xa0 \xa0 \xa0 \xa0 \xa0 \xa0 \xa0 \xa0 \xa0 \xa0 \xa0 \xa0 \xa0 \xa0 \xa0 \xa0 \xa0 \xa0 \xa0 \xa0 \xa0 \xa0 \xa0 \xa0 \xa0 \xa0 \xa0 \xa0 \xa0 \xa0 \xa0 \xa0(단위 : 원)\n구 \xa0분\n금 \xa0액\n1년이내\n998,399,707\n1년초과 ~ 3년이내\n130,149,707\n당기말 현재 할인되지 않은 총 리스료\n1,128,549,414\n당기말 현재 재무상태표에 인식한 리스부채\n1,124,602,982\n유동리스부채\n995,966,951\n비유동리스부채\n128,636,031\n17. 확정급여부채(1) 보고기간 종료일 현재 당사의 확정급여부채의 구성내역은 다음과 같습니다. \xa0 \xa0 \xa0 \xa0 \xa0 \xa0 \xa0 \xa0 \xa0 \xa0 \xa0 \xa0 \xa0 \xa0 \xa0 \xa0 \xa0 \xa0 \xa0 \xa0 \xa0 \xa0 \xa0 \xa0 \xa0 \xa0 \xa0 \xa0 \xa0 \xa0 \xa0 \xa0 \xa0 \xa0 \xa0 \xa0 \xa0 \xa0 \xa0 \xa0 \xa0 \xa0 \xa0 \xa0 \xa0 \xa0 \xa0 \xa0 \xa0 \xa0 \xa0 \xa0 (단위 : 원)\r\n구 \xa0분\n당기말\n전기말\n기금이 적립되는 퇴직급여 부채의 현재가치\n625,207,460\n1,296,413,106\n사외적립자산의 공정가치\n(946,800)\n(946,800)\n합 \xa0계\n624,260,660\n1,295,466,306\n(2)당기 및 전기중 당사의 확정급여부채와 관련하여 인식된 손익은 다음과 같습니다. \xa0 \xa0 \xa0 \xa0 \xa0 \xa0 \xa0 \xa0 \xa0 \xa0 \xa0 \xa0 \xa0 \xa0 \xa0 \xa0 \xa0 \xa0 \xa0 \xa0 \xa0 \xa0 \xa0 \xa0 \xa0 \xa0 \xa0 \xa0 \xa0 \xa0 \xa0 \xa0 \xa0 \xa0 \xa0 \xa0 \xa0 \xa0 \xa0 \xa0 \xa0 \xa0 \xa0 \xa0 \xa0 \xa0 \xa0 \xa0 \xa0 \xa0 \xa0 \xa0 (단위 : 원)\n구 \xa0분\n당기말\n전기말\n당기근무원가\n412,382,784\n639,704,328\n확정급여부채의 순이자\n46,581,948\n150,528,396\n합 \xa0계\n458,964,732\n790,232,724\n당기와 전기의 총비용중 각각 천원 213,067및 458,695천원은 매출원가에 포함되어 있으며, 245,898천원 및 331,537천원은 판매비와일반관리비에 포함되어 있습니다.\n(3) 당기 및 전기 중 확정급여부채의 현재가치 변동은 다음과 같습니다. \xa0 \xa0 \xa0 \xa0 \xa0 \xa0 \xa0 \xa0 \xa0 \xa0 \xa0 \xa0 \xa0 \xa0 \xa0 \xa0 \xa0 \xa0 \xa0 \xa0 \xa0 \xa0 \xa0 \xa0 \xa0 \xa0 \xa0 \xa0 \xa0 \xa0 \xa0 \xa0 \xa0 \xa0 \xa0 \xa0 \xa0 \xa0 \xa0 \xa0 \xa0 \xa0 \xa0 \xa0 \xa0 \xa0 \xa0 \xa0 \xa0 \xa0 \xa0 \xa0(단위 : 원)\n구 \xa0분\n당기\n전기\n기초\n1,296,413,106\n5,127,269,164\n당기근무원가\n412,382,784\n639,704,328\n이자원가\n46,581,948\n150,528,396\n퇴직금 지급액\n(823,605,225)\n(4,387,521,969)\n재무적 가정의 변동에서 발생하는 보험수리적손실\n(116,987,096)\n(100,149,352)\n경험조정의 변동에서 발생하는 보험수리적 손실\n(189,578,057)\n(133,417,461)\n기말\n625,207,460\n1,296,413,106\n(4) 당기 및 전기 중 사외적립자산의 공정가치 변동내역은 다음과 같습니다. \xa0 \xa0 \xa0 \xa0 \xa0 \xa0 \xa0 \xa0 \xa0 \xa0 \xa0 \xa0 \xa0 \xa0 \xa0 \xa0 \xa0 \xa0 \xa0 \xa0 \xa0 \xa0 \xa0 \xa0 \xa0 \xa0 \xa0 \xa0 \xa0 \xa0 \xa0 \xa0 \xa0 \xa0 \xa0 \xa0 \xa0 \xa0 \xa0 \xa0 \xa0 \xa0 \xa0 \xa0 \xa0 \xa0 \xa0 \xa0 \xa0 \xa0 \xa0 \xa0(단위 : 원)\n구분\n당기\n전기\n기초\n946,800\n53,361,480\n퇴직금 지급액\n-\n(40,994,164)\n재측정요소\n-\n-\n기타지급액\n-\n(11,579,097)\n보험수리직이익(손실)\n-\n158,581\n기말\n946,800\n946,800\n(5) 사적자산의 구성요소 \xa0 \xa0 \xa0 \xa0 \xa0 \xa0 \xa0 \xa0 \xa0 \xa0 \xa0 \xa0 \xa0 \xa0 \xa0 \xa0 \xa0 \xa0 \xa0 \xa0 \xa0 \xa0 \xa0 \xa0 \xa0 \xa0 \xa0 \xa0 \xa0 \xa0 \xa0 \xa0 \xa0 \xa0 \xa0 \xa0 \xa0 \xa0 \xa0 \xa0 \xa0 \xa0 \xa0 \xa0 \xa0 \xa0 \xa0 \xa0 \xa0 \xa0 \xa0 \xa0(단위 : 원)\n구 \xa0분\n당기말\n전기말\n원금보장형 채무상품\n-\n-\n국민연금전환금\n946,800\n946,800\n합 \xa0계\n946,800\n946,800\n(6) 보고기간 종료일 현재 보험수리적평가를 위하여 사용된 주요가정은 다음과 같습니다.\n구분\n당기말\n전기말\n할인율\n6.07%\n3.77%\n미래임금상승률\n2.41%\n3.02%\n정년\n60세\n60세\n(7) 당기 보고기간 종료일 현재 유의적인 보험수리적 가정에 대한 민감도분석은 다음과 같습니다.① 당기 \xa0 \xa0 \xa0 \xa0 \xa0 \xa0 \xa0 \xa0 \xa0 \xa0 \xa0 \xa0 \xa0 \xa0 \xa0 \xa0 \xa0 \xa0 \xa0 \xa0 \xa0 \xa0 \xa0 \xa0 \xa0 \xa0 \xa0 \xa0 \xa0 \xa0 \xa0 \xa0 \xa0 \xa0 \xa0 \xa0 \xa0 \xa0 \xa0 \xa0 \xa0 \xa0 \xa0 \xa0(단위 : %, 원)\n구분\n금액\n비율\n[할인율]\n1% 상승\n586,420,288\xa0\n93.80%\n1% 하락\n668,752,958\n106.97%\n[임금상승률]\n1% 상승\n670,487,155\n107.24%\n1% 하락\n584,302,949\n93.46%\n② 전기 \xa0 \xa0 \xa0 \xa0 \xa0 \xa0 \xa0 \xa0 \xa0 \xa0 \xa0 \xa0 \xa0 \xa0 \xa0 \xa0 \xa0 \xa0 \xa0 \xa0 \xa0 \xa0 \xa0 \xa0 \xa0 \xa0 \xa0 \xa0 \xa0 \xa0 \xa0 \xa0 \xa0 \xa0 \xa0 \xa0 \xa0 \xa0 \xa0 \xa0 \xa0 \xa0 \xa0  \xa0 \xa0 \xa0 \xa0 \xa0 \xa0 \xa0 \xa0 \xa0 \xa0 \xa0 \xa0 \xa0 \xa0 \xa0 \xa0 \xa0 \xa0 \xa0 \xa0 \xa0 \xa0 \xa0 \xa0 \xa0 \xa0 \xa0 \xa0 \xa0 \xa0 \xa0 \xa0 \xa0 \xa0 \xa0 \xa0 \xa0 \xa0 \xa0 \xa0 \xa0 \xa0 \xa0 \xa0 \xa0 \xa0 \xa0 \xa0 (단위 : %, 원)\n구분\n금액\n비율\n[할인율]\n1% 상승\n1,196,779,194\n92.32%\n1% 하락\n1,410,510,623\n108.80%\n[임금상승률]\n1% 상승\n1,412,146,681\n108.93%\n1% 하락\n1,193,672,079\n92.08%\n위 민감도 분석은 보고기간 종료일 현재 유의적인 보험수리적 가정이 발생가능한 합리적인 범위 내에서 변동한다면 확정급여채부에 미치게 될 영향을 추정한 방법에 기초한 것 입니다.\n18. 자본금(1) 보고기간 종료일 현재 회사의 자본금에 관한 내용은 다음과 같습니다. \xa0 \xa0 \xa0 \xa0 \xa0 \xa0 \xa0 \xa0 \xa0 \xa0 \xa0 \xa0 \xa0 \xa0 \xa0 \xa0 \xa0 \xa0 \xa0 \xa0 \xa0 \xa0 \xa0 \xa0 \xa0 \xa0 \xa0 \xa0 \xa0 \xa0 \xa0 \xa0 \xa0 \xa0 \xa0 \xa0 \xa0 \xa0 \xa0 \xa0 \xa0 \xa0 \xa0 \xa0 \xa0 \xa0 \xa0 \xa0 \xa0 \xa0(단위 : 수, 원)\r\n수권주식수\n발행주식수\n1주당 금액\n납입자본금\n100,000,000\n9,611,224\n500\n\xa04,805,612,000\xa0\n(2) 당기와 전기중 회사가 발행한 주식 및 이에 따른 자본금과 주식발행 초과금의 변동내역은 다음과 같습니다. \xa0 \xa0 \xa0 \xa0 \xa0 \xa0 \xa0 \xa0 \xa0 \xa0 \xa0 \xa0 \xa0 \xa0 \xa0 \xa0 \xa0 \xa0 \xa0 \xa0 \xa0 \xa0 \xa0 \xa0 \xa0 \xa0 \xa0 \xa0 \xa0 \xa0 \xa0 \xa0 \xa0 \xa0 \xa0 \xa0 \xa0 \xa0 \xa0 \xa0 \xa0 \xa0 \xa0 \xa0 \xa0 \xa0 \xa0 \xa0 \xa0 (단위 : 수, 원)\n구분\n주식수\n보통주 자본금\n주식발행초과금\n기타자본잉여금\n자본잉여금합계\n2021-01-01\n6,281,748\n15,704,370,000\n35,806,030,666\n226,206,110\n36,032,236,776\n전환권행사\n940,456\n2,351,140,000\n4,234,622,776\n-\n4,234,622,776\n유상증자\n2,389,020\n5,972,550,000\n3,037,376,280\n-\n3,037,376,280\n2021-12-31\n9,611,224\n24,028,060,000\n43,078,029,722\n226,206,110\n43,304,235,832\n2022-01-01\n9,611,224\n24,028,060,000\n43,078,029,722\n226,206,110\n43,304,235,832\n액면분할\n48,056,120\n감자\n(38,444,896)\n(19,222,448,000 )\n2022-12-31\n9,611,224\n4,805,612,000\n43,078,029,722\n226,206,110\n43,304,235,832\n회사는 당기중 액면가액을 2,500원에서 500원으로 분할함과 동시에 기명식 보통주 5주를 1주로 병합하는 감자를 실시하였습니다.\n(3) 보고기간 종료일현재 발행주식 중 법령에 의하여 의결권이 제한되어 있는 주식의 내역은 다음과 같습니다.\n \xa0 \xa0 \xa0 \xa0 \xa0 \xa0 \xa0 \xa0 \xa0 \xa0 \xa0 \xa0 \xa0 \xa0 \xa0 \xa0 \xa0 \xa0 \xa0 \xa0 \xa0 \xa0 \xa0 \xa0 \xa0 \xa0 \xa0 \xa0 \xa0 \xa0 \xa0 \xa0 \xa0 \xa0 \xa0 \xa0 \xa0 \xa0 \xa0 \xa0 \xa0 \xa0 \xa0 \xa0 \xa0 \xa0 \xa0 \xa0 \xa0 (단위 : 주, %)\n주식소유자\n소유주식수\n지분율\n의결권제한근거\n자기주식\n14,304\n0.15%\n상법 제369조 제2항\n19. 자본잉여금당기말과 전기말 현재 당사의 자본잉여금의 내역은 다음과 같습니다. \xa0 \xa0 \xa0 \xa0 \xa0 \xa0 \xa0 \xa0 \xa0 \xa0 \xa0 \xa0 \xa0 \xa0 \xa0 \xa0 \xa0 \xa0 \xa0 \xa0 \xa0 \xa0 \xa0 \xa0 \xa0 \xa0 \xa0 \xa0 \xa0 \xa0 \xa0 \xa0 \xa0 \xa0 \xa0 \xa0 \xa0 \xa0 \xa0 \xa0 \xa0 \xa0 \xa0 \xa0 \xa0 \xa0 \xa0 \xa0 \xa0 \xa0 \xa0 \xa0(단위 : 원)\r\n구 \xa0분\n당기말\n전기말\n주식발행초과금\n43,078,029,722\n43,078,029,722\n기타의 자본잉여금\n226,206,110\n226,206,110\n합 \xa0계\n43,304,235,832\n43,304,235,832\n20. 자본조정(1) 보고기간 종료일 현재 당사의 자본조정의 내역은 다음과 같습니다. \xa0 \xa0 \xa0 \xa0 \xa0 \xa0 \xa0 \xa0 \xa0 \xa0 \xa0 \xa0 \xa0 \xa0 \xa0 \xa0 \xa0 \xa0 \xa0 \xa0 \xa0 \xa0 \xa0 \xa0 \xa0 \xa0 \xa0 \xa0 \xa0 \xa0 \xa0 \xa0 \xa0 \xa0 \xa0 \xa0 \xa0 \xa0 \xa0 \xa0 \xa0 \xa0 \xa0 \xa0 \xa0 \xa0 \xa0 \xa0 \xa0 \xa0 \xa0 \xa0(단위 : 원)\r\n구 \xa0분\n당기말\n전기말\n자기주식\n(199,774,698)\n(199,774,698)\n자기주식처분손실\n(11,605,991,803)\n(11,605,991,803)\n합 \xa0계\n(11,805,766,501)\n(11,805,766,501)\n(2) 당사는 투자자 보호 및 주가안정 등을 위해 자기주식 취득을 결정하였으며, \xa0현재당기말 보유중인 자기주식은 14,304주로서 취득원가 199,774천원을 자본조정에 계상하고 있습니다.\n21. 이익잉여금보고기간종료일 현재 당사의 이익잉여금의 세부내용은 다음과 같습니다. \xa0 \xa0 \xa0 \xa0 \xa0 \xa0 \xa0 \xa0 \xa0 \xa0 \xa0 \xa0 \xa0 \xa0 \xa0 \xa0 \xa0 \xa0 \xa0 \xa0 \xa0 \xa0 \xa0 \xa0 \xa0 \xa0 \xa0 \xa0 \xa0 \xa0 \xa0 \xa0 \xa0 \xa0 \xa0 \xa0 \xa0 \xa0 \xa0 \xa0 \xa0 \xa0 \xa0 \xa0 \xa0 \xa0 \xa0 \xa0 \xa0 \xa0 \xa0 \xa0(단위 : 원)\r\n구 \xa0 \xa0분\n내 \xa0 \xa0용\n당기말\n전기말\n법정적립금\n이익준비금\n767,396,410\n767,396,410\n임의적립금\n기업합리화적립금\n8,681,656,362\n8,681,656,362\n기술개발준비금\n4,342,983,532\n4,342,983,532\n해외시장개척적립금\n1,582,316,642\n1,582,316,642\n임의적립금\n5,000,000,000\n5,000,000,000\n소 \xa0계\n19,606,956,536\n20,374,352,946\n미처리결손금\n(42,291,308,688)\n(55,082,727,918)\n합 \xa0 \xa0계\n(21,916,955,742)\n(33,940,978,562)\n22. 매출액당기 및 전기중 발생한 매출액의 내역은 다음과 같습니다. \xa0 \xa0 \xa0 \xa0 \xa0 \xa0 \xa0 \xa0 \xa0 \xa0 \xa0 \xa0 \xa0 \xa0 \xa0 \xa0 \xa0 \xa0 \xa0 \xa0 \xa0 \xa0 \xa0 \xa0 \xa0 \xa0 \xa0 \xa0 \xa0 \xa0 \xa0 \xa0 \xa0 \xa0 \xa0 \xa0 \xa0 \xa0 \xa0 \xa0 \xa0 \xa0 \xa0 \xa0 \xa0 \xa0 \xa0 \xa0 \xa0 \xa0 \xa0 \xa0(단위 : 원)\r\n과목\n당기말\n전기말\n상품매출액\n1,588,519,167\n1,838,649,220\n제품매출액\n9,101,766,184\n25,637,404,287\n상품매출액\n75,184,800\n합 \xa0계\n10,765,470,151\n27,476,053,507\n23. 금융수익과 금융비용(1) 금융수익과 금융비용은 내용은 다음과 같습니다. \xa0 \xa0 \xa0 \xa0 \xa0 \xa0 \xa0 \xa0 \xa0 \xa0 \xa0 \xa0 \xa0 \xa0 \xa0 \xa0 \xa0 \xa0 \xa0 \xa0 \xa0 \xa0 \xa0 \xa0 \xa0 \xa0 \xa0 \xa0 \xa0 \xa0 \xa0 \xa0 \xa0 \xa0 \xa0 \xa0 \xa0 \xa0 \xa0 \xa0 \xa0 \xa0 \xa0 \xa0 \xa0 \xa0 \xa0 \xa0 \xa0 \xa0 \xa0 \xa0 (단위 : 원)\r\n과목\n구분\n당기말\n전기말\n금융수익\n이자수익\n37,902,424\n39,627,385\n외환차익\n801,811,512\n990,205,092\n외화환산이익\n622,733,414\n148,568,113\n배당금수익\n4,800,175\n4,800,000\n파생상품평가이익\n-\n2,015,879,005\n합 \xa0계\n1,467,247,525\n3,199,079,595\n금융비용\n이자비용\n459,311,214\n1,765,930,137\n외환차손\n713,433,689\n524,654,172\n외화환산손실\n173,459,816\n90,412,425\n파생상품거래손실\n3,389,724,900\n파생상품평가손실\n211,704,000\n-\n합 \xa0계\n1,557,908,719\n5,770,721,634\n손금융수익(비용)\n(90,661,194)\n(2,571,642,039)\n(2) 기타수익 및 기타비용의 내용은 다음과 같습니다. \xa0 \xa0 \xa0 \xa0 \xa0 \xa0 \xa0 \xa0 \xa0 \xa0 \xa0 \xa0 \xa0 \xa0 \xa0 \xa0 \xa0 \xa0 \xa0 \xa0 \xa0 \xa0 \xa0 \xa0 \xa0 \xa0 \xa0 \xa0 \xa0 \xa0 \xa0 \xa0 \xa0 \xa0 \xa0 \xa0 \xa0 \xa0 \xa0 \xa0 \xa0 \xa0 \xa0 \xa0 \xa0 \xa0 \xa0 \xa0 \xa0 \xa0 \xa0 \xa0(단위 : 원)\n과목\n구분\n당기말\n전기말\n기타수익\n유형자산처분이익\n1,470,056\n3,551,969,199\n투자자산처분이익\n582,140,897\n-\n기타의 대손충당금환입\n389,823,546\n192,432,287\n사채상환이익\n1,172,998,840\n19,210,881\n잡이익\n1,393,341,385\n1,069,593,755\n합 \xa0계\n3,539,774,724\n4,833,206,122\n기타비용\n기부금\n59,525,800\n-\n매출채권 처분손실\n-\n270,027\n기타의 대손상각비\n1,722,940,311\n-\n지분법손실\n-\n22,900,204\n유형자산처분손실\n169,498,086\n-\n무형자산처분손실\n4,200,000\n-\n사채상환손실\n-\n538,035,757\n잡손실\n259,638,694\n120,735,588\n합 \xa0계\n2,215,802,891\n681,941,576\n24. 우발부채와 약정사항\n(1) 당기말 및 전기말 현재 사용제한 금융자산의 내용은 다음과 같습니다.\n(단위: 원)\n계정과목\n금융기관\n당반기말\n전기말\n사용제한내용\n장기기타금융자산\nKEB하나은행\n4,000,000\n4,000,000\n당좌개설보증금\n(2) 당기말 현재 금융기관 여신한도약정은 다음과 같습니다.\n\xa0 \xa0 \xa0 \xa0 \xa0 \xa0 \xa0 \xa0 \xa0 \xa0 \xa0 \xa0 \xa0 \xa0 \xa0 \xa0 \xa0 \xa0 \xa0 \xa0 \xa0 \xa0 \xa0 \xa0 \xa0 \xa0 \xa0 \xa0 \xa0 \xa0 \xa0 \xa0 \xa0 \xa0 \xa0 \xa0 \xa0 \xa0 \xa0 \xa0 \xa0 \xa0 \xa0 \xa0 \xa0 \xa0 \xa0 \xa0 \xa0 \xa0 \xa0 \xa0 \xa0 \xa0 \xa0 \xa0 \xa0 \xa0 \xa0 \xa0 \xa0 \xa0 \xa0 \xa0 \xa0 \xa0 \xa0 \xa0 \xa0 \xa0 \xa0 (단위: USD, 원)\n금융기관\n물건 또는 내용\n약정금액\n실행금액\n외화\n원화\n외화\n원화\nKEB 하나은행\n외상매출채권 담보내역\n-\n1,500,000,000\n-\n-\n기업은행\n상업어음 할인\nUSD 1,300,000\n1,680,770,000\n-\n-\n상업어음 할인\n-\n500,000,000\n-\n-\n합 \xa0계\n\u3000\nUSD 1,300,000\n3,680,770,000\n-\n-\n(3) 당기말 현재 중요한 계류중인 소송사건 등의 내용은 다음과 같습니다.\n사건명\n채권자\n채무자\n제3채무자\n계류법원\n진행상황\n전환사채 처분금지 가처분\n(주)케이비파트너스\n정ㅇㅇ, 김ㅇㅇ\n(주)하이트론씨스템즈\n서울서부지방법원\n가처분 결정\n채권가압류\n정ㅇㅇ, 김ㅇㅇ\n(주)하이트론씨스템즈\n(주)아이베스트\n서울서부지방법원\n가처분 결정\n(4) 기타약정사항당사는 Digital House Inc.와 북미, 라틴아메리카, 호주, 아랍지역 등에 대한 매출액에대하여 3%~5%의 수수료를 지급하는 약정을 맺고 있습니다.\n25. 특수관계자거래(1) 당기말 및 전기말 현재 당사의 특수관계자 현황은 다음과 같습니다.\r\n구 분\n당기말\n전기말\n관계기업\n-(*1)\nMatrix Network, Inc.\n㈜미토스\n㈜미토스\n(*1) 당사는 당기 중에 Matrix Network, Inc.의 지분을 전부 매각 함에 따라 당기말 현재 당사의 특수관계자에서 제외하였습니다.(2) 당기 및 전기 중 특수관계자와의 주요 매출ㆍ매입 등 거래내용은 다음과 같습니다. \xa0 \xa0 \xa0 \xa0 \xa0 \xa0 \xa0 \xa0 \xa0 \xa0 \xa0 \xa0 \xa0 \xa0 \xa0 \xa0 \xa0 \xa0 \xa0 \xa0 \xa0 \xa0 \xa0 \xa0 \xa0 \xa0 \xa0 \xa0 \xa0 \xa0 \xa0 \xa0 \xa0 \xa0 \xa0 \xa0 \xa0 \xa0 \xa0 \xa0 \xa0 \xa0 \xa0 \xa0 \xa0 \xa0 \xa0 \xa0 \xa0 \xa0 \xa0 \xa0 \xa0 (단위:원)\n구 분\n특수관계자명\n거래내용\n당기(*1)\n전기\n매 출\nMatrix Network, Inc.\n씨큐리티매출\n1,802,895,806\n12,297,372,224\n원재료매출\n1,996,273\n5,160,741\n합 계\n1,804,892,079\n12,302,532,965\n(*1) 특수관계 소멸전까지의 거래내역입니다.\n(3) 당기말 현재 특수관계자와의 중요한 채권 및 채무의 내용은 해당사항이 없습니다(4) 전기말 현재 특수관계자와의 중요한 채권 및 채무의 내용은 다음과 같습니다. \xa0 \xa0 \xa0 \xa0 \xa0 \xa0 \xa0 \xa0 \xa0 \xa0 \xa0 \xa0 \xa0 \xa0 \xa0 \xa0 \xa0 \xa0 \xa0 \xa0 \xa0 \xa0 \xa0 \xa0 \xa0 \xa0 \xa0 \xa0 \xa0 \xa0 \xa0 \xa0 \xa0 \xa0 \xa0 \xa0 \xa0 \xa0 \xa0 \xa0 \xa0 \xa0 \xa0 \xa0 \xa0 \xa0 \xa0 \xa0 \xa0 \xa0 \xa0 \xa0(단위:원)\n특수관계자\n채 권\n채 무\n매출채권\n미수금\n채권합계\n미지급금\nMatrix Network, Inc.\n9,078,428,550\n4,915,083\n9,083,343,633\n4,108,136\n26. 법인세비용(1) 당기 및 전기 중 당사의 법인세비용차감전순손익과 법인세비용간의 관계는 다음과 같습니다. \xa0 \xa0 \xa0 \xa0 \xa0 \xa0 \xa0 \xa0 \xa0 \xa0 \xa0 \xa0 \xa0 \xa0 \xa0 \xa0 \xa0 \xa0 \xa0 \xa0 \xa0 \xa0 \xa0 \xa0 \xa0 \xa0 \xa0 \xa0 \xa0 \xa0 \xa0 \xa0 \xa0 \xa0 \xa0 \xa0 \xa0 \xa0 \xa0 \xa0 \xa0 \xa0 \xa0 \xa0 \xa0 \xa0 \xa0 \xa0 \xa0 \xa0 \xa0 \xa0(단위 : 원)\r\n구 \xa0 \xa0 \xa0 \xa0 \xa0 \xa0 \xa0 \xa0 \xa0분\n당 \xa0 기\n전 \xa0 기\n법인세비용차감전순이익(손실)\n(7,701,758,687)\n(13,370,991,956)\n적용세율에 따른 법인세비용(수익)(당기: 22.00%, 전기: 21.84%)\n(1,540,351,737)\n(2,919,618,230)\n조 정 사 항\n\xa0 - 비과세수익\n648,934\n\xa0 - 비공제비용\n756,767,766\n\xa0 - 발생한 일시적차이 중 이연법인세자산 미인식효과\n12,614,873,124\n법인세비용\n-\n-\n유 효 세 율(법인세비용/법인세비용차감전순손익)\n-\n-\n(2) 당사는 보고기간종료일 현재 기업회계와 세무회계의 차이로 인한 차감할 일시적차이에서 발생하는 법인세효과의 실현가능성이 불확실하다고 판단하여 이연법인세자산을 인식하지 않았으며, 미래 예상과세소득이 변경되는 경우에는 이연법인세자산으로 인식될 수 있습니다.\n(3) 당기 및 전기 중 이연법인세자산(부채)로 인식하지 아니한 일시적인 차이내역은다음과 같습니다. \xa0 \xa0 \xa0 \xa0 \xa0 \xa0 \xa0 \xa0 \xa0 \xa0 \xa0 \xa0 \xa0 \xa0 \xa0 \xa0 \xa0 \xa0 \xa0 \xa0 \xa0 \xa0 \xa0 \xa0 \xa0 \xa0 \xa0 \xa0 \xa0 \xa0 \xa0 \xa0 \xa0 \xa0 \xa0 \xa0 \xa0 \xa0 \xa0 \xa0 \xa0 \xa0 \xa0 \xa0 \xa0 \xa0 \xa0 \xa0 \xa0 \xa0 \xa0 \xa0(단위 : 원)\n구 \xa0 \xa0 분\n당 \xa0 기\n전 \xa0 기\n종속기업및관계기업투자\n-\n489,291,091\n세무상 이월결손금\n58,955,610,167\xa0\n52,431,852,525\n이월세액공제\n4,871,352,852\n4,871,352,852\n기타 일시적차이\n24,592,742,384\n24,592,742,384\n합 \xa0 \xa0계\n88,419,705,403\n82,385,238,852\n27. 주당순손익(1) 기본주당순손실당사의 기본주당순이익(손실) 보통주1주에 대한 지배기업의 보통주 소유에 귀속되는 순손익을 계산한 것으로서, 기본주당이익(손실)의 계산에 사용된 손익 및 주식관련 정보는 다음과 같습니다. \xa0 \xa0 \xa0 \xa0 \xa0 \xa0 \xa0 \xa0 \xa0 \xa0 \xa0 \xa0 \xa0 \xa0 \xa0 \xa0 \xa0 \xa0 \xa0 \xa0 \xa0 \xa0 \xa0 \xa0 \xa0 \xa0 \xa0 \xa0 \xa0 \xa0 \xa0 \xa0 \xa0 \xa0 \xa0 \xa0 \xa0 \xa0 \xa0 \xa0 \xa0 \xa0 \xa0 \xa0 \xa0 \xa0 \xa0 \xa0 \xa0 \xa0 \xa0 \xa0(단위 : 원)\r\n구 \xa0분\n당 \xa0기\n전 \xa0기\n계속기업의 당기순이익(손실)\n(7,701,758,687)\n(13,370,991,956)\n중단사업의 당기순이익(손실)\n-\n-\n가중평균유통보통주식수(*1)\n9,596,920\n9,596,920\n기본 주당 손실\n1. 계속기업의 주당이익(손실)\n(802)\n(1,393)\n2. 중단사업 주당이익(손실)\n-\n-\n(*1) 가중평균유통보통주식수의 계산 \xa0 \xa0 \xa0 \xa0 \xa0 \xa0 \xa0 \xa0 \xa0 \xa0 \xa0 \xa0 \xa0 \xa0 \xa0 \xa0 \xa0 \xa0 \xa0 \xa0 \xa0 \xa0 \xa0 \xa0 \xa0 \xa0 \xa0 \xa0 \xa0 \xa0 \xa0 \xa0 \xa0 \xa0 \xa0 \xa0 \xa0 \xa0 \xa0 \xa0 \xa0 \xa0 \xa0 \xa0 \xa0 \xa0 \xa0 \xa0 \xa0 \xa0 \xa0 \xa0(단위 : 주)\n구 \xa0분\n당 \xa0기\n전 \xa0기\n기초 보통주 발행주식수\n9,611,224\n9,611,224\n기초 자기주식수\n(14,304)\n(14,304)\n기초 보통 유통주식수\n9,596,920\n9,596,920\n가중평균 자기주식수\n-\n-\n가중평균 유통보통주식수\n9,596,920\n9,596,920\n28. 현금흐름표(1) 당사의 현금흐름표는 간접법에 의해 작성되었으며, 현금의 유입과 유출이 없는 중요한 거래의 내역은 다음과 같습니다. \xa0 \xa0 \xa0 \xa0 \xa0 \xa0 \xa0 \xa0 \xa0 \xa0 \xa0 \xa0 \xa0 \xa0 \xa0 \xa0 \xa0 \xa0 \xa0 \xa0 \xa0 \xa0 \xa0 \xa0 \xa0 \xa0 \xa0 \xa0 \xa0 \xa0 \xa0 \xa0 \xa0 \xa0 \xa0 \xa0 \xa0 \xa0 \xa0 \xa0 \xa0 \xa0 \xa0 \xa0 \xa0 \xa0 \xa0 \xa0 \xa0 \xa0 \xa0 (단위 : 원)\r\n거래내용\n당 \xa0기\n전 \xa0기\n재고자산의 유형자산 대체\n-\n137,770,434\n교환(전환)사채 교환(전환)권 행사\n-\n6,585,767,480\n리스부채의 유동성 대체\n665,083,680\n1,168,784,542\n사용권자산의 신규 취득\n1,340,225,878\n1.473.445.941\n(2) 당기 및 전기 중 당기순손실에 대한 조정 내용은 다음과 같습니다.\n(단위: 원)\n구 분\n당기\n전기\n\u3000현금의 유출이 없는 비용등의가산\n4,899,487,615\n7,684,234,395\n\u3000\u3000퇴직급여\n458,964,732\n790,232,724\n\u3000\u3000감가상각비\n1,512,653,089\n1,083,355,045\n\u3000\u3000대손상각비\n186,756,367\n-\n\xa0 \xa0 \xa0 기타의대손상각비\n1,722,940,311\n-\n\xa0 \xa0 \xa0 사채할인발행차금 상각\n-\n3,216,386\n\u3000 \xa0 외화환산손실\n173,459,816\n90,412,425\n\xa0 \xa0 \xa0 유형자산처분손실\n169,498,086\n-\n\u3000\u3000무형자산처분손실\n4,200,000\n-\n\xa0 \xa0 \xa0 지분법손실\n-\n22,900,204\n\u3000\u3000파생상품평가손실\n211,704,000\n-\n\xa0 \xa0 \xa0 파생상품거래손실\n-\n3,389,724,900\n\xa0 \xa0 \xa0 사채상환손실\n-\n538,035,757\n\u3000\u3000이자비용\n459,311,214\n1,766,356,954\n\u3000현금의 유입이 없는 수익등의차감\n(4,205,193,280)\n(6,814,881,230)\n\u3000\u3000대손충당금 환입\n-\n1,028,357,419\n\u3000\u3000외화환산이익\n622,733,414\n148,568,113\n\xa0 \xa0 \xa0 파생상품평가이익\n-\n2,015,879,005\n\u3000\u3000유형자산처분이익\n1,470,056\n3,352,939,670\n\xa0 \xa0 \xa0 투자자산처분이익\n582,140,897\n-\n\u3000\u3000이자수익\n37,902,424\n39,627,385\n\u3000\u3000배당금수익\n4,800,175\n4,800,000\n\xa0 \xa0 \xa0 잡이익\n1,393,323,928\n13,066,470\n\xa0 \xa0 \xa0 사채상환이익\n1,172,998,840\n19,210,881\n\xa0 \xa0 \xa0 기타의대손충당금환입\n389,823,546\n192,432,287\n합 계\n694,294,335\n869,353,165\n(2) 당기 및 전기 중 영업활동 자산ㆍ부채의 증감 내용은 다음과 같습니다.\n(단위: 원)\n구 분\n당기\n전기\n매출채권의 감소(증가)\n2,357,302,943\n(3,131,109,189)\n기타채권의 감소(증가)\n16,742,458,481\n2,525,515\n기타의 유동자산의 감소(증가)\n100,886,423\n(1,230,078,293)\n재고자산의 감소(증가)\n5,282,779,053\n2,964,622,232\n매입채무의 증가(감소)\n(4,282,246,300)\n972,862,201\n기타채무의 증가(감소)\n(206,035,137)\n(290,418,556)\n기타의 유동부채의 증가(감소)\n(1,812,547,205)\n508,129,379\n퇴직금의 지급\n(823,605,225)\n(4,346,527,805)\n합 계\n17,358,993,033\n(4,549,994,516)\n29. 보고기간 후 사건\n회사는 회생절차를 통한 경영정상화 도모를 위하여 2023년 01월 11일자로 서울회생법원에 \xa0회생절차 개시를 신청하였으며, 2023년 1월 31일 서울회생법원에 의해 회생절차 개시 결정이 되었습니다. 향후 예정된 일정은 다음과 같습니다.\n구분\n시작일\n종료일\n회생채권. 회생담보권자 및 주주의 목록 제출기간\n2023년 1월 31일\n2023년 2월 14일\n회생채권ㆍ회생담보권ㆍ주식 또는 출자지분의신고기간\n2023년 2월 15일\n2023년 2월 28일\n회생채권ㆍ회생담보권 조사기간\n2023년 3월 2일\n2023년 3월 14일\n6. 배당에 관한 사항\n가. 배당에 관한 당사 정관 기재사항제43조(이익금의 처분) 당회사는 매 사업년도의 처분전이익잉여금을 다음과 같이 처분한다\n1. 이익준비금\n2. 기타의 법정적립금\n3. 배당금\n4. 임의적립금\n5. 기타의 이익잉여금처분액\n제44조(이익배당)\n① 이익의 배당은 금전과 주식으로 할 수 있다.\xa0\n② 이익의 배당을 주식으로 하는 경우 회사가 수종의 주식을 발행한 때에는 주주총회의 결의로 그와 다른 종류의 주식으로도 할 수 있다.\xa0\n③ 제1항의 배당은 매 결산기말 현재의 주주명부에 기재된 주주 또는 등록된 질권자에게 지급한다.\n 제45조(배당금지급 청구권의 소멸시효)\n① 배당금의 지급청구권은 5년간 이를 행사하지 아니하면 소멸시효가 완성한다.\xa0\n②제1항의 시효의 완성으로 인한 배당금은 당회사에 귀속한다.\xa0\n주요배당지표\n구 \xa0 분\n주식의 종류\n당기\n전기\n전전기\n제37기\n제36기\n제35기\n주당액면가액(원)\n500\n2,500\n2,500\n(연결)당기순이익(백만원)\n-7,702\n-13,371\n-21,530\n(별도)당기순이익(백만원)\n-\n-\n-\n(연결)주당순이익(원)\n-801\n-1,827\n-3,597\n현금배당금총액(백만원)\n-\n-\n-\n주식배당금총액(백만원)\n-\n-\n-\n(연결)현금배당성향(%)\n-\n-\n-\n현금배당수익률(%)\n-\n-\n-\n-\n-\n-\n-\n-\n주식배당수익률(%)\n-\n-\n-\n-\n-\n-\n-\n-\n주당 현금배당금(원)\n-\n-\n-\n-\n-\n-\n-\n-\n주당 주식배당(주)\n-\n-\n-\n-\n-\n-\n-\n-\n7. 증권의 발행을 통한 자금조달에 관한 사항\n7-1. 증권의 발행을 통한 자금조달 실적\n[지분증권의 발행 등과 관련된 사항]\n증자(감자)현황\n(기준일 :\xa0\n2022년 12월 31일\n)\n(단위 : 원, 주)\n주식발행(감소)일자\n발행(감소)형태\n발행(감소)한 주식의 내용\n종류\n수량\n주당액면가액\n주당발행(감소)가액\n비고\n2021년 06월 25일\n유상증자(제3자배정)\n보통주\n99,140\n2,500\n10,086\n-\n2021년 12월 01일\n유상증자(제3자배정)\n보통주\n2,289,880\n2,500\n3,498\n-\n2022년 12월 20일\n주식분할\n보통주\n9,611,224\n500\n-\n액면분할\n미상환 전환사채 발행현황\n(기준일 :\xa0\n2022년 12월 31일\n)\n(단위 : 원, 주)\n종류＼구분\n회차\n발행일\n만기일\n권면(전자등록)총액\n전환대상주식의 종류\n전환청구가능기간\n전환조건\n미상환사채\n비고\n전환비율(%)\n전환가액\n권면(전자등록)총액\n전환가능주식수\n무기명식 이권부 무보증 사모전환사채\n제22회\n2021년 02월 18일\n2024년 02월 18일\n15,000,000,000\n보통주\n2022.02.18~2024.01.18\n100\n6,977\n15,000,000,000\n6,977\n-\n합 계\n-\n-\n-\n15,000,000,000\n보통주\n-\n100\n6,977\n15,000,000,000\n6,977\n-\n[채무증권의 발행 등과 관련된 사항]\n채무증권 발행실적\n(기준일 :\xa0\n2022년 12월 31일\n)\n(단위 : 원, %)\n발행회사\n증권종류\n발행방법\n발행일자\n권면(전자등록)총액\n이자율\n평가등급(평가기관)\n만기일\n상환여부\n주관회사\n-\n-\n-\n-\n-\n-\n-\n-\n-\n-\n합 \xa0계\n-\n-\n-\n-\n-\n-\n-\n-\n-\n해당사항 없음\n기업어음증권 미상환 잔액\n(기준일 :\xa0\n2022년 12월 31일\n)\n(단위 : 원)\n잔여만기\n10일 이하\n10일초과30일이하\n30일초과90일이하\n90일초과180일이하\n180일초과1년이하\n1년초과2년이하\n2년초과3년이하\n3년 초과\n합 계\n미상환 잔액\n공모\n-\n-\n-\n-\n-\n-\n-\n-\n-\n사모\n-\n-\n-\n-\n-\n-\n-\n-\n-\n합계\n-\n-\n-\n-\n-\n-\n-\n-\n-\n해당사항 없음\n단기사채 미상환 잔액\n(기준일 :\xa0\n2022년 12월 31일\n)\n(단위 : 원)\n잔여만기\n10일 이하\n10일초과30일이하\n30일초과90일이하\n90일초과180일이하\n180일초과1년이하\n합 계\n발행 한도\n잔여 한도\n미상환 잔액\n공모\n-\n-\n-\n-\n-\n-\n-\n-\n사모\n-\n-\n-\n-\n-\n-\n-\n-\n합계\n-\n-\n-\n-\n-\n-\n-\n-\n해당사항 없음\n회사채 미상환 잔액\n(기준일 :\xa0\n2022년 12월 31일\n)\n(단위 : 원)\n잔여만기\n1년 이하\n1년초과2년이하\n2년초과3년이하\n3년초과4년이하\n4년초과5년이하\n5년초과10년이하\n10년초과\n합 계\n미상환 잔액\n공모\n-\n-\n-\n-\n-\n-\n-\n-\n사모\n-\n-\n-\n-\n-\n-\n-\n-\n합계\n-\n-\n-\n-\n-\n-\n-\n-\n해당사항 없음\n신종자본증권 미상환 잔액\n(기준일 :\xa0\n2022년 12월 31일\n)\n(단위 : 원)\n잔여만기\n1년 이하\n1년초과5년이하\n5년초과10년이하\n10년초과15년이하\n15년초과20년이하\n20년초과30년이하\n30년초과\n합 계\n미상환 잔액\n공모\n-\n-\n-\n-\n-\n-\n-\n-\n사모\n-\n-\n-\n-\n-\n-\n-\n-\n합계\n-\n-\n-\n-\n-\n-\n-\n-\n해당사항 없음\n조건부자본증권 미상환 잔액\n(기준일 :\xa0\n2022년 12월 31일\n)\n(단위 : 원)\n잔여만기\n1년 이하\n1년초과2년이하\n2년초과3년이하\n3년초과4년이하\n4년초과5년이하\n5년초과10년이하\n10년초과20년이하\n20년초과30년이하\n30년초과\n합 계\n미상환 잔액\n공모\n-\n-\n-\n-\n-\n-\n-\n-\n-\n-\n사모\n-\n-\n-\n-\n-\n-\n-\n-\n-\n-\n합계\n-\n-\n-\n-\n-\n-\n-\n-\n-\n-\n7-2. 증권의 발행을 통해 조달된 자금의 사용실적\n공모자금의 사용내역\n(기준일 :\xa0\n2022년 12월 31일\n)\n(단위 : 백만원)\n구 분\n회차\n납입일\n증권신고서 등의 자금사용 계획\n실제 자금사용 내역\n차이발생 사유 등\n사용용도\n조달금액\n내용\n금액\n유상증자\n-\n2021년 06월 24일\n운영자금\n999\n운영자금\n999\n주1)\n주1) 유상증자로 조달한 자금은 운영자금인 임직원 급여 및 기타 경비로 사용하였습니다.\n사모자금의 사용내역\n(기준일 :\xa0\n2022년 12월 31일\n)\n(단위 : 백만원)\n구 분\n회차\n납입일\n주요사항보고서의 자금사용 계획\n실제 자금사용 내역\n차이발생 사유 등\n사용용도\n조달금액\n내용\n금액\n전환사채\n16\n2018년 06월 27일\n운영자금\n1,000\n운영자금\n1,000\n-\n전환사채\n17\n2018년 11월 06일\n운영자금\n19,000\n운영자금\n19,000\n-\n전환사채\n18\n2019년 04월 19일\n운영자금\n1,500\n운영자금\n1,500\n-\n전환사채\n18\n2019년 04월 19일\n운영자금\n3,500\n운영자금\n3,500\n-\n전황사채\n19\n2019년 04월 19일\n운영자금\n1,000\n운영자금\n1,000\n-\n전환사채\n20\n2019년 06월 26일\n운영자금\n1,450\n운영자금\n1,450\n-\n전환사채\n21\n2019년 10월 25일\n운영자금\n700\n운영자금\n700\n-\n전환사채\n22\n2021년 02월 18일\n운영자금\n15,000\n운영자금\n15,000\n주1)\n전환사채\n24\n2021년 06월 15일\n운영자금\n999\n운영자금\n999\n주2)\n유상증자\n-\n2021년 11월 30일\n운영자금\n8,000\n운영자금\n8,000\n주1)\n주1) 구매자금 및 임직원 급여 및 기타경비로 사용을 하였습니다주2) 제24회차 전환사채는 2021년 10월 29일 현금으로 조기상환을 하였습니다\n8. 기타 재무에 관한 사항\n가. 최근 3사업연도의 계정과목별 대손충당금 설청내역\xa0 \xa0 \xa0 \xa0 \xa0 \xa0 \xa0 \xa0 \xa0 \xa0 \xa0 \xa0 \xa0 \xa0 \xa0 \xa0 \xa0 \xa0 \xa0 \xa0 \xa0 \xa0 \xa0 \xa0 \xa0 \xa0 \xa0 \xa0 \xa0 \xa0 \xa0 \xa0 \xa0 \xa0 \xa0 \xa0 \xa0 \xa0 \xa0 \xa0 \xa0 \xa0 \xa0 \xa0 \xa0 \xa0 \xa0(단위 : 백만원, %)\r\n구분\n계정과목\n채권총액\n대손충당금\n설정률\n제37기\n매출채권\n9,466\xa0\n465\n4.9%\n단기대여금\n135\xa0\n135\xa0\n100.0%\n미수수익\n\u3000\n0.0%\n미수금\n52\xa0\n0\n0.0%\n선급금\n307\xa0\n3\xa0\n1.0%\n합계\n9,960\xa0\n603\n6.1%\n제36기\n매출채권\n15,371\xa0\n4012\xa0\n26.1%\n단기대여금\n525\xa0\n245\xa0\n46.7%\n미수수익\n10\xa0\n\xa0 \xa00\n0.0%\n미수금\n15,271\xa0\n218\xa0\n1.4%\n선급금\n2,335\xa0\n310\xa0\n13.3%\n합계\n33,512\xa0\n4,785\n14.3%\n제35기\n매출채권\n12,104\xa0\n5,041\xa0\n41.6%\n단기대여금\n477\xa0\n442\xa0\n92.7%\n미수수익\n5\xa0\n-\xa0\n0.0%\n미수금\n277\xa0\n214\xa0\n77.2%\n선급금\n911\xa0\n310\xa0\n34.0%\n합계\n13,774\xa0\n6,006\xa0\n43.6%\n나. 최근 3사업연도의 대손충당금 변동현황 \xa0 \xa0 \xa0 \xa0 \xa0 \xa0 \xa0 \xa0 \xa0 \xa0 \xa0 \xa0 \xa0 \xa0 \xa0 \xa0 \xa0 \xa0 \xa0 \xa0 \xa0 \xa0 \xa0 \xa0 \xa0 \xa0 \xa0 \xa0 \xa0 \xa0 \xa0 \xa0 \xa0 \xa0 \xa0 \xa0 \xa0 \xa0 \xa0 \xa0 \xa0 \xa0 \xa0 \xa0 \xa0 \xa0 \xa0 \xa0 \xa0(단위 : 백만원)\r\n구분\n제37기\n제36기\n제35기\n1.기초대손충당금 잔액합계\n4,785\n6,006\xa0\n5,983\xa0\n2.순대손처리액\u3000\n-\xa0\n-\xa0\n-\xa0\n\xa0 제각처리액\n-\xa0\n-\xa0\n-\xa0\n\xa0 상각채권회수액\n\u3000-\xa0\n\u3000-\xa0\n\u3000-\xa0\n\xa0 기타증감액\n\u3000-\xa0\n\u3000-\xa0\n\u3000-\xa0\n3.대손상각비계상(환입)액\n(3,875)\n(1,221)\n23\xa0\n4,기말대손충당금 잔액합계\n910\n4,785\xa0\n6,006\xa0\n다. 매출채권 대손충당금 설정 방침1.산정기간:산정대상기간은 국내거래처의 경우 3월이하,3월초과~1년이하,1년초과로 구분하고, 해외거래처의 경우 4월이하,4월초과~13개월이하,13개월초과로 구분하여 산정함.2. 대손처리기준:대손경험율적용하여 계산한 대손금액과 개별채권관리에 의해 설정된 대손금액과 적정성을 판단하여 대손금액 산정함. 라. 당해 사업연도말 현재 경과기간별 매출채권잔액 현황 \xa0 \xa0 \xa0 \xa0 \xa0 \xa0 \xa0 \xa0 \xa0 \xa0 \xa0 \xa0 \xa0 \xa0 \xa0 \xa0 \xa0 \xa0 \xa0 \xa0 \xa0 \xa0 \xa0 \xa0 \xa0 \xa0 \xa0 \xa0 \xa0 \xa0 \xa0 \xa0 \xa0 \xa0 \xa0 \xa0 \xa0 \xa0 \xa0 \xa0 \xa0 \xa0 \xa0 \xa0 \xa0 \xa0 \xa0 \xa0 \xa0 (단위 : 백만원)\r\n구분\n3월이하\n4월~12월\n1년초과 3년이하\n3년초과\n계\n일반\n876\n2,334\xa0\n2,941\xa0\n3,315\xa0\n9,466\xa0\n특수관계자\n계\n8,776\n2,334\xa0\n2,941\xa0\n3,315\xa0\n9,466\xa0\n구성비율 (%)\n9.3%\n24.7%\n31.1%\n34.9%\n100.0%\n']"
