text
"['\nIII. 재무에 관한 사항\n1. 요약재무정보\n가. 요약연결재무정보(1) 요약연결재무상태표\n \xa0 \xa0(단위 : 백만원)\n과 \xa0 \xa0 \xa0 \xa0 \xa0 \xa0 \xa0 \xa0 \xa0 \xa0 \xa0 \xa0목\n제70기\n제69기\n제68기\n자 \xa0 \xa0 \xa0 \xa0 \xa0 \xa0 \xa0 \xa0 \xa0 \xa0 \xa0 \xa0산\n\u3000\n\u3000\nI. 현금및현금성자산\n1,838,710\n582,203\n851,474\nII. 예치금\n792,175\n640,408\n617,681\nIII. 유가증권\n70,585,874\n66,024,192\n63,113,931\nIV. 관계기업 및 공동기업투자\n156,220\n146,211\n126,550\nV. 대출채권\n26,915,013\n25,426,145\n24,371,020\nVI. 유형자산\n1,803,098\n1,818,763\n1,867,570\nVII. 투자부동산\n2,517,001\n2,488,719\n2,821,138\nVIII. 무형자산\n1,216,375\n1,321,039\n1,436,630\nIX. 파생상품자산\n377,183\n1,313,852\n100,266\nX.순확정급여자산\n13,679\n25,249\n-\nXI. 당기법인세자산\n11,782\n128,060\n59,061\nXII. 이연법인세자산\n14,782\n16,739\n15,842\nXIII. 기타금융자산\n1,452,151\n1,490,621\n1,274,538\nXIV. 기타자산\n2,927,735\n2,921,837\n2,854,358\nXV. 특별계정자산\n21,462,673\n21,650,434\n19,871,076\n자 \xa0 \xa0 \xa0산 \xa0 \xa0 \xa0총 \xa0 \xa0 \xa0계\n132,084,451\n125,994,472\n119,381,135\n부 \xa0 \xa0 \xa0 \xa0 \xa0 \xa0 \xa0 \xa0 \xa0 \xa0 \xa0 \xa0채\n\u3000\n\u3000\nI. 보험계약부채\n94,572,121\n90,222,047\n84,938,943\nII. 계약자지분조정\n538,885\n659,734\n773,968\nIII. 당기법인세부채\n290,995\n21,724\n14,821\nIV. 이연법인세부채\n380,408\n826,009\n640,041\nV. 파생상품부채\n322,195\n26,557\n1,126,337\nVI. 순확정급여부채\n165,553\n178,902\n184,271\nVII. 충당부채\n15,367\n14,195\n13,946\nVIII. 기타금융부채\n2,002,451\n1,631,828\n1,561,878\nIX. 기타부채\n121,298\n154,560\n221,883\nX. 특별계정부채\n22,245,521\n22,020,813\n20,745,883\n부 \xa0 \xa0 \xa0채 \xa0 \xa0 \xa0총 \xa0 \xa0 \xa0계\n120,654,794\n115,756,369\n110,221,971\n자 \xa0 \xa0 \xa0 \xa0 \xa0 \xa0 \xa0 \xa0 \xa0 \xa0 \xa0 \xa0본\n\u3000\n\u3000\n\u3000\n지배기업의 소유주에게 귀속되는 자본\n\u3000\n\u3000\n\u3000\nI. 자본금\n \xa0 \xa0 \xa04,342,650 \n4,342,650\n4,342,650\nII. 기타불입자본\n(458,007) \n(458,007)\n(440,194)\nIII. 신종자본증권\n \xa0 \xa0 \xa01,558,000 \n497,930\n-\nIV. 기타자본구성요소\n \xa0 \xa0 \xa0 \xa0878,706 \n1,239,339\n1,429,040\nV. 이익잉여금\n \xa0 \xa0 \xa03,985,549 \n3,729,643\n3,197,557\n비지배지분\n \xa0 \xa0 \xa01,122,759 \n886,546\n630,111\n자 \xa0 \xa0 \xa0 본 \xa0 \xa0 \xa0 \xa0총 \xa0 \xa0 \xa0계\n \xa0 \xa011,429,657 \n10,238,103\n9,159,164\n연결대상에 포함된 회사수\n 71개\n49개\n44개\n(2) 요약연결포괄손익계산서\n \xa0 \xa0(단위 : %)\n과 \xa0 \xa0 \xa0 \xa0 \xa0목\n제70기\n제69기\n제68기\nI. 영 \xa0 \xa0업 \xa0 \xa0 수 \xa0 익\n23,430,547\n26,087,054\n20,666,131\nII. 영 \xa0 \xa0업 \xa0 \xa0 비 \xa0 용\n22,780,352\n25,133,627\n20,145,160\nIII. 영 \xa0 \xa0업 \xa0 \xa0 이 \xa0 익\n650,195\n953,427\n520,971\nIV. 영업외손익\n(13,781)\n11,091\n488,328\nV. 법인세비용차감전순이익\n636,414\n964,518\n1,009,299\nVI. 법인세비용\n189,890\n275,794\n164,169\nVII. 당기순이익\n446,524\n688,724\n845,130\nVIII. 기타포괄손익\n(320,240)\n(171,429)\n(867,024)\nIX. 당기총포괄이익\n126,284\n517,295\n(21,894)\nX. 당기순이익의 귀속\n446,524\n688,724\n845,130\n \xa0 지배기업의 소유주\n415,273\n584,939\n795,342\n \xa0 비지배지분\n31,251\n103,785\n49,788\nXI. 당기총포괄이익의 귀속\n126,284\n517,295\n(21,894)\n \xa0 지배기업의 소유주\n65,253\n418,933\n33,818\n \xa0 비지배지분\n61,031\n98,362\n(55,712)\nXII.지배기업의 소유주에 대한 주당이익\n\u3000\n\u3000\n \xa0 기본 및 희석주당순이익(원)\n473원\n757원\n1,058원\n나. 요약재무정보(1) 요약재무상태표\n \xa0 \xa0(단위 : 백만원)\n \xa0 \xa0 \xa0 \xa0 \xa0 \xa0 \xa0 \xa0구 \xa0 \xa0 \xa0 분\n제 70 기\n제 69 기\n제 68 기\n자 \xa0 \xa0 \xa0 \xa0 \xa0 \xa0 \xa0 \xa0 \xa0 \xa0 \xa0 \xa0산\n\u3000\nI. 현금및현금성자산\n1,412,192\n301,762\n664,083\nII. 예치금\n2,038\n115,496\n90,009\nIII. 유가증권\n58,530,140\n57,186,832\n55,975,084\nIV. 관계ㆍ종속기업투자\n5,760,026\n3,956,452\n3,270,680\nV. 대출채권\n20,554,538\n19,320,385\n18,685,774\nVI. 유형자산\n1,456,742\n1,482,749\n1,521,673\nVII. 투자부동산\n2,094,515\n2,047,970\n2,027,633\nVIII. 무형자산\n82,704\n84,249\n80,774\nIX. 파생상품자산\n331,536\n1,136,524\n31,670\nX.순확정급여자산\n13,199\n25,249\n-\nXI. 당기법인세자산\n \xa0 \xa0 \xa0 \xa0 \xa0 \xa0 \xa0 \xa0 \xa0- \n125,940\n58,910\nXII. 기타금융자산\n874,772\n894,570\n858,526\nXIII. 기타자산\n1,735,067\n1,991,641\n2,203,794\nXIV. 특별계정자산\n21,454,999\n21,643,275\n19,862,736\n자 \xa0 \xa0 \xa0산 \xa0 \xa0 \xa0총 \xa0 \xa0 \xa0계\n114,302,468\n110,313,094\n105,331,346\n부 \xa0 \xa0 \xa0 \xa0 \xa0 \xa0 \xa0 \xa0 \xa0 \xa0 \xa0 \xa0채\n\u3000\n\u3000\nI. 보험계약부채\n80,240,633\n77,253,434\n73,290,346\nII. 계약자지분조정\n571,160\n697,312\n812,926\nIII. 당기법인세부채\n287,073\n-\n-\nIV. 이연법인세부채\n37,180\n492,470\n375,865\nV. 파생상품부채\n280,650\n10,496\n991,177\nVI. 순확정급여부채\n-\n-\n12,822\nVII. 충당부채\n11,207\n10,482\n10,162\nVIII. 기타금융부채\n537,268\n575,123\n616,248\nIX. \xa0기타부채\n96,083\n140,085\n199,913\nX. \xa0특별계정부채\n22,378,744\n22,164,605\n20,869,346\n부 \xa0 \xa0 \xa0채 \xa0 \xa0 \xa0총 \xa0 \xa0 \xa0계\n104,439,998\n101,344,007\n97,178,805\n자 \xa0 \xa0 \xa0 \xa0 \xa0 \xa0 \xa0 \xa0 \xa0 \xa0 \xa0 \xa0본\n\u3000\n\u3000\nI. 자본금\n4,342,650\n4,342,650\n4,342,650\nII. 기타불입자본\n(438,804)\n(438,804)\n(438,804)\nIII. 신종자본증권\n1,558,000\n497,930\n-\nIV.기타자본구성요소\n1,042,451\n1,414,993\n1,568,996\nV. 이익잉여금\n3,358,173\n3,152,318\n2,679,699\n자 \xa0 \xa0 \xa0 본 \xa0 \xa0 \xa0 총 \xa0 \xa0 \xa0 계\n9,862,470\n8,969,087\n8,152,541\n(2) 요약포괄손익계산서\n \xa0 \xa0(단위 : %)\n과 \xa0 \xa0 \xa0 \xa0 \xa0 \xa0 \xa0 \xa0 \xa0 \xa0 \xa0 \xa0목\n제70기\n제69기\n제68기\nI. 영업수익\n15,254,284\n17,090,647\n15,996,549\nII. 영업비용\n14,959,027\n16,498,266\n15,691,718\nIII. 영업이익\n295,257\n592,381\n304,831\nIV. 영업외손익\n206,556\n99,024\n104,172\nV. 법인세비용차감전 순이익\n501,813\n691,405\n409,003\nVI. 법인세비용\n142,544\n165,933\n93,882\nVII. 당기순이익\n359,269\n525,472\n315,121\nVIII. 기타포괄손익\n(361,090)\n(130,309)\n(599,694)\nIX. 총포괄이익\n(1,821)\n395,163\n(284,573)\nX. 주당이익\n\u3000\n\u3000\n\u3000\n \xa0 \xa0기본 및 희석주당순이익(원)\n399원\n677원\n419원\n주) 매출액은 영업수익과 동일합니다.\n2. 연결재무제표\n가. 연결재무상태표\n연 결 재 무 상 태 표\n제 70 기 \xa0: 2018년 12월 31일 현재\n제 69 기 \xa0: 2017년 12월 31일 현재\n한화생명보험주식회사와 그 종속기업\n(단위 : 원)\n과 \xa0 \xa0 \xa0 \xa0 \xa0 \xa0 \xa0 목\n주석\n제 70 (당)기\n제 69 (전)기\n자 \xa0 \xa0 \xa0 \xa0 \xa0 \xa0 \xa0 \xa0 \xa0 \xa0 \xa0 \xa0산\n\u3000\nI. 현금및현금성자산\n4,5,6\n1,838,709,692,131\n582,202,676,727\nII. 예치금\n4,5,6\n792,175,000,924\n640,407,861,669\nIII. 당기손익인식유가증권\n4,5,7,45\n5,629,164,571,326\n3,166,915,612,787\nIV. 매도가능유가증권\n4,5,7,45\n28,214,914,004,842\n31,327,490,114,427\nV. 만기보유유가증권\n4,5,7,45\n36,741,795,054,463\n31,529,786,313,631\nVI. 관계기업 및 공동기업투자\n9\n156,220,099,694\n146,211,489,328\nVII. 대출채권\n4,5,10,45\n26,915,013,332,901\n25,426,145,302,107\nVIII. 유형자산\n12,13\n1,803,098,229,931\n1,818,763,153,295\nIX. 투자부동산\n13\n2,517,000,648,465\n2,488,719,058,847\nX. 무형자산\n13\n1,216,374,698,575\n1,321,038,751,260\nXI. 파생상품자산\n4,5,11\n377,183,350,600\n1,313,852,303,600\nXII.순확정급여자산\n20\n13,679,261,666\n25,248,758,114\nXIII. 당기법인세자산\n11,782,056,486\n128,059,565,272\nXIV. 이연법인세자산\n38\n14,781,620,727\n16,738,701,923\nXV. 기타금융자산\n4,5,14\n1,452,150,523,614\n1,490,620,926,517\nXVI. 기타자산\n15\n2,927,735,962,121\n2,921,837,266,592\nXVII. 특별계정자산\n19\n21,462,672,709,487\n21,650,434,306,713\n자 \xa0 \xa0 \xa0산 \xa0 \xa0 \xa0총 \xa0 \xa0 \xa0계\n132,084,450,817,953\n125,994,472,162,809\n부 \xa0 \xa0 \xa0 \xa0 \xa0 \xa0 \xa0 \xa0 \xa0 \xa0 \xa0 \xa0채\nI. 보험계약부채\n16,17\n94,572,120,665,629\n90,222,047,361,395\nII. 계약자지분조정\n18\n538,885,241,875\n659,733,892,732\nIII. 당기법인세부채\n290,995,454,659\n21,723,608,181\nIV. 이연법인세부채\n38\n380,408,085,205\n826,008,743,050\nV. 파생상품부채\n4,5,11\n322,194,750,826\n26,557,244,987\nVI. 순확정급여부채\n20\n165,552,947,207\n178,902,304,605\nVII. 충당부채\n21\n15,367,182,202\n14,194,902,599\nVIII. 기타금융부채\n4,5,22\n2,002,451,002,054\n1,631,827,914,700\nIX. 기타부채\n23\n121,297,271,981\n154,560,297,416\nX. 특별계정부채\n19\n22,245,521,147,940\n22,020,813,348,181\n부 \xa0 \xa0 \xa0채 \xa0 \xa0 \xa0총 \xa0 \xa0 \xa0계\n120,654,793,749,578\n115,756,369,617,846\n자 \xa0 \xa0 \xa0 \xa0 \xa0 \xa0 \xa0 \xa0 \xa0 \xa0 \xa0 \xa0본\n지배기업의 소유주에게 귀속되는 자본\nI. 자본금\n24\n4,342,650,000,000\n4,342,650,000,000\nII. 기타불입자본\n24\n(458,006,536,981)\n(458,006,536,981)\nIII. 신종자본증권\n25\n1,558,000,197,526\n497,930,280,000\nIV. 기타자본구성요소\n26\n878,705,504,134\n1,239,339,355,825\nV. 이익잉여금\n27\n3,985,549,304,135\n3,729,643,338,247\n비지배지분\n1,122,758,599,561\n886,546,107,872\n자 \xa0 \xa0 \xa0 본 \xa0 \xa0 \xa0 총 \xa0 \xa0 \xa0 계\n\u3000\n11,429,657,068,375\n10,238,102,544,963\n부 \xa0채 \xa0및 \xa0자 \xa0본 \xa0총 \xa0계\n\u3000\n132,084,450,817,953\n125,994,472,162,809\n나. 연결포괄손익계산서\n연 결 포 괄 손 익 계 산 서\n제 70 기 \xa0: 2018년 1월 1일부터 2018년 12월 31일까지\n제 69 기 \xa0: 2017년 1월 1일부터 2017년 12월 31일까지\n한화생명보험주식회사와 그 종속기업\n(단위 : 원)\n과 \xa0 \xa0 \xa0 \xa0 \xa0 \xa0 \xa0 목\n주석\n제 70 (당)기\n제 69 (전)기\nI. 영업수익\n23,430,547,277,272\n26,087,053,887,803\n \xa01. 보험료수익\n29\n14,925,813,989,261\n14,950,105,356,700\n \xa02. 재보험수익\n30\n1,355,532,615,598\n1,114,829,163,894\n \xa03. 이자수익\n28,40\n3,046,239,636,961\n3,014,656,841,074\n \xa04. 구상이익\n15\n4,099,241,630\n4,549,861,065\n \xa05. 당기손익인식유가증권 평가 및 처분이익\n28\n56,845,726,876\n76,965,859,953\n \xa06. 매도가능유가증권 평가 및 처분이익\n28\n273,016,400,861\n476,680,826,724\n \xa07. 외환거래 및 환산이익\n28\n1,073,023,030,796\n1,383,890,343,874\n \xa08. 파생상품 평가 및 거래이익\n11,28\n463,802,210,305\n2,987,376,349,676\n \xa09. 기타수익\n31,40\n927,725,072,037\n771,178,991,896\n \xa010. 특별계정수입수수료\n1,116,410,881,183\n1,035,540,483,836\n \xa011. 특별계정수익\n188,038,471,764\n271,279,809,111\nII. 영업비용\n22,780,351,927,145\n25,133,626,768,766\n \xa01. 보험계약부채전입액\n16\n4,289,371,153,468\n5,239,419,707,092\n \xa02. 지급보험금\n32,40\n11,191,171,326,495\n9,811,942,237,760\n \xa03. 재보험비용\n30\n1,422,446,608,628\n1,304,341,855,318\n \xa04. 사업비\n33,40\n1,885,457,990,974\n1,533,590,389,629\n \xa05. 신계약비상각비\n15\n1,332,384,053,521\n1,547,757,447,290\n \xa06. 재산관리비\n34,40\n111,999,815,824\n140,669,334,240\n \xa07. 손해조사비\n35\n107,935,737,726\n102,025,578,119\n \xa08. 당기손익인식유가증권 평가 및 처분손실\n28\n43,658,970,537\n115,799,688,666\n \xa09. 매도가능유가증권 평가 및 처분손실\n28\n155,187,673,714\n187,285,155,901\n \xa010. 대출채권및수취채권 평가 및 처분손실\n28\n28,559,182,619\n29,446,429,874\n \xa011. 외환거래 및 환산손실\n28\n234,493,756,109\n3,808,594,711,603\n \xa012. 파생상품평가 및 거래손실\n11,28\n1,265,266,798,081\n550,012,699,022\n \xa013. 기타비용\n36\n503,667,925,013\n472,662,226,205\n \xa014. 특별계정지급수수료\n22,798,912,286\n21,006,781,141\n \xa015. 특별계정비용\n185,952,022,150\n269,072,526,906\nIII. 영업이익\n650,195,350,127\n953,427,119,037\nIV. 영업외수익\n37\n49,885,285,300\n144,222,608,366\nV. 영업외비용\n37\n63,666,258,423\n133,131,299,213\nVI. 법인세비용차감전순이익\n636,414,377,004\n964,518,428,190\nVII. 법인세비용\n38\n189,889,909,979\n275,794,000,656\nVIII. 당기순이익\n446,524,467,025\n688,724,427,534\nIX. 법인세비용차감후 기타포괄손익\n(320,240,383,087)\n(171,429,204,308)\n \xa01. 당기손익으로 재분류되지 않는 포괄손익\n(9,027,629,532)\n27,716,753,105\n \xa0 1) 유형자산재평가이익\n9,624,725,753\n16,229,896,436\n \xa0 2) 순확정급여부채의 재측정요소\n(18,652,355,285)\n11,486,856,669\n \xa02. 후속적으로 당기손익으로 재분류될 수 있는 포괄손익\n(311,212,753,555)\n(199,145,957,413)\n \xa0 1) 매도가능금융자산평가손익\n(350,883,252,785)\n(58,852,106,543)\n \xa0 2) 만기보유금융자산평가손익\n11,926,690,122\n(72,471,580,332)\n \xa0 3) 관계기업의 기타포괄손익지분\n3,188,800,825\n(1,162,168,164)\n \xa0 4) 위험회피목적파생상품평가손익\n580,962,946\n9,769,187,074\n \xa0 5) 특별계정기타포괄손익\n17,483,598,207\n(45,062,191,275)\n \xa0 6) 해외사업장환산외환차이\n6,490,447,130\n(31,367,098,173)\nX. 당기총포괄손익\n126,284,083,938\n517,295,223,226\nXI. 당기순이익의 귀속\n446,524,467,025\n688,724,427,534\n \xa01. 지배기업의 소유주\n415,273,141,458\n584,939,591,612\n \xa02. 비지배지분\n31,251,325,567\n103,784,835,922\nXII. 당기총포괄손익의 귀속\n126,284,083,938\n517,295,223,226\n \xa01. 지배기업의 소유주\n65,253,356,040\n418,933,132,295\n \xa02. 비지배지분\n61,030,727,898\n98,362,090,931\nXIII. 주당이익\n39\n \xa01. 기본주당이익\n473\n757\n \xa02. 희석주당이익\n473\n757\n다. 연결자본변동표\n연 결 자 본 변 동 표\n제 70 기 : 2018년 1월 1일부터 2018년 12월 31일까지\n제 69 기 : 2017년 1월 1일부터 2017년 12월 31일까지\n한화생명보험주식회사와 그 종속기업\n(단위 : 원)\n과 \xa0 \xa0 \xa0 \xa0 \xa0 \xa0 \xa0 목\n자본금\n기타불입자본\n신종자본증권\n기타자본구성요소\n이익잉여금\n지배기업의  소유주 귀속\n비지배지분\n합 계\n2017.1.1 (전기초)\n4,342,650,000,000\n(440,193,627,494)\n-\n1,429,039,398,163\n3,197,556,818,396\n8,529,052,589,065\n630,111,406,947\n9,159,163,996,012\nI. 총포괄손익\n\u3000\n\u3000\n\u3000\n\u3000\n\u3000\n\u3000\n\u3000\n\u3000\n 1. 당기순이익\n-\n-\n-\n\u3000-\n584,939,591,612\n584,939,591,612\n103,784,835,922\n688,724,427,534\n 2. 재평가잉여금의 대체\n-\n-\n-\n(23,693,583,021)\n23,693,583,021\n-\n\u3000-\n-\n 3. 유형자산재평가이익\n-\n-\n-\n16,229,896,436\n-\n16,229,896,436\n\u3000-\n16,229,896,436\n 4. 확정급여제도의 재측정요소\n-\n-\n-\n12,012,963,556\n-\n12,012,963,556\n(526,106,887)\n11,486,856,669\n 5. 매도가능금융자산평가손익\n-\n-\n-\n(55,830,531,410)\n-\n(55,830,531,410)\n(3,021,575,133)\n(58,852,106,543)\n 6. 만기보유금융자산평가손익\n-\n-\n-\n(72,471,580,332)\n-\n(72,471,580,332)\n\u3000-\n(72,471,580,332)\n 7. 관계기업의 기타포괄손익지분\n-\n-\n-\n(1,315,520,148)\n-\n(1,315,520,148)\n153,351,984\n(1,162,168,164)\n 8. 위험회피목적파생상품평가손익\n-\n-\n-\n11,686,142,652\n-\n11,686,142,652\n(1,916,955,578)\n9,769,187,074\n 9. 특별계정기타포괄손익\n-\n-\n-\n(45,062,191,275)\n-\n(45,062,191,275)\n\u3000-\n(45,062,191,275)\n 10. 해외사업환산손익\n-\n-\n-\n(31,255,638,796)\n\u3000-\n(31,255,638,796)\n(111,459,377)\n(31,367,098,173)\nII. 자본에 직접 인식된 주주와의 거래\n\u3000\n\u3000\n\u3000\n\u3000\n\u3000\n\u3000\n\u3000\n\u3000\n 1. 연차배당\n-\n-\n-\n\u3000-\n(60,111,220,000)\n(60,111,220,000)\n(4,196,269,700)\n(64,307,489,700)\n 2. 신종자본증권의 발행\n-\n-\n497,930,280,000\n\u3000-\n\u3000-\n497,930,280,000\n\u3000-\n497,930,280,000\n 3. 신종자본증권 배당\n-\n-\n\u3000-\n\u3000-\n(16,435,434,782)\n(16,435,434,782)\n(1,260,000,000)\n(17,695,434,782)\nⅢ. 비지배지분의 증감\n\u3000-\n(17,812,909,487)\n\u3000-\n\u3000-\n\u3000-\n(17,812,909,487)\n163,528,879,694\n145,715,970,207\n2017.12.31 (전기말)\n4,342,650,000,000\n(458,006,536,981)\n497,930,280,000\n1,239,339,355,825\n3,729,643,338,247\n9,351,556,437,091\n886,546,107,872\n10,238,102,544,963\n2018.1.1 (당기초)\n4,342,650,000,000\n(458,006,536,981)\n497,930,280,000\n1,239,339,355,825\n3,729,643,338,247\n9,351,556,437,091\n886,546,107,872\n10,238,102,544,963\nI. 회계정책변경의 효과\n-\n-\n-\n-\n(5,114,653,599)\n(5,114,653,599)\n-\n(5,114,653,599)\nII. 총포괄손익\n 1. 당기순이익\n-\n-\n-\n-\n415,273,141,458\n415,273,141,458\n31,251,325,567\n446,524,467,025\n 2. 재평가잉여금의 대체\n-\n-\n-\n(11,452,151,814)\n11,452,151,814\n-\n-\n-\n 3. 유형자산재평가이익\n-\n-\n-\n9,624,725,753\n-\n9,624,725,753\n-\n9,624,725,753\n 4. 확정급여제도의 재측정요소\n-\n-\n-\n(17,468,109,951)\n(838,085,541)\n(18,306,195,492)\n(346,159,793)\n(18,652,355,285)\n 5. 매도가능금융자산평가손익\n-\n-\n-\n(344,979,773,872)\n-\n(344,979,773,872)\n(5,903,478,913)\n(350,883,252,785)\n 6. 만기보유금융자산평가손익\n-\n-\n-\n(23,634,420,983)\n-\n(23,634,420,983)\n35,561,111,105\n11,926,690,122\n 7. 관계기업의 기타포괄손익지분\n-\n-\n-\n2,838,034,203\n-\n2,838,034,203\n350,766,622\n3,188,800,825\n 8. 위험회피목적파생상품평가손익\n-\n-\n-\n457,766,645\n-\n457,766,645\n123,196,301\n580,962,946\n 9. 특별계정기타포괄손익\n-\n-\n-\n17,473,944,644\n-\n17,473,944,644\n9,653,563\n17,483,598,207\n 10. 해외사업환산손익\n-\n-\n-\n6,506,133,684\n-\n6,506,133,684\n(15,686,554)\n6,490,447,130\nIII. 자본에 직접 인식된 주주와의 거래\n 1. 연차배당\n-\n-\n-\n-\n(105,194,635,000)\n(105,194,635,000)\n(8,517,265,350)\n(113,711,900,350)\n 2. 신종자본증권의 발행\n-\n-\n1,060,069,917,526\n-\n-\n1,060,069,917,526\n189,386,580,000\n1,249,456,497,526\n 3. 신종자본증권 배당\n-\n-\n-\n-\n(59,671,953,244)\n(59,671,953,244)\n(6,113,333,334)\n(65,785,286,578)\nIV. 비지배지분의 증감\n-\n-\n-\n-\n-\n-\n425,782,475\n425,782,475\n2018.12.31 (당기말)\n4,342,650,000,000\n(458,006,536,981)\n1,558,000,197,526\n878,705,504,134\n3,985,549,304,135\n10,306,898,468,814\n1,122,758,599,561\n11,429,657,068,375\n라. 연결현금흐름표\n연 결 현 금 흐 름 표\n제 70 기 \xa0: 2018년 1월 1일부터 2018년 12월 31일까지\n제 69 기 \xa0: 2017년 1월 1일부터 2017년 12월 31일까지\n한화생명보험주식회사와 그 종속기업\n(단위 : 원)\n과 \xa0 \xa0 \xa0 \xa0 \xa0 \xa0 \xa0 목\n주석\n제 70 (당)기\n제 69 (전)기\nⅠ. 영업활동으로 인한 현금흐름\n\u3000\n1,642,875,630,867\n3,318,659,475,163\n \xa0 1. 당기순이익\n446,524,467,025\n\u3000\n688,724,427,534 \n \xa0 2. 조정\n42\n2,498,595,223,468\n\u3000\n3,559,673,061,509 \n \xa0 3. 영업활동으로 인한 자산ㆍ부채의 변동\n42\n(4,588,220,903,068)\n\u3000\n(4,016,771,263,231)\n \xa0 4. 이자의 수취\n2,887,997,963,202\n\u3000\n2,892,147,497,047 \n \xa0 5. 이자의 지급\n(18,987,656,261)\n\u3000\n(20,695,412,761)\n \xa0 6. 배당금의 수취\n524,802,963,452\n\u3000\n371,175,432,100 \n \xa0 7. 법인세부담액\n(107,836,426,951)\n\u3000\n(155,594,267,035)\nⅡ. 투자활동으로 인한 현금흐름\n\u3000\n(1,832,157,384,870)\n(4,066,205,715,981)\n \xa0 1. 매도가능금융자산의 처분\n9,859,716,337,981\n\u3000\n10,953,570,772,081\n \xa0 2. 만기보유금융자산의 상환\n79,675,824,944\n\u3000\n96,921,323,890\n \xa0 3. 위험회피목적 파생상품의 정산\n391,851,530,594\n\u3000\n60,676,202,312\n \xa0 4. 투자부동산 및 유형자산의 처분\n54,297,555,390\n\u3000\n455,521,172,292\n \xa0 5. 무형자산의 처분\n1,574,747,007\n\u3000\n2,373,138,625\n \xa0 6. 관계기업투자 처분\n5,070,000,000\n\u3000\n13,791,169,707\n \xa0 7. 관계기업투자 배당\n10,092,528,951\n\u3000\n9,992,229,572\n \xa0 8. 예치보증금의 감소\n53,061,203,557\n\u3000\n81,970,815,339\n \xa0 9. 매도가능금융자산의 취득\n(9,316,559,741,533)\n\u3000\n(9,875,560,865,440)\n \xa010. 만기보유금융자산의 취득\n(2,711,766,744,053)\n\u3000\n(5,601,123,656,339)\n \xa011. 투자부동산 및 유형자산의 취득\n(167,296,802,219)\n\u3000\n(113,665,476,552)\n \xa012. 관계기업투자 취득\n(17,670,655,915)\n\u3000\n(43,676,020,000)\n \xa013. 무형자산의 취득\n(30,002,411,204)\n\u3000\n(26,129,817,878)\n \xa014. 예치보증금의 증가\n(52,027,126,852)\n\u3000\n(80,866,703,590)\n \xa015. 사업양도로 인한 현금유입액\n7,826,368,482\n\u3000\n-\nⅢ. 재무활동으로 인한 현금흐름\n\u3000\n1,433,437,713,275\n480,645,261,248\n \xa0 1. 비지배지분의 증가\n194,004,772,298\n\u3000\n137,144,779,112\n \xa0 2. 비지배지분의 감소\n(14,730,598,684)\n\u3000\n-\n \xa0 3. 신종자본증권 발행\n1,060,069,917,526\n\u3000\n497,930,280,000\n \xa0 4. 신종자본증권 배당\n(49,566,050,000)\n\u3000\n(11,455,000,000)\n \xa0 5. 배당금의 지급\n(105,194,635,000)\n\u3000\n(60,111,220,000)\n \xa0 6. 차입금의 상환\n-\n\u3000\n(82,950,000,000)\n \xa0 7. 차입금의 증가\n348,854,307,135\n\u3000\n86,422,136\nⅣ. 현금및현금성자산의 순증감 (Ⅰ+Ⅱ+Ⅲ)\n\u3000\n1,244,155,959,272\n(266,900,979,570)\nⅤ. 기초 현금및현금성자산\n\u3000\n582,202,676,727\n851,474,072,066\nⅥ. 외화표시 현금및현금성자산 환율변동효과\n\u3000\n12,351,056,132\n(2,370,415,769)\nⅦ. 기말 현금및현금성자산\n\u3000\n1,838,709,692,131\n582,202,676,727\n3. 연결재무제표 주석\n제 70 기 \xa0: 2018년 12월 31일 현재\n제 69 기 \xa0: 2017년 12월 31일 현재\n한화생명보험주식회사와 그 종속기업\n1. 일반사항\n한국채택국제회계기준 제1110호(연결재무제표)에 의한 지배기업인 한화생명보험주식회사(이하 ""당사"" 또는 ""지배기업"")는 연결재무제표 작성대상 종속기업(이하 한화생명보험주식회사와 그 종속기업을 일괄하여 ""연결실체"")를 연결대상으로 하여 연결재무제표를 작성하고 있습니다.(1) 지배기업의 개요지배기업은 1946년 9월 9일 국내 최초의 생명보험회사로 설립된 이래 2018년 12월 31일 현재 지역본부 7개, 지역단 63개 및 지점 552개 조직을 가지고 인보험 및 그와 관련된 재보험 계약 등을 주요 영업목적으로 하고 있으며, 2010년 3월에 주식을 한국거래소가 개설한 유가증권시장에 상장하였습니다.한편, 지배기업은 2012년 6월 29일 개최된 주주총회에서 사명 변경을 결의하고, 2012년 10월 9일자로 사명을 대한생명보험주식회사에서 한화생명보험주식회사로 변경하였습니다.\n당기말 현재 연결실체가 판매 중인 보험상품과 신규판매는 중지되었으나 계약이 유지되고 있는 보험상품의 내역은 다음과 같습니다.- 생명보험\n구 \xa0 분\n보험상품\n판매 중\n판매 중지\n합 \xa0 계\n 개인연금보험\n6종\n63종\n69종\n 일반연금보험\n13종\n146종\n159종\n 기타생존보험\n-\n16종\n16종\n 사망보험\n50종\n386종\n436종\n 생사혼합보험\n7종\n97종\n104종\n 단체보험\n5종\n38종\n43종\n합 \xa0 계\n81종\n746종\n827종\n- 손해보험\n구 \xa0 분\n보험상품\n판매중\n판매중지\n합 \xa0 계\n일반보험\n323종\n2종\n325종\n자동차보험\n14종\n-\n14종\n장기보험\n37종\n826종\n863종\n퇴직연금\n7종\n-\n7종\n합 \xa0 계\n381종\n828종\n1,209종\n당기말 현재 주요 주주현황은 다음과 같습니다.\n주주명\n소유주식수(주)\n지분율(%)\n ㈜한화건설\n217,919,239\n25.09\n ㈜한화\n157,600,000\n18.15\n ㈜한화갤러리아타임월드\n15,204,166\n1.75\n 예금보험공사\n86,857,001\n10.00\n 자기주식\n117,139,750\n13.49\n 기타\n273,809,844\n31.52\n합 \xa0 계\n868,530,000\n100.00\n2. 중요한 회계정책다음은 당사와 당사의 종속기업(이하 ""연결실체"")의 연결재무제표의 작성에 적용된 주요한 회계정책입니다. 이러한 정책은 별도의 언급이 없다면, 표시된 보고기간에 계속적으로 적용됩니다.\n2.1 재무제표 작성기준연결실체의 연결재무제표는 한국채택국제회계기준에 따라 작성되었습니다. 한국채택국제회계기준은 국제회계기준위원회(""IASB"")가 발표한 기준서와 해석서 중 대한민국이 채택한 내용을 의미합니다. 한국채택국제회계기준은 재무제표 작성시 중요한 회계추정의 사용을 허용하고 있으며, 회계정책을 적용함에 있어 경영진의 판단을 요구하고 있습니다. 보다 복잡하고 높은 수준의 판단이 요구되는 부분이나 중요한 가정 및 추정이 요구되는 부분은 주석3에서 설명하고 있습니다.2.2 회계정책과 공시의 변경(1) \xa0연결실체가 채택한 제ㆍ개정 기준서 및 해석서\r\n연결실체는 2018년 1월 1일로 개시하는 회계기간부터 다음의 제ㆍ개정 기준서 및 해석서를 신규로 적용하였으며, 이로 인하여 재무제표에 미치는 유의적인 영향은 없습니다.\n- 기업회계기준서 제1028호 \'관계기업과 공동기업에 대한 투자\' 개정 벤처캐피탈 투자기구, 뮤추얼펀드 등이 보유하는 관계기업이나 공동기업에 대한 투자지분을 지분법이 아닌 공정가치로 평가할 경우, 각각의 지분별로 선택 적용할 수 있음을 명확히 하였습니다. \n- 기업회계기준서 제1040호 \'투자부동산\' 개정 \n부동산의 투자부동산으로 또는 투자부동산에서의 대체는 용도 변경의 증거가 존재하는 경우에만 가능하며, 동 기준서 문단 57은 이러한 상황의 예시임을 명확히 하였습니다. 또한, 건설중인 부동산도 계정대체 규정 적용 대상에 포함됨을 명확히 하였습니다. \n- 기업회계기준서 제1102호 \xa0\'주식기준보상\' 개정\n현금결제형에서 주식결제형으로 분류변경 시 조건변경 회계처리와 현금결제형 주식기준보상거래의 공정가치 측정방법이 주식결제형 주식기준보상거래와 동일함을 명확히 하였습니다. \xa0- 기업회계기준해석서 제2122호 \'외화 거래와 선지급ㆍ선수취 대가\' 제정 제정된 해석서에 따르면, 관련 자산, 비용, 수익(또는 그 일부)의 최초 인식에 적용할 환율을 결정하기 위한 거래일은 대가를 선지급하거나 선수취하여 비화폐성자산이나 비화폐성부채를 최초로 인식하는 날입니다.- 기업회계기준서 제1115호 \'고객과의 계약에서 생기는 수익\'연결실체는 기업회계기준서 제1115호 \'고객과의 계약에서 생기는 수익\'을 적용하였습니다. 기준서 제1115호의 경과규정에 따라 비교 표시된 재무제표는 재작성되지 않았으며 동 기준서의 최초적용 누적효과를 최초 적용일인 2018년 1월 1일에 인식하도록 소급적용하는 방법을 선택하였습니다. 동 기준서의 적용으로 인하여 최초 적용일인 2018년 1월 1일 현재 이익잉여금 및 순자산이 5,115백만원 감소하였습니다. 또한 기업회계기준서 1115호를 적용하지 않았을 경우 보다 2018년 영업수익 및 당기손익이 238백만원 감소하였습니다. \n(2) 연결실체가 적용하지 않은 제ㆍ개정 기준서 및 해석서\n제정 또는 공표됐으나 2018년 1월 1일 이후 시작하는 회계연도에 시행일이 도래하지않았고, 연결실체가 조기 적용하지 않은 제ㆍ개정 기준서 및 해석서는 다음과 같습니다.\n- 기업회계기준서 제1109호 \'금융상품\'2015년 9월 25일 제정된 기업회계기준서 제1109호 \'금융상품\'은 원칙적으로 2018년 1월 1일 이후 최초로 시작되는 회계연도부터 적용해야 하지만, 연결실체는 기업회계기준서 제1104호 \'보험계약\'이 개정ㆍ공표되어 기업회계기준서 제1109호의 적용을 한시적으로 면제 받을 수 있게 됨에 따라, 2020년까지 기업회계기준서 제1109호의 적용을 면제 받을 계획입니다. 연결실체는 2015년 12월 31일 현재 보험과 관련된 부채의비율이 총 부채금액의 90%를 초과하므로 기업회계기준서 제1109호 적용의 한시적 면제 요건을 충족할 수 있어 기업회계기준서 제1109호는 2021년 1월 1일 이후 시작되는 회계연도부터 적용할 것으로 예상합니다.\n당기말과 전기말 현재 기업회계기준서 제1109호를 적용하였을 경우 금융자산 그룹별 장부금액 및 공정가치와 당기 중 공정가치 변동내역은 다음과 같습니다(단위: 백만원).\n구 \xa0 분\n장부금액\n공정가치\n당기말\n전기말\n당기말\n전기말\n변동액\n원금과 원금 잔액에 대한 이자 지급만으로구성된 현금흐름이 발생하는 계약 조건을 갖는 금융자산(*)\n85,894,919\n82,943,904\n86,221,228\n82,524,605\n3,696,623\n그 외 금융자산\n16,066,187\n12,533,517\n16,058,972\n12,537,531\n3,521,441\n합 \xa0계\n101,961,106\n95,477,421\n102,280,200\n95,062,136\n7,218,064\n(*) 상기 금융자산 중 신용위험이 낮지 않은 금융자산의 장부금액 (손실충당금 조정 전)과 공정가치는 각각 1,997,257백만원 및 1,970,340백만원이며, 기업회계기준서 제1107호에서 정한 신용위험 등급별 장부금액은 주석 45에 \xa0공시하고 있습니다.\n- 기업회계기준서 제1116호 \'리스\'2017년 5월 22일 제정된 기업회계기준서 제1116호 \'리스\'는 2019년 1월 1일 이후 최초로 시작되는 회계연도부터 적용하되 조기 적용할 수도 있습니다. 동 기준서는 현행 기업회계기준서 제1017호 \'리스\'를 대체할 예정입니다. 연결실체는 기업회계기준서 제1116호를 2019년 1월 1일 이후 시작되는 회계연도부터 적용할 예정입니다. 새로운 기준서는 단일 리스이용자 모형을 도입하여 리스기간이 12개월을 초과하고 기초자산이 소액이 아닌 모든 리스에 대하여 리스이용자가 자산과 부채를 인식하도록 요구합니다. 리스이용자는 사용권자산과 리스료 지급의무를 나타내는 리스부채를인식해야 합니다. 연결실체는 동 개정으로 인해 연결재무제표에 중요한 영향은 없을 것으로 예상하고 있습니다.\n- 기업회계기준서 제1019호 \'종업원급여\' 개정\n확정급여제도의 변경으로 제도의 개정, 축소, 정산이 되는 경우 제도의 변경 이후 회계기간의 잔여기간에 대한 당기근무원가 및 순이자를 산정하기 위해 순확정급여부채(자산)의 재측정에 사용된 가정을 사용합니다. \xa0또한, 자산인식상한의 영향으로 이전에 인식하지 않은 초과적립액의 감소도 과거근무원가나 정산손익의 일부로 당기손익에 반영합니다. 개정내용은 2019년 1월 1일 이후 최초로 시작되는 회계연도 이후 발생한 제도의 개정, 축소, 정산에 전진적으로 적용합니다. \n - 기업회계기준서 제1028호 \'관계기업과 공동기업에 대한 투자\' 개정\n관계기업이나 공동기업에 대한 다른 금융상품(지분법을 적용하지 않는 금융상품)이 기업회계기준서 제1109호의 적용대상임을 명확히 하였으며, 관계기업이나 공동기업에 대한 순투자의 일부를 구성하는 장기투자지분의 손상 회계처리에 대해서는 기업회계기준서 제1109호를 우선하여 적용하도록 개정하였습니다. 동 개정사항은 2019 년 1 월 1 일 이후 시작하는 회계연도 후부터 적용되며, 조기도입이 가능합니다. \xa0또한, 이 기준서의 최초 적용 시 기업회계기준서 제1109호의 경과규정을 적용하여 비교정보의 재작성이 요구되지 않으며, 소급적용으로 인한 효과는 최초 적용일의 기초이익잉여금 또는 적절한 다른 자본요소에 반영합니다. \n \xa0\n- 기업회계기준해석서 제2123호 \'법인세 처리의 불확실성\' 제정\n제정된 해석서는 기업이 적용한 법인세 처리가 과세당국에 의해 인정될지에 대한 불확실성이 존재하는 경우 당기법인세와 이연법인세 인식 및 측정에 적용하며, 법인세 처리 불확실성의 회계단위와 재평가가 필요한 상황 등에 대한 지침을 포함하고 있습니다. \xa0해석서는 2019년 1월 1일부터 적용되며 비교재무제표를 소급 재작성하거나 최초 적용연도 기초에 변경 효과를 반영하는 방법 중 선택할 수 있습니다.\r\n \n- 연차개선 2015-2017① 기업회계기준서 제1103호 \'사업결합\'공동영업과 관련된 자산에 대한 권리와 부채에 대한 의무를 보유하다가 해당 공동영업(사업의 정의 충족)에 대한 지배력을 획득하는 것은 단계적으로 이루어지는 사업결합이므로, 취득자는 공동영업에 대하여 이전에 보유하고 있던 지분 전부를 재측정합니다. 이 개정 내용은 2019년 1월 1일 이후 처음 시작되는 회계연도 이후에 취득일이속하는 사업결합부터 적용하되 조기 적용할 수 있습니다.② 기업회계기준서 제1111호 \'공동약정\'공동영업에 참여는 하지만 공동지배력을 보유하지 않은 공동영업 당사자가 공동영업에 대한 공동지배력을 획득하는 경우, 공동영업에 대하여 이전에 보유하고 있던 지분은 재측정하지 않습니다. 이 개정 내용은 2019년 1월 1일 이후 처음 시작되는 회계연도 이후에 공동지배력을 획득하는 거래부터 적용하되 조기 적용할 수 있습니다.③ 기업회계기준서 제1012호 \'법인세\'기업회계기준서 제1012호 문단 57A의 규정(배당의 세효과 인식시점과 인식항목을 규정)은 배당의 법인세효과 모두에 적용되며, 배당의 법인세효과를 원래 인식하였던 항목에 따라 당기손익, 기타포괄손익 또는 자본으로 인식하도록 개정되었습니다. 이 개정 내용은 2019년 1월 1일 이후 처음 시작되는 회계연도부터 적용하되 조기 적용할 수도 있습니다.④ 기업회계기준서 제1023호 \'차입원가\'적격자산을 의도된 용도로 사용(또는 판매) 가능하게 하는 데 필요한 대부분의 활동이 완료되면, 해당 자산을 취득하기 위해 특정 목적으로 차입한 자금을 일반차입금에포함한다는 사실을 명확히 하였습니다. 이 개정 내용은 해당 개정 내용을 처음 적용하는 회계연도 이후에 생기는 차입원가에 적용하며, 2019년 1월 1일 이후 처음 시작되는 회계연도부터 적용하되 조기 적용할 수도 있습니다.\n2.3 연결기준\n연결실체는 기업회계기준서 제1110호 \'연결재무제표\'에 따라 연결재무제표를 작성하고 있습니다. (1) 종속기업 종속기업은 회사가 지배하고 있는 모든 기업(특수목적기업 포함)입니다. 회사가 피투자자에 대한 관여로 변동이익에 노출되거나 변동이익에 대한 권리가 있고, 피투자자에 대하여 자신의 힘으로 그러한 이익에 영향을 미칠 능력이 있는 경우, 해당 피투자자를 지배합니다. 종속기업은 회사가 지배하게 되는 시점부터 연결에 포함되며, 지배력을 상실하는 시점부터 연결에서 제외됩니다. \n연결실체의 사업결합은 취득법으로 회계처리 됩니다. 이전대가는 취득일의 공정가치로 측정하고, 사업결합으로 취득한 식별가능한 자산ㆍ부채 및 우발부채는 취득일의 공정가치로 최초 측정하고 있습니다. 연결실체는 청산 시 순자산의 비례적 몫을 제공하는 비지배지분을 사업결합 건별로 판단하여 피취득자의 순자산 중 비례적 지분 또는 공정가치로 측정합니다. 그 밖의 비지배지분은 다른 기준서의 요구사항이 없다면 공정가치로 측정합니다. 취득관련원가는 발생 시 당기비용으로 인식됩니다.  영업권은 이전대가, 피취득자에 대한 비지배지분의 금액과 취득자가 이전에 보유하고 있던 피취득자에 대한 지분의 취득일의 공정가치 합계액이 취득한 식별가능한 순자산을 초과하는 금액으로 인식됩니다. 이전대가 등이 취득한 종속기업 순자산의 공정가치보다 작다면, 그 차액은 당기손익으로 인식합니다.\n연결실체 내의 기업 간에 발생하는 거래로 인한 채권, 채무의 잔액, 수익과 비용 및 미실현이익 등은 제거됩니다. 또한 종속기업의 회계정책은 연결실체에서 채택한 회계정책을 일관성 있게 적용하기 위해 차이가 나는 경우 수정됩니다.\n연결실체가 지배력을 상실하는 경우 해당 기업에 대해 계속 보유하게 되는 지분은 동시점에 공정가치로 재측정되며, 관련 차액은 당기손익으로 인식됩니다. \n(2) 관계기업관계기업은 연결실체가 유의적 영향력을 보유하는 기업이며, 관계기업 투자지분은 최초에 취득원가로 인식하며 지분법을 적용합니다. 연결실체와 관계기업간의 거래에서 발생한 미실현이익은 연결실체의 관계기업에 대한 지분에 해당하는 부분만큼 제거 됩니다. 또한 관계기업투자에 대한 객관적인 손상의 징후가 있는 경우 연결실체는관계기업 투자의 회수가능액과 장부금액과의 차이는 손상차손으로 인식됩니다.\n (3) 내부거래제거연결실체 내의 거래, 이와 관련된 잔액, 수익과 비용, 미실현손익은 연결재무제표 작성 시 모두 제거하고 있습니다. 연결실체의 내부거래에서 발생한 미실현손실은 연결재무제표에서 인식해야 하는 자산 손상의 징후일 경우 당기손실로 인식하고 있습니다.\n2.4 영업부문영업부문은 최고영업의사결정자에게 보고되는 보고자료와 동일한 방식으로 보고되고 있습니다. 최고영업의사결정자는 영업부문에 배부될 자원과 영업부문의 성과를 평가하는 데 책임이 있으며, 전략적 의사결정을 수행하는 이사회를 최고의사결정자로 보고 있습니다.\n2.5 외화환산\n(1) 기능통화와 표시통화  연결실체는 연결회사 내 개별기업의 재무제표에 포함되는 항목들을 각각의 영업활동이 이루어지는 주된 경제환경에서의 통화(""기능통화"")를 적용하여 측정하고 있습니다.지배기업의 기능통화는 대한민국 원화이며, 연결재무제표는 대한민국 원화로 표시되어 있습니다.\r\n(2) 외화거래와 보고기간말의 환산 \n외화거래는 거래일의 환율 또는 재측정되는 항목인 경우 평가일의 환율을 적용한 기능통화로 인식하고 있습니다. 외화거래의 결제나 화폐성 외화 자산ㆍ부채의 환산에서 발생하는 외환차이는 당기손익으로 인식하고 있습니다. 다만, 요건을 충족하는 현금흐름위험회피에 대한 위험회피금액은 기타포괄손익으로 인식하고 있습니다.\n화폐성 자산과 부채로부터 발생하는 외환차이는 포괄손익계산서상 외환거래이익(손실)으로 표시됩니다.\n매도가능금융상품으로 분류하는 외화표시 화폐성 유가증권의 공정가치 변동은 상각후원가의 변동으로 인한 부분과 기타 유가증권의 장부금액 변동으로 구분하며, 상각후원가의 변동부분에서 발생한 외환차이는 당기손익으로, 기타 장부금액의 변동에서발생한 외환차이는 기타포괄손익으로 인식하고 있습니다.\n비화폐성 금융자산ㆍ부채로부터 발생하는 외환차이는 공정가치 변동손익의 일부로 보고하고 있습니다. 당기손익인식지분상품으로부터 발생하는 외환차이는 공정가치 변동손익의 일부로 보아 당기손익으로, 매도가능지분상품의 외환차이는 공정가치 변동에 대한 기타포괄손익에 포함하여 인식하고 있습니다.\n2.6 현금및현금성자산현금및현금성자산은 보유 중인 현금, 은행예금, 기타 취득일 현재 만기일이 3개월 이내에 도래하는 매우 유동적인 단기 투자자산을 포함하고 있습니다.\n2.7 금융상품\n2.7.1 분류\n연결실체는 금융상품을 그 취득목적과 성격에 따라 당기손익인식금융자산과 당기손익인식금융부채, 대출채권 및 수취채권, 매도가능금융자산, 만기보유금융자산 및 상각후원가로 측정하는 기타금융부채 등으로 분류하고 있습니다. 경영진은 최초 인식시점에서 이러한 금융상품의 분류를 결정하고 있습니다.\n(1) 당기손익인식금융자산과 당기손익인식금융부채\n당기손익인식금융자산과 당기손익인식금융부채는 단기매매목적의 금융상품입니다.주로 단기간 내에 매각하거나 재매입할 목적으로 취득하거나 부담할 목적으로 취득한 금융자산과 금융부채를 당기손익인식금융자산과 당기손익인식금융부채로 분류합니다. 또한, 위험회피회계의 대상이 아닌 파생상품이나 복합금융상품에서 분리된 내재파생상품도 당기손익인식금융자산 또는 당기손익인식금융부채로 분류합니다.한편, 단기매매목적 이외의 금융자산에 하나 또는 그 이상의 내재파생상품을 포함하고 있고 기업회계기준서 제1039호 \'금융상품 : 인식과 측정\'에 따라 당기손익인식금융자산 지정이 허용되는 복합계약인 경우, 당기손익인식금융자산으로 지정할 수 있습니다.\n(2) 대출채권 및 수취채권대출채권 및 수취채권은 지급금액이 확정되었거나 확정될 수 있으며 활성시장에서 거래되지 않는 비파생금융자산입니다.\n(3) 만기보유금융자산 만기보유금융자산은 만기가 고정되었고 지급금액이 확정되었거나 확정될 수 있는 비파생금융자산으로서, 연결실체가 만기까지 보유할 적극적인 의도와 능력이 있는 경우의 금융자산입니다. 만약 연결실체가 중요한 금액 이상의 만기보유금융자산을 매각하는 경우 전체 분류는 훼손되어 매도가능금융자산으로 분류변경됩니다.\n(4) 매도가능금융자산매도가능금융자산은 매도가능금융자산으로 지정하거나, 다른 범주에 포함되지 않은 비파생금융상품입니다.\n(5) 상각후원가로 측정하는 금융부채\n연결실체는 당기손익인식금융부채, 금융보증계약, 금융자산의 양도가 제거조건을 충족하지 못하는 경우에 발생하는 금융부채를 제외한 모든 비파생금융부채를 상각후원가로 측정하는 금융부채로 분류하고 있습니다. \n2.7.2 인식과 측정\n금융자산의 정형화된 매매거래는 매매일에 인식하고 있습니다. 당기손익인식금융자산을 제외한 모든 금융자산은 최초 인식시점의 공정가치에 거래원가를 가산하여 인식하고 있습니다. 당기손익인식금융자산의 경우에는 최초에 공정가치로 인식하고 거래원가는 연결포괄손익계산서에 당기 비용처리하고 있습니다. 연결실체는 금융자산으로부터 받을 현금흐름에 대한 권리가 소멸하거나 이전되고, 소유에 따른 위험과 보상의 대부분을 이전한 경우에 당해 금융자산을 제거하고 있습니다. 매도가능금융자산과 당기손익인식금융자산은 후속적으로 공정가치로 측정하고 있습니다. 대출채권 및 수취채권과 만기보유금융자산은 유효이자율법을 적용하여 상각후원가로 측정하고 있습니다.\n당기손익인식금융자산의 공정가치 변동에 따른 손익은 이자수익을 포함하고 있으며 발생기간에 연결포괄손익계산서상 당기손익인식금융자산관련손익으로 표시됩니다.당기손익인식금융자산의 배당수익은 연결실체가 배당금에 대한 권리가 확정되는 시점에 연결포괄손익계산서에 배당금수익의 일부로 인식하고 있습니다.\n매도가능금융자산을 처분하거나 손상차손을 인식하는 때, 자본에 인식된 누적 공정가치 조정 금액은 매도가능금융자산관련손익으로 연결포괄손익계산서에 표시하고 있습니다. 유효이자율법을 적용하여 계산한 매도가능금융자산 및 만기보유금융자산의 이자는 이자수익의 일부로 연결포괄손익계산서에 인식되며, 매도가능금융자산의 배당금은 연결실체의 배당금 수취 권리가 확정되는 시점에 배당금수익의 일부로 인식하고 있습니다.2.7.3 상계\n금융자산과 금융부채는 인식한 자산과 부채에 대해 법적으로 집행가능한 상계 권리를 현재 보유하고 있고 순액으로 결제하거나 자산을 실현하는 동시에 부채를 결제할 의도를 가지고 있는 경우 상계하고 연결재무상태표에 순액으로 표시됩니다.\n2.7.4 금융자산의 손상\n(1) 상각후원가로 측정하는 자산\n연결실체는 금융자산 또는 금융자산집합의 손상 발생에 대한 객관적인 증거가 있는지를 매 보고기간 말에 평가합니다. 금융자산 또는 금융자산의 집합은 최초인식 후 하나 이상의 사건(""손상사건"")이 발생한 결과 손상되었다는 객관적인 증거가 있으며 손상사건이 신뢰성 있게 추정할 수 있는 금융자산의 추정 미래현금흐름에 영향을 미친 경우에는 손상차손을 인식하고 있습니다.\n연결실체가 금융자산이 손상되었다는 객관적인 증거를 판단하는데 적용하는 기준은 다음을 포함합니다.\n- 금융자산의 발행자나 지급의무자의 유의적인 재무적 어려움\n- 이자지급이나 원금상환의 불이행이나 지연 등의 계약 위반\n- 차입자의 재무적 어려움에 관련된 경제적 또는 법률적 이유로 인한 당초 차입조건 \xa0 \xa0의 불가피한 완화\n- 차입자의 파산이나 기타 재무구조조정의 가능성이 높은 상태\n- 재무적 어려움으로 당해 금융자산에 대한 활성시장의 소멸\n- 금융자산의 집합에 포함된 개별 금융자산의 추정미래현금흐름의 감소를 식별할 수 \xa0 는 없지만, 최초 인식 후 당해 금융자산 집합의 추정미래현금흐름에 측정가능한 \xa0 \xa0 \xa0 감소가 있다는 것을 시사하는 관측가능한 자료\n손상차손은 당해 자산의 장부금액과 최초의 유효이자율로 할인한 추정미래현금흐름의 현재가치의 차이로 측정합니다(아직 발생하지 아니한 미래의 대손은 제외함). 손상차손은 당해 자산의 장부금액에서 차감하고 당기손익으로 인식합니다. 연결실체는관측가능한 시장가격을 사용한 금융상품의 공정가치에 근거하여 손상차손을 측정할 수 있습니다. 대출채권 및 기타수취채권의 손상차손은 대손충당금계정을 사용하여 차감하고, 동 금융자산이 회수불가능하다고 판단되는 경우 대손충당금에서 상각합니다.\n후속기간 중 손상차손의 금액이 감소하고 그 감소가 손상을 인식한 후에 발생한 사건과 객관적으로 관련된 경우(예: 채무자의 신용등급 향상)에는 이미 인식한 손상차손을 직접 환입하여 당기손익으로 인식하고 있습니다.\n(2) 매도가능금융자산\n연결실체는 금융자산 또는 금융자산의 집합의 손상 발생에 대한 객관적인 증거가 있는지를 매 보고기간 말에 평가합니다. 채무상품의 경우 상기 (1)에서 언급한 기준에 근거한 회계처리를 합니다. 매도가능금융자산으로 분류한 지분상품의 경우, 그 공정가치가 원가 이하로 유의적 또는 지속적으로 하락하는 경우는 손상이 발생하였다는 객관적인 증거가 됩니다. 매도가능금융자산에 대해 손상발생의 객관적인 증거가 있는 경우, 취득원가와 현재 공정가치의 차이를 기타포괄손익으로 인식한 누적손실 중 이전 기간에 이미 당기손익으로 인식한 손상차손을 제외한 부분을 자본에서 재분류조정하여 당기손익으로 인식합니다. 매도가능지분상품에 대하여 당기손익으로 인식한 손상차손은 향후 당기손익으로 환입하지 아니합니다. 매도가능채무상품의 공정가치가 증가하고 그 증가가 손상차손을 인식한 사건과 객관적으로 관련된 경우에는 환입하여 당기손익으로 인식합니다.\n2.7.5 제거 연결실체는 금융자산을 양도한 경우라도 채무자의 채무불이행시의 소구권 등으로 양도한 금융자산의 소유에 따른 위험과 보상의 대부분을 연결실체가 보유하는 경우에는 이를 제거하지 않고 그 양도자산 전체를 계속하여 인식하되, 수취한 대가를 금융부채로 인식하고 있습니다. 해당 금융부채는 재무상태표에 ""차입금""으로 분류됩니다.\r\n2.8 파생상품\n파생상품은 파생상품계약 체결시점에 공정가치로 최초 인식하며 이후 공정가치를 재측정하고 있습니다. 관련 손익의 인식방법은 파생상품이 위험회피수단으로 지정되었는지 여부 및 위험회피대상의 성격에 따라 달라집니다. 당기손익인식금융상품에 해당하는 파생상품 관련 손익은 ""파생상품평가 및 거래손익""으로 당기손익으로 인식하고 있습니다.연결실체는 특정 파생상품을 아래와 같이 지정하고 있습니다.\n(1) 공정가치 위험회피: 인식된 자산, 부채 또는 확정계약의 공정가치에 대한 위험회피(2) 현금흐름 위험회피: 인식된 자산, 부채 또는 발생가능성이 매우 높은 예상거래와연관된 특정 위험에 대한 위험회피 \n연결실체는 거래 개시시점에 위험회피수단과 위험회피대상의 관계, 위험관리목적 및다양한 위험회피거래전략에 대하여 문서화하고 있으며, 또한 위험회피거래에 사용된파생상품이 위험회피대상의 공정가치 또는 현금흐름의 변동을 상쇄시키는데 매우 효과적인지를 위험회피 개시시점과 이후 지속적으로 평가하여 문서화하고 있습니다.위험회피목적으로 사용하는 다양한 파생상품의 공정가치는 주석11에서 공시하고 있으며, 기타포괄손익에 인식한 위험회피평가손익의 변동은 주석11에서 표시하고 있습니다.\n(1) 공정가치 위험회피 공정가치 위험회피로 지정되었고 적용요건을 충족하는 파생상품의 공정가치 변동은 회피대상위험으로 인한 위험회피대상자산(부채)의 공정가치 변동과 함께 당기손익으로 인식하고 있습니다. 위험회피회계의 적용요건을 더 이상 충족하지 못한다면 위험회피대상의 장부금액 조정분을 유효이자율법을 사용하여 만기까지 상각하여 손익으로 인식하고 있습니다.\r\n(2) 현금흐름 위험회피 현금흐름 위험회피로 지정되어 적용요건을 충족하는 파생상품의 공정가치 변동 중 효과적인 부분은 기타포괄손익으로 인식하고, 비효과적인 부분은 당기손익으로 즉시포괄손익계산서에 인식하고 있습니다.자본에 누적된 금액은 위험회피대상이 손익에 영향을 미치는 기간(예를 들어, 위험회피대상인 예상수익이 발생한 시점)에 포괄손익계산서에 인식하고 있습니다. 한편, 위험회피대상인 예상거래에 따라 비금융자산을 인식하게 되는 경우 이전 기간에 자본으로 이연한 손익은 자본에서 제거하고 관련 자산의 최초 원가에 포함하고 있습니다. 위험회피수단이 소멸하거나 매각된 경우 또는 위험회피회계의 적용요건을 더 이상 충족하지 못하는 경우, 자본으로 인식한 누적평가손익은 자본에 인식하였다가 예상거래가 포괄손익계산서에 인식될 때 당기손익으로 인식하고 있습니다. 예상거래가 더 이상 발생하지 않을 것으로 기대되는 경우에는 자본으로 인식한 누적손익을 즉시 당기손익으로 인식하고 있습니다.\n2.9 유형자산유형자산은 원가로 측정하고 있으며 최초 인식 후에 취득원가에서 감가상각누계액과손상차손누계액을 차감한 금액을 장부금액으로 표시하고 있습니다.\r\n유형자산의 원가는 당해 자산의 매입 또는 건설과 직접적으로 관련되어 발생한 지출로서 경영진이 의도하는 방식으로 자산을 가동하는데 필요한 장소와 상태에 이르게 하는 데 직접 관련되는 원가와 자산을 해체, 제거하거나 부지를 복구하는 데 소요될 것으로 최초에 추정되는 원가를 포함하고 있습니다.\n후속원가는 자산으로부터 발생하는 미래경제적효익이 유입될 가능성이 높으며, 그 원가를 신뢰성 있게 측정할 수 있는 경우에 한하여 자산의 장부금액에 포함하거나 적절한 경우 별도의 자산으로 인식하고 있으며, 대체된 부분의 장부금액은 제거하고 있습니다. 한편 일상적인 수선ㆍ유지와 관련하여 발생하는 원가는 발생시점에 당기손익으로 인식하고 있습니다.유형자산 중 토지는 감가상각을 하지 않으며, 이를 제외한 유형자산은 아래에 제시된개별 자산별로 추정된 경제적 내용연수 동안 정액법으로 감가상각하고 있습니다. 기타의 유형자산은 서화 등으로 구성되어 있으며 연결실체는 이에 대하여 감가상각비를 계상하지 않고 있습니다.\n구 \xa0 분\n내용연수\n 건물\n20년 ~ 60년\n 구축물\n40년\n 차량운반구 및 공기구비품\n4년 ~ 8년\n 기타의 유형자산\n5년\n유형자산을 구성하는 일부의 원가가 당해 유형자산의 전체원가에 비교하여 중요하다면, 해당 유형자산을 감가상각할 때 그 부분은 별도로 구분하여 감가상각하고 있습니다. 유형자산의 감가상각방법, 잔존가치 및 내용연수는 매 보고기간 말에 재검토하고있으며, 이를 변경하는 것이 적절하다고 판단되는 경우 회계추정의 변경으로 회계처리하고 있습니다.유형자산을 처분하거나 사용이나 처분을 통한 미래 경제적 효익이 기대되지 않을 경우 해당 유형자산의 장부금액을 재무상태표에서 제거하고 있습니다. 유형자산의 제거로 인하여 발생하는 손익은 순매각금액과 장부금액의 차이로 결정하고 있으며, 해당 유형자산이 제거되는 시점에 당기손익으로 인식하고 있습니다.\n2.10 투자부동산임대수익이나 시세차익을 얻기 위하여 보유하고 있는 부동산은 투자부동산으로 분류하고 있습니다. 투자부동산은 취득시 발생한 거래원가를 포함하여 최초 인식시점에 원가로 측정하며, 최초 인식 후에 취득원가에서 감가상각누계액과 손상차손누계액을차감한 금액을 장부금액으로 표시하고 있습니다.후속원가는 자산으로부터 발생하는 미래경제적효익이 유입될 가능성이 높으며, 그 원가를 신뢰성 있게 측정할 수 있는 경우에 한하여 자산의 장부금액에 포함하거나 적절한 경우 별도의 자산으로 인식하고 있으며, 후속지출에 의해 대체된 부분의 장부금액은 제거하고 있습니다. 한편 일상적인 수선ㆍ유지와 관련하여 발생하는 원가는 발생시점에 당기손익으로 인식하고 있습니다.투자부동산 중 토지에 대해서는 감가상각을 하지 않으며, 투자부동산 중 건물은 경제적 내용연수에 따라 20 ~ 60년을 적용하여 정액법으로 상각하고 있습니다. 투자부동산의 감가상각방법, 잔존가치 및 내용연수는 매 보고기간 말에 재검토하고 있으며, 이를 변경하는 것이 적절하다고 판단되는 경우 회계추정의 변경으로 회계처리하고 있습니다.투자부동산을 처분하거나, 투자부동산의 사용을 영구히 중지하고 처분으로도 더 이상의 미래경제적효익을 기대할 수 없는 경우에 해당 투자부동산의 장부금액을 재무상태표에서 제거하고 있습니다. 투자부동산의 제거로 인하여 발생하는 손익은 순매각금액과 장부금액의 차이로 결정하고 있으며, 해당 투자부동산이 제거되는 시점의 당기손익으로 인식하고 있습니다.\n2.11 무형자산(1) 개별 취득하는 무형자산내용연수가 유한한 개별 취득하는 무형자산은 취득원가에서 상각누계액과 손상차손누계액을 차감한 금액으로 인식하며, 추정내용연수에 걸쳐 정액법으로 상각비를 계상하고 있습니다. 무형자산의 내용연수 및 상각방법은 매 보고기간종료일에 재검토하고 있으며, 이를 변경하는 것이 적절하다고 판단되는 경우 회계추정의 변경으로 회계처리하고 있습니다. 내용연수가 비한정인 개별 취득하는 무형자산은 취득원가에서손상차손누계액을 차감한 금액으로 인식합니다.(2) 사업결합으로 취득한 무형자산사업결합으로 취득하고 영업권과 분리하여 인식한 무형자산의 취득원가는 취득일의 공정가치로 측정하고, 최초 인식 후에는 취득원가에서 상각누계액과 손상차손누계액을 차감한 금액으로 표시하고 있습니다.(3) 무형자산의 제거무형자산을 처분하거나 사용이나 처분을 통한 미래 경제적 효익이 기대되지 않을 때 해당 무형자산의 장부금액을 재무상태표에서 제거하고 있습니다. 무형자산의 제거로인하여 발생하는 손익은 순매각금액과 장부금액의 차이로 결정하고 있으며, 해당 무형자산이 제거되는 시점에 당기손익으로 인식하고 있습니다.2.12 영업권\n종속기업 및 사업의 취득으로 인한 영업권은 무형자산에 포함되어 있습니다. 영업권은 매년 손상검사를 하고 원가에서 손상차손누계액을 차감한 가액으로 표시하고 있습니다. 영업권에 대한 손상차손은 환입하지 않습니다. 기업의 처분으로 인한 처분손익 계산에는 매각되는 기업의 영업권 장부금액이 포함됩니다.\n영업권은 손상검사 목적으로 현금창출단위 또는 현금창출단위집단에 배분하고 있으며, 그 배분은 영업권이 발생한 사업결합으로 혜택을 받게 될 것으로 기대되는 식별된 현금창출단위나 현금창출단위집단에 대하여 이루어지며, 이는 영업부문에 따라 결정됩니다. \n영업권의 손상검사는 매년 또는 잠재적 손상을 나타내는 상황의 변화나 사건이 존재하는 경우에는 더 자주 실시됩니다. \xa0영업권의 손상검사는 영업권이 배분된 현금창출단위 또는 현금창출단위집단의 장부금액을 회수가능액(사용가치 또는 순공정가치 중높은 금액)과 비교하여 실시하고 있습니다. 손상차손은 즉시 비용으로 인식되며, 후속적으로 환입되지 않습니다.\r\n2.13 취득한 사업의 현재가치(VOBA ; Value Of Business Acquired)연결실체는 보험회사와의 사업결합 시, 취득한 보험부채의 공정가액과 피인수회사의회계정책에 근거한 장부금액의 차이를 \'취득한 사업의 가치 (Value Of Business Acquired)\'인 무형자산으로 계상하고 있습니다. 취득한 사업의 가치는 취득일 시점에 존재하는 장기보험계약의 미래현금흐름에 내재된 이익의 현재가치로 측정되며, 취득일시점의 제반 계리적 가정치와 경제적 가정치를 적용하여 현금흐름을 평가 하였습니다. 이 무형자산은 보험계약기간이라는 유한의 내용연수를 가지므로 동 기간동안 자산이 갖는 기대 미래경제적효익의 예상되는 소비형태를 반영하여 \xa0체계적인 방법으로 상각하게 됩니다.\n2.14 비금융자산의 손상\n이연법인세자산, 종업원급여에서 발생한 자산 및 매각예정으로 분류되는 비유동자산을 제외한 회사의 비금융자산에 대해서는 매 보고기간 말마다 자산손상을 시사하는 징후가 있는지를 검토하며, 만약 그러한 징후가 있다면 당해 자산의 회수가능액을 추정하고 있습니다. 단, 사업결합으로 취득한 영업권 및 내용연수가 비한정인 무형자산,아직 사용할 수 없는 무형자산에 대해서는 자산손상을 징후와 관계없이 매년 회수가능액과 장부금액을 비교하여 손상검사를 하고 있습니다. 손상차손은 회수가능액을 초과하는 장부금액만큼 인식하고 있습니다. 회수가능액은 순공정가치와 사용가치 중큰 금액으로 결정하고 있습니다. 손상을 측정하기 위한 목적으로 자산은 별도로 식별가능한 현금흐름을 창출하는 가장 하위 수준의 집단(현금창출단위)으로 분류하고 있습니다. 손상차손을 인식한 영업권 이외의 비금융자산은 매 보고기간 말에 손상차손의 환입가능성을 검토하고 있습니다.\n2.15 신계약비연결실체는 개인연금보험계약과 2004년 4월 1일 이후에 계약이 체결된 장기보험계약으로 인하여 발생한 신계약비(예정신계약비를 초과하는 금액은 제외. 단, 2010년 4월 1일 이후 체결된 계약은 표준해약공제액을 초과하는 금액을 제외)는 당해 계약의 보험료 납입기간(또는 신계약비 부가기간)에 걸쳐 균등하게 상각하여 비용으로 처리하고 있습니다. 다만, 계약의 보험료 납입기간(또는 신계약비 부가기간)이 7년을 초과하는 경우 7년으로 하며 해약일(해약일 이전에 계약이 실효된 경우에는 실효일로 함)에 미상각잔액이 있는 경우에는 해약일이 속하는 회계연도에 전액 상각하고 있습니다. 한편, 2013년 4월 1일 이후 체결된 계약은 기납입 보험료와 표준해약공제액의 50%(실손의료보험 및 저축성보험은 70~100%, 17년까지 계약년도, 상품, 채널별로 단계별 적용) 중 큰 금액을 한도로 이연하고 있으며 표준해약공제액의 100%를 초과할 수 없습니다.\n2.16 보험계약과 투자계약의 분류연결실체는 계약당사자 일방(보험자)이 특정한 미래의 불확실한 사건(보험사건)으로 계약상대방(보험계약자)에게 불리한 영향이 발생한 경우에 보험계약자에게 보상하기로 약정함으로써 보험계약자로부터 유의적 보험위험을 인수하는 계약을 보험계약으로 분류하고 있으며, 계약분류에 의해 보험계약으로 분류되면 계약에 대한 권리와 의무가 소멸할 때까지 보험계약으로 분류하고 있습니다. 양적기준 유의성에 의하여 계약 분류 후 보험계약 및 임의배당 요소가 있는 투자계약은 기업회계기준서 제1104호\'보험계약\'이 적용되며, 임의배당 요소가 없는 투자계약은 기업회계기준서 제1039호\'금융상품: 인식과 측정\'이 적용됩니다.\n2.17 보험계약부채\n연결실체는 보험계약에 대해 장래에 지급할 보험금, 환급금, 계약자배당금 및 이에 관련되는 비용에 충당하기 위하여 보험계약부채를 적립하고 있으며, 그 주요 내용은 다음과 같습니다.\n(1) 보험료적립금보고기간말 이전에 체결된 장기 및 개인연금보험계약으로 인하여 보고기간말 이후에지급하여야 할 보험금의 현재가치에서 보고기간말 이후에 회수될 순보험료의 현재가치를 차감한 금액을 적립하고 있습니다.\n(2) 지급준비금보고기간말 현재 보험금의 지급사유가 발생하였으나 보험금액이 확정되지 않은 계약에 대하여 지급될 것으로 추정되는 금액을 적립하고 있으며, 소송이나 중재 및 손해조사 등 보험사고 해결 과정에서 발생하는 추가적인 비용 등을 가산하고 기대되는 구상이익을 차감하여 적립하고 있습니다.\n(3) 미경과보험료적립금보고기간말 이전에 회수기일이 도래한 보험료 중 차기 이후에 속하는 보험료 해당액을 적립하고 있습니다.\n(4) 보증준비금보험업감독규정 등이 정하는 바에 따라 보험금 등을 일정 수준 이상으로 보증하기 위해 장래 예상되는 손실액 등을 고려하여 보험업감독업무시행세칙에서 정한 ""보증준비금 산출기준""에 의하여 계산한 금액을 보증준비금으로 적립하고 있습니다. \n(5) 계약자배당준비금법령이나 약관 등에 의하여 이자율차배당, 사업비차배당 및 위험율차배당 등의 계약자배당에 충당하기 위한 금액을 적립하고 있습니다.\n(6) 계약자이익배당준비금장래에 계약자배당에 충당하기 위해 계약자배당준비금 외에 보험계약부채를 추가적으로 적립하기 위하여 법령이나 약관 등에 의하여 영업성과에 따라 총액으로 적립하고 있습니다.\n(7) 배당보험손실보전준비금배당보험이익 계약자지분 중 100분의 30 이내에서 적립할 수 있는 것으로서, 5년 이내에 배당보험 결손을 보전해 주거나, 주주가 배당보험의 손실을 선보전한 금액이 있는 경우 주주가 보전한 금액을 한도로 주주지분에 전입하고, 잔여액은 개별계약자에게 계약자배당재원으로 사용합니다. 2.18 보험계약부채 적정성 평가연결실체는 매 보고기간말에 모든 보험계약의 미래현금흐름(내재된 옵션과 보증에서발생하는 현금흐름 및 보험금 처리원가와 관련된 현금흐름 포함)에 대한 현행 추정치를 이용하여 인식한 보험계약부채가 적정한지 평가하고 있습니다. 평가결과 보험계약부채의 장부금액이 추정 미래현금흐름의 관점에서 부적정한 경우 부족액을 전액 당기손익으로 인식하고 있습니다.연결실체는 보험업감독업무시행세칙 개정에 따라 할인율 산출구조와 현행추정치조정방식 등의 변경사항을 포함한 \xa0보험계약부채 적정성 평가 기준을 변경하였고, 이러한 평가기준의 변경이 미래현금흐름의 현행추정치에 대하여 더 신뢰성 있고 목적적합한 정보를 제공한다고 보아 회계정책의 변경으로 적용하였습니다. \n이러한 정책의 변경으로 인해 전기말 및 전기초 연결재무상태표와 전기의 연결포괄손익에 미치는 영향은 없으나, 전기말 및 전기초의 주석상 보험계약부채 잉여금액은 각각 3,873,742백만원, 3,252,353백만원 감소하였습니다. 상기 회계정책 변경으로 인해 비교 표시된 전기말 및 전기초의 주석은 재작성 되었습니다(주석 17참조).\n2.19 손해조사비손해조사비는 보험사고건의 처리 및 지급과 관련한 비용으로 보험금 지급에 수반되는 비용입니다. 한편, 연결실체는 매 보고기간말 현재 보험금 등의 지급사유가 발생한 계약에 대하여 향후 손해사정에 소요될 것으로 예상되는 금액을 장래손해조사비 \xa0(지급준비금에 포함)로 적립하고 있습니다.2.20 구상채권연결실체는 보고기간말 현재 과거 보험사고 발생으로 지급된 보험금 중 보험사고의 해결과정에서 취득한 담보자산의 매각 또는 구상권 등 그 밖의 권리의 행사로 인한 회수가능채권을 구상채권으로 계상하고 있습니다. 동 구상채권은 과거 3년 동안의 실제 구상률에 의한 회수율을 기초로 산출한 경험률을 적용하여 추산되어집니다.\n2.21 재보험계약\n연결실체는 기업회계기준서 제1104호 \'보험계약\'에 따라 재보험계약 상 재보험계약자의 순 계약상 권리로 다음을 상계하지 아니합니다. \n① 재보험자산과 관련 보험계약부채\n② 재보험계약에서 발생한 수익 또는 비용과 관련 보험계약에서 발생한 비용 또는 \xa0수익\n또한, 재보험자산은 손상여부를 고려하여, 재보험계약자의 재보험자산이 손상되면 당해 자산의 장부금액을 감소시키고, 손상차손을 당기손익으로 인식합니다.\n2.22 계약자지분조정연결실체는 매도가능금융자산평가손익, 관계ㆍ종속기업기타포괄손익 등을 감독기관에서 정한 방법에 따라 계약자지분과 주주지분으로 구분하고, 계약자지분에 해당하는 금액을 계약자지분조정으로 계상합니다.2.23 특별계정자산ㆍ부채연결실체는 보험업법 및 보험업감독규정이 정하는 바에 따라 퇴직보험계약, 퇴직연금계약, 변액보험계약 등에 대하여 그 준비금에 상당하는 재산의 전부 또는 일부를 일반계정과 구별하고 있으며 관련 금액을 특별계정자산 및 특별계정부채로 계상하고있습니다.특별계정자산은 개별 특별계정별로 평가하며, 동 규정을 적용함에 있어 변액보험계약과 퇴직연금계약(실적배당형)에 대해서 설정된 유가증권의 경우 보험업법 및 자본시장과 금융투자업에 관한 법률(구, 간접투자자산운용업법)에 의한 방법으로 계상하고 이외의 자산은 일반계정의 방법을 준용하고 있습니다. 또한, 계약자적립금은 기획재정부장관 및 금융위원회위원장이 인가한 보험료 및 책임준비금 산출방법서에 따라산출되었습니다.실적배당형 특별계정(변액종신보험계약, 변액연금보험계약 등)의 수익과 비용은 일반계정 포괄손익계산서에 표시하지 않으며, 원리금보장형 특별계정(퇴직보험계약 및퇴직연금계약)의 수익과 비용은 특별계정수익과 특별계정비용으로 하여 총액으로 일반계정 포괄손익계산서에 계상하고 있습니다.\n2.24 충당부채 및 우발부채충당부채는 의무를 이행하기 위하여 예상되는 지출액의 현재가치로 측정되며, 시간경과로 인한 충당부채의 증가는 이자비용으로 인식됩니다.한편, 과거사건은 발생하였으나 불확실한 미래사건의 발생 여부에 의해서 존재 여부가 확인되는 잠재적인 의무 또는 과거사건이나 거래의 결과로 발생한 현재의무이지만 자원이 유출될 가능성이 높지 않거나 당해 의무를 이행하여야 할 금액을 신뢰성 있게 추정할 수 없는 경우 우발부채로 주석으로 기재하고 있습니다.\n2.25 당기법인세 및 이연법인세법인세비용은 당기법인세와 이연법인세로 구성됩니다. 법인세는 기타포괄손익이나 자본에 직접 인식된 항목과 관련된 금액을 제외하고는 당기손익으로 인식합니다. 기타포괄손익이나 자본의 특정 항목과 관련된 경우에는 해당 법인세를 각각 기타포괄손익이나 자본에서 직접 부가하거나 차감하여 인식합니다.\r\n이연법인세는 자산과 부채의 장부금액과 세무기준액의 차이로 정의되는 일시적차이에 대하여 장부금액을 회수하거나 결제할 때의 예상 법인세효과로 인식하고 있습니다. 다만, 사업결합 이외의 거래에서 자산, 부채를 최초로 인식할 때 발생하는 이연법인세자산과 부채는 그 거래가 회계이익이나 과세소득에 영향을 미치지 않는다면 인식하지 아니하고 있습니다. 이연법인세는 관련 이연법인세자산이 실현되고 이연법인세부채가 결제될 때 적용될 것으로 예상되는 보고기간말에 제정되었거나 실질적으로제정될 세율과 세법을 적용하여 결정하고 있습니다.\n이연법인세자산은 차감할 일시적차이가 사용될 수 있는 미래 과세소득의 발생가능성이 높은 경우에 인식하고 있습니다.\n종속기업 및 관계기업에 대한 투자자산과 관련된 가산할 일시적차이에 대하여 회사가 소멸시점을 통제할 수 있고 예측가능한 미래에 일시적차이가 소멸하지 않을 가능성이 높은 경우를 제외하고 이연법인세부채를 인식하고 있습니다. 또한 이들 자산으로부터 발생하는 차감할 일시적차이에 대하여 일시적차이가 예측가능한 미래에 소멸할 가능성이 높고 일시적차이가 사용될 수 있는 과세소득이 발생할 가능성이 높은 경우에만 이연법인세자산을 인식하고 있습니다.\n이연법인세자산과 부채는 당기법인세자산과 당기법인세부채를 상계할 수 있는 법적으로 집행가능한 권리를 가지고 있고, 이연법인세자산과 부채가 동일한 과세당국에 의해서 동일한 또는 다른 과세대상 기업에 부과되는 법인세와 관련이 있으면서 순액으로 결제할 의도가 있는 경우에 상계합니다.\n2.26 종업원급여\n(1) 퇴직급여\n연결실체는 다양한 형태의 퇴직연금제도를 운영하고 있으며, 일반적으로 주기적인 보험수리적 계산에 의해 산정된 금액을 보험회사나 수탁자가 관리하는 기금에 대한 지급을 통해 조달하고 있습니다. 연결실체는 확정기여제도와 확정급여제도를 모두 운영하고 있습니다.확정기여제도는 연결실체가 고정된 금액의 기여금을 별도 기금에 지급하는 퇴직연금제도입니다. 해당 기금이 현재나 과거 기간의 종업원 용역과 관련하여 지급하여야 할급여 전액을 지급하기에 충분한 자산을 보유하지 못하는 경우에도 연결실체는 추가적인 기여금을 납부할 법적 의무나 의제의무를 부담하지 않습니다. 확정기여제도와 관련하여 연결실체는 상장되거나 비상장으로 관리되고 있는 연금보험제도에 의무적으로나 계약에 의해 또는 자발적으로 기여금을 지급하고 있습니다. 기여금이 지급된 이후에 연결실체는 더 이상의 미래 의무를 부담하지 않습니다. 기여금은 그 지급기일에 종업원급여비용으로 인식됩니다. 선급 기여금은 초과 기여금으로 인해 미래 지급액이 감소하거나 현금이 환급되는 만큼을 자산으로 인식하고 있습니다. \n확정급여제도는 확정기여제도를 제외한 모든 퇴직연금제도입니다. 일반적으로 확정급여제도는 연령, 근속연수나 급여수준 등의 요소에 의해 종업원이 퇴직할 때 지급받을 퇴직연금급여의 금액을 확정하고 있습니다. 확정급여제도와 관련하여 재무상태표에 계상된 부채는 보고기간말 현재 확정급여채무의 현재가치에 사외적립자산의 공정가치를 차감하고 미인식과거근무원가를 조정한 금액입니다. 확정급여채무는 매년 독립된 보험계리인에 의해 예측단위적립방식에 따라 산정됩니다. 확정급여채무의 현재가치는 그 지급시점과 만기가 유사한 우량 회사채의 이자율로 기대미래현금흐름을 할인하여 산정됩니다. 한편, 순확정급여부채와 관련한 재측정요소는 기타포괄손익으로 인식됩니다.\n제도 개정, 축소 또는 정산이 발생한 경우에는 과거근무원가 또는 정산으로 인한 손익은 당기손익으로 인식됩니다.\n(2) 장기종업원급여\r\n연결실체는 장기 근속 임직원에게 장기종업원급여를 제공하고 있습니다. 이 급여를 받을 수 있는 권리는 주로 10년 이상의 장기간 근무한 임직원에게만 주어집니다. 이러한 급여의 예상원가는 확정급여연금제도에서 사용된 것과 동일한 회계처리방법을 사용하여 근무기간 동안 인식됩니다. 보험수리적 가정의 변경 및 보험수리적 가정과 실제로 발생한 결과의 차이로 인해 발생하는 재측정요소는 발생한 기간에 당기손익으로 인식하고 있습니다. 또한, 이러한 채무는 매년 독립적이고 적격한 보험계리사에의해 평가됩니다.\n2.27 자본금\n보통주는 모두 자본으로 분류하고 있습니다.\n지배기업이 지배기업의 보통주를 취득하는 경우, 직접거래원가를 포함하는 지급 대가는 그 보통주가 소각되거나 재발행 될 때까지 회사의 자본에서 차감하여 표시하고 있습니다. 이러한 자기주식이 재발행되는 경우, 수취한 대가는 연결실체의 주주에게 귀속되는 자본에 포함하고 있습니다.\n2.28 수익인식\n(1) 보험료수익\n연결실체는 보험계약에 따른 납입방법별로 보험료 회수기일이 도래되어 납입된 보험료를 수익으로 인식하며, 보고기간말 현재 납입은 되었으나 회수기일이 차기 보고기간 이후인 보험료는 선수보험료로 계상하고 있습니다.\n(2) 이자수익\n이자수익은 시간의 경과에 따라 유효이자율법에 의하여 인식하고 있습니다. 유효이자율법은 금융자산이나 금융부채의 상각후원가를 계산하고 관련 기간에 걸쳐 이자수익이나 이자비용을 배분하는 방법입니다. \n유효이자율은 금융상품의 기대존속기간이나 적절하다면 더 짧은 기간에 예상되는 미래 현금 유출과 유입의 현재가치를 금융자산 또는 금융부채의 순장부금액과 정확히 일치시키는 이자율입니다. 유효이자율을 계산할 때 당해 금융상품의 모든 계약조건을 고려하여 미래현금흐름을 추정하고, 미래 신용위험에 따른 손실은 고려하지 않습니다. 또한, 계약당사자 사이에서 지급하거나 수취하는 수수료, 거래원가 및 기타의 할증액과 할인액 등을 반영합니다. 금융상품에 대한 현금흐름 또는 기대존속기간을 신뢰성 있게 추정할 수 없는 예외적인 경우에는 전체 계약기간 동안의 계약상 현금흐름을 사용하여 유효이자율을 산출합니다.\n 금융자산이나 유사한 금융자산의 집합이 손상차손으로 감액되면, 그 후의 이자수익은 최초 유효이자율에 의하여 인식하고 있습니다.(3) 배당수익배당수익은 배당금을 받을 권리가 확정되는 시점에 인식됩니다.\n2.29 대손준비금연결실체는 보험업감독규정에 근거하여 기업회계기준서 제1039호 \'금융상품 : 인식과 측정\'에 의한 대손충당금이 보험업감독규정의 자산건전성분류에 의한 대손충당금에 미달하는 금액을 이익잉여금 내 대손준비금으로 적립하고 있습니다. 동 대손준비금은 기존 대손준비금이 보고기간말 현재 적립하여야 하는 대손준비금을 초과하는 경우에 그 초과금액을 환입처리할 수 있고, 미처리결손금이 있는 경우에는 미처리결손금이 처리된 때부터 대손준비금을 적립하고 있습니다.2.30 비상위험준비금연결실체는 예측불가능한 위험으로 인한 거대손실을 보전하기 위하여 보험종목별 보유보험료에 적립기준율을 곱하여 산출된 금액의 100 분의 35 이상 내지 100 분의 100이하 금액을 당기 경과보험료의 50%(자동차보험 40%, 보증보험 150%)를 한도로 하여 이익잉여금 내 비상위험준비금으로 적립하고 있습니다.또한, 적립된 비상위험준비금을 보험종목별로 경과위험손해율이 일정비율(화재보험:120%, 해상보험ㆍ자동차보험ㆍ특종보험: 110%, 보증보험: 140%)을 초과하는 경우그 초과금액 이내에서 환입할 수 있습니다. 단, 수재 및 해외원보험은 경과손해율이 80%를 초과한 경우 그 초과금액 이내에서 적립된 비상위험준비금을 환입할 수 있습니다.\r\n2.31 재무제표 승인연결실체의 재무제표는 2019년 2월 28일자로 이사회에서 승인되었으며, 정기주주총회에서 수정승인 될 수 있습니다.\n3. 중요한 회계추정 및 가정연결실체는 미래에 대하여 추정 및 가정을 하고 있습니다. 추정 및 가정은 지속적으로 평가되며, 과거 경험과 현재의 상황에서 합리적으로 예측가능한 미래의 사건을 고려하여 이루어집니다. 이러한 회계추정은 실제 결과와 다를 수도 있습니다. 다음 보고기간에 자산 및 부채 장부금액에 조정을 미칠 수 있는 유의적 위험에 대한 추정 및 가정은 다음과 같습니다.\n(1) 확정급여형 퇴직급여제도연결실체는 확정급여형 퇴직급여제도를 운영하고 있습니다. 확정급여채무는 매 보고기간말에 보험수리적 평가를 수행하여 계산되며, 이러한 보험수리적 평가방법을 적용하기 위해서는 할인율, 기대임금상승률, 사망률 등에 대한 가정을 추정하는 것이 필요합니다. 퇴직급여제도는 장기간이라는 성격으로 인하여 이러한 추정에 중요한 불확실성을 포함하고 있습니다. \r\n(2) 금융상품의 공정가치 평가주석 4에 기술된 바와 같이, 연결실체는 특정 유형의 금융상품의 공정가치를 추정하기 위해 관측가능한 시장자료에 기초하지 않은 투입변수를 포함하는 평가기법을 사용하였습니다. 경영진은 금융상품의 공정가치 결정에 사용된 평가기법과 가정들이 적절하다고 믿고 있습니다.\n(3) 대손충당금 평가연결실체는 대출채권과 수취채권의 대손충당금의 평가 과정에서 개별평가 대손충당금 평가를 위한 기대현금흐름과 집합평가 대손충당금 평가를 위한 가정 및 변수의 추정에 불확실성을 포함하고 있습니다.\n(4) 법인세연결실체는 보고기간말 현재까지의 영업활동의 결과로 미래에 부담할 것으로 예상되는 법인세효과를 최선의 추정과정을 거쳐 당기법인세 및 이연법인세로 인식하였습니다. 하지만 실제 미래 최종 법인세부담은 인식한 관련 자산ㆍ부채와 일치하지 않을 수 있으며, 이러한 차이는 최종 세효과가 확정된 시점의 당기법인세 및 이연법인세 자산ㆍ부채에 영향을 줄 수 있습니다.\n4. 금융상품 공정가치\n(1) 공정가치 서열체계\n공정가치로 측정되거나 공정가치가 공시되는 금융상품을 공정가치 서열체계에 따라 구분하며 정의된 수준은 다음과 같습니다.\n구 \xa0 분\n투입변수의 유의성\n수준 1\n 동일한 자산이나 부채에 대한 활성시장의 공시가격\n수준 2\n 직접적으로 또는 간접적으로 관측가능한, 자산이나 부채에 대한 투입변수 \xa0단, 수준 1에 포함된 공시가격은 제외함.\n수준 3\n 관측가능한 시장자료에 기초하지 않은, 자산이나 부채에 대한 투입변수\n활성시장에서 거래되는 자산 및 부채의 공정가치는 보고기간말 현재 고시되는 시장가격에 기초하여 산정됩니다. 거래소, 판매자, 중개인, 산업집단, 평가기관 또는 감독기관을 통해 공시가격이 용이하게 그리고 정기적으로 이용가능하고, 그러한 가격이 독립된 당사자 사이에서 정기적으로 발생한 실제 시장거래를 나타낸다면, 이를 활성시장으로 간주하며, 이러한 자산 및 부채들은 수준 1에 포함됩니다. 활성시장에서 거래되지 아니하는 자산 및 부채의 공정가치는 평가기법을 사용하여 결정하고 있습니다. 이러한 평가기법은 가능한 한 관측가능한 시장정보를 최대한 사용하고 기업특유정보를 최소한으로 사용합니다. 이 때, 해당 자산 및 부채의 공정가치측정에 요구되는 모든 유의적인 투입변수가 관측가능하다면 해당 자산 및 부채는 수준 2에 포함됩니다.\n만약 하나 이상의 유의적인 투입변수가 관측가능한 시장정보에 기초한 것이 아니라면 해당 자산 및 부채는 수준 3에 포함됩니다. \n활성시장에서 거래되지 않는 금융상품의 공정가치는 평가기법을 사용하여 결정하고 있습니다. 연결실체는 보고기간말 현재 주요한 시장상황에 기초하여, 다양한 평가기법의 선택 및 가정에 대한 판단을 하고 있습니다.\n금융상품의 공정가치를 측정하는 데에 사용되는 평가기법은 다음과 같습니다.\n구 \xa0 분\n공정가치 측정방법\n유가증권\n상장주식 등 활성시장에서 거래되는 유가증권의 경우 공시되는 가격을 사용하고 있으며, 공시가격이 없는 경우 외부전문평가기관에 의해 산출된 공정가치를 사용하고 있습니다. 외부전문평가기관은 DCF모형(Discounted Cash Flow Model), IMV모형(Imputed Market Value Model), FCFE(Free Cash Flow to Equity Model), 배당할인모형, 위험조정할인율법, 순자산가치법 중평가대상의 특성을 고려하여 적합하다고 판단된 1개 이상의 평가방법을 사용하여 공정가치를 산정하고 있습니다.\n대출채권\n대출채권의 경우 DCF모형을 사용하여 공정가치를 산출하고 있습니다. DCF모형 적용시 계약조건에 따라 산출한 계약현금흐름에 중도상환위험을 반영한 조기상환율을 적용하여 기대현금흐름을 적용한 후 각 구간에 대응하는 적절한 할인율로 할인하여 공정가치를 산출합니다. 대출채권 중 결산일기준 잔존 만기가 3개월 이하이거나, 변동금리상품 중 금리변경주기가 3개월 이하인 상품은 장부금액을 공정가치로 간주합니다.\n파생상품\n장내파생상품의 경우 활성시장에서 거래될 경우 공시되는 가격을 사용하며, 장외파생상품의 경우 평가기법을 사용하여 측정한 공정가치를 사용하고 있습니다. 시장에서 관측 가능한 투입 변수에 기초한 옵션, 이자율스왑,통화스왑 등과 같은 보편적인 장외파생상품의 공정가치 결정에는 시장참여자가 일반적으로 사용하는 평가기법을 이용한 자체 평가모형을 사용합니다. 그러나 모델에 투입되는 일부 혹은 모든 변수들이 시장에서 관측 불가능하여 어떠한 가정에 기초한 평가기법에의해 공정가치를 측정해야 하는 일부 복잡한 금융상품의 경우 독립적인 외부전문평가기관의 평가결과를 사용하고 있습니다.\n(2) 당기말과 전기말 현재 재무상태표에서 공정가치로 후속 측정되는 금융상품의 공정가치를 공정가치 서열체계 수준별로 분류한 내역은 다음과 같습니다(단위: 백만원).\n1) 당기말\n구 \xa0 분\n금융상품\n수준 1\n수준 2\n수준 3\n합 \xa0 계\n금융자산\n 당기손익인식유가증권\n148,872\n2,354,230\n3,126,063\n5,629,165\n 매도가능유가증권\n4,416,644\n18,073,212\n5,597,368\n28,087,224\n 파생상품자산\n-\n377,183\n-\n377,183\n합 \xa0 계\n4,565,516\n20,804,625\n8,723,431\n34,093,572\n금융부채\n 파생상품부채\n-\n322,195\n-\n322,195\n2) 전기말\n구 \xa0 분\n금융상품\n수준 1\n수준 2\n수준 3\n합 \xa0 계\n금융자산\n 당기손익인식유가증권\n430\n1,358,882\n1,807,604\n3,166,916\n 매도가능유가증권\n5,622,626\n20,706,196\n4,936,606\n31,265,428\n 파생상품자산\n-\n1,313,852\n-\n1,313,852\n합 \xa0 계\n5,623,056\n23,378,930\n6,744,210\n35,746,196\n금융부채\n 파생상품부채\n-\n26,557\n-\n26,557\n(3) 당기말과 전기말 현재 활성시장에서 공시되는 시장가격이 없고 공정가치를 신뢰성 있게 측정할 수 없어 원가로 측정한 지분상품은 각각 127,690백만원 및 62,062백만원입니다.당해 지분증권은 가치창출규모를 계량화 하기 어려워 추정현금흐름의 편차가 유의적이고 다양한 추정치의 발생 확률을 신뢰성 있게 평가할 수 없는 등의 이유로 원가법으로 측정하였습니다. 또한, 연결실체는 동 지분증권 등에 대해서는 단기적으로 처분할 계획은 없으며, 투자대상 기업의 프로젝트 진행경과 등에 따라 공정가치를 신뢰성있게 측정할 수 있게 되는 때에 공정가치로 측정할 예정입니다.(4) 당기 중 수준 1과 수준 2 간의 유의적인 이동은 없으며, 당기 및 전기 중 수준 3의 변동내역은 다음과 같습니다(단위: 백만원).\n1) 당기\n구 \xa0 분\n당기손익인식유가증권\n매도가능유가증권\n합 \xa0 계\n 기초\n1,807,604\n4,936,606\n6,744,210\n 취득\n1,850,384\n1,111,845\n2,962,229\n 처분\n(550,474)\n(506,250)\n(1,056,724)\n 평가\n8,991\n131,059\n140,050\n 손상\n-\n(5,176)\n(5,176)\n 대체\n9,558\n(70,716)\n(61,158)\n 기말\n3,126,063\n5,597,368\n8,723,431\n2) 전기\n구 \xa0 분\n당기손익인식유가증권\n매도가능유가증권\n합 \xa0 계\n 기초\n1,280,375\n4,394,705\n5,675,080\n 취득\n841,735\n1,063,265\n1,905,000\n 처분\n(153,437)\n(467,083)\n(620,520)\n 평가\n(161,069)\n52,250\n(108,819)\n 손상\n-\n(107,831)\n(107,831)\n 대체\n-\n1,300\n1,300\n 기말\n1,807,604\n4,936,606\n6,744,210\n(5) 연결실체는 수준 간의 이동을 가져오는 사건이나 상황의 변동이 발생하는 시점에수준 간의 이동을 인식하고 있습니다. 당기 중 수준 2와 수준 3 공정가치 측정치로 분류되는 금융상품의 공정가치 측정에 사용된 가치평가기법의 변동은 없습니다.\n(6) 수준 3으로 분류된 금융상품 공정가치의 민감도 분석 결과금융상품의 민감도 분석은 관측 불가능한 투입변수의 변동이 금융상품의 가치 변동에 미치는 영향을 유리한 변동과 불리한 변동으로 구분하여 이루어집니다. 두 개 이상의 투입변수에 공정가치가 영향을 받는 경우에는 가장 유리하거나 또는 가장 불리한 상황을 가정하여 산출됩니다. 민감도 분석대상으로 수준 3으로 분류되는 금융상품 중 해당 공정가치 변동이 당기손익으로 인식되는 금융상품이 있고, 공정가치 변동이 당기손익 혹은 기타포괄손익으로 인식되는 지분증권 및 수익증권이 있습니다. \n각 금융상품별 투입변수의 변동에 따른 세전 손익효과에 대한 민감도 분석 결과는 아래와 같습니다(단위: 백만원).\n구 \xa0 분\n당 \xa0 기\n전 \xa0 기\n당기손익으로 인식\n기타포괄손익으로 인식\n당기손익으로 인식\n기타포괄손익으로 인식\n유리한 변동\n불리한 변동\n유리한 변동\n불리한 변동\n유리한 변동\n불리한 변동\n유리한 변동\n불리한 변동\n 당기손익인식금융자산(*1)\n31,261\n(31,261)\n-\n-\n18,076\n(18,076)\n-\n-\n 매도가능금융자산(*1),(*2)\n-\n-\n57,562\n(56,948)\n-\n-\n49,909\n(49,572)\n(*1) 수익증권 및 기타유가증권은 주요 관측불가능한 변수인 신탁재산 또는 부동산의 가격변동 등을 1% 만큼 증가 또는 감소시킴으로써 공정가치 변동을 산출하고 있습니다.(*2) 지분증권은 주요 관측불가능한 투입변수인 성장률(0~1%), 할인율 또는 청산가치(-1~1%)와 할인율 사이의 상관관계를 증가 또는 감소시킴으로써 공정가치 변동을산출하고 있습니다.(7) 당기말과 전기말 현재 공정가치로 후속측정 되지 않는 금융자산 및 부채의 내역은 다음과 같습니다(단위: 백만원).\n구 \xa0 분\n금융상품\n당기말\n전기말\n장부금액\n공정가치\n장부금액\n공정가치\n금융자산\n 현금및현금성자산\n1,838,710\n(*)\n582,203\n(*)\n 예치금\n792,175\n(*)\n640,408\n(*)\n 만기보유유가증권\n36,741,795\n36,992,416\n31,529,786\n31,120,157\n 대출채권\n26,915,013\n27,010,479\n25,426,145\n25,420,490\n 기타금융자산\n1,452,151\n(*)\n1,490,621\n(*)\n금융부채\n 기타금융부채\n2,002,451\n(*)\n1,631,828\n(*)\n(*) 대부분 단기성으로 장부금액이 공정가치의 합리적인 근사치인 금액은 공정가치공시에서 제외했습니다.\n(8) 당기말과 전기말 현재 공정가치를 공시하는 금융상품의 공정가치 서열체계는 다음과 같습니다(단위: 백만원).1) 당기말\n구 \xa0분\n수준 1\n수준 2\n수준 3\n합 \xa0계\n 금융자산\n \xa0 만기보유유가증권\n13,602,202\n23,390,214\n-\n36,992,416\n \xa0 대출채권\n-\n-\n27,010,479\n27,010,479\n2) 전기말\n구 \xa0분\n수준 1\n수준 2\n수준 3\n합 \xa0계\n 금융자산\n \xa0 만기보유유가증권\n11,224,137\n19,896,020\n-\n31,120,157\n \xa0 대출채권\n-\n-\n25,420,490\n25,420,490\n장부금액을 공정가치의 합리적인 근사치로 보아 장부금액을 공정가치로 공시한 항목과 관련한 공정가치 서열체계는 공시하지 않습니다.\n(9) 당기말과 전기말 현재 공정가치 서열체계에서 수준 2와 수준 3으로 분류되는 반복적인 공정가치측정치, 비반복적인 공정가치측정치, 공시되는 공정가치에 대해 다음의 가치평가기법과 투입변수를 사용하고 있습니다(단위: 백만원).1) 당기말\n구 \xa0 분\n공정가치\n수준\n가치평가기법\n주요 투입변수\n비관측투입변수추정범위(%)\n 금융자산\n \xa0 당기손익인식유가증권\n2,354,230\n2\n할인된현금흐름법\n할인율\n-\n3,126,063\n3\n할인된현금흐름법 등\n할인율\n-\n \xa0 매도가능유가증권\n18,073,212\n2\n할인된현금흐름법 등\n할인율\n-\n5,597,368\n3\n할인된현금흐름법/유사기업비교법/과거거래이용법/순자산가치법\n성장률\n0.00 ~ 1.00\n할인율\n3.18 ~ 11.61\n청산가치\n-\n \xa0 만기보유유가증권\n23,390,214\n2\n할인된현금흐름법\n할인율\n-\n \xa0 파생상품자산\n377,183 \n2\n할인된현금흐름법/내재선도금리산출법 등\n할인율\n-\n \xa0 대출채권(*)\n27,010,479 \n3\n할인된현금흐름법\n신용스프레드,조기상환율\n-\n 금융부채\n \xa0 파생상품부채\n322,195 \n2\n할인된현금흐름법/내재선도금리산출법 등\n할인율\n-\n(*) 장부금액은 상각후원가로 측정하고, 공정가치는 공시만 하는 금융자산의 경우에는 투입변수의 범위 공시를 생략하였습니다.\n2) 전기말\n구 \xa0 분\n공정가치\n수준\n가치평가기법\n주요 투입변수\n비관측투입변수추정범위(%)\n 금융자산\n \xa0 당기손익인식유가증권\n1,358,882\n2\n할인된현금흐름법\n할인율\n-\n1,807,604\n3\n할인된현금흐름법 등\n할인율\n-\n \xa0 매도가능유가증권\n20,706,196\n2\n할인된현금흐름법 등\n할인율\n-\n4,936,606\n3\n할인된현금흐름법/유사기업비교법/과거거래이용법/순자산가치법\n성장률\n0.00 ~ 1.00\n할인율\n2.77 ~ 14.43\n청산가치\n-\n \xa0 만기보유유가증권\n19,896,020\n2\n할인된현금흐름법\n할인율\n-\n \xa0 파생상품자산\n1,313,852\n2\n할인된현금흐름법/내재선도금리산출법 등\n할인율\n-\n \xa0 대출채권(*)\n25,420,490\n3\n할인된현금흐름법\n신용스프레드,조기상환율\n-\n 금융부채\n \xa0 파생상품부채\n26,557\n2\n할인된현금흐름법/내재선도금리산출법 등\n할인율\n-\n(*) 장부금액은 상각후원가로 측정하고, 공정가치는 공시만 하는 금융자산의 경우에는 투입변수의 범위 공시를 생략하였습니다.\n5. 범주별 금융상품당기말과 전기말 현재 연결실체의 범주별 금융상품의 구성내역은 다음과 같습니다(단위: 백만원).(1) 금융자산1) 당기말\n구 \xa0 분\n당기손익인식금융자산\n매도가능금융자산\n만기보유금융자산\n대여금 및수취채권\n위험회피목적파생금융자산\n합 \xa0 계\n 현금및현금성자산\n-\n-\n-\n1,838,710\n-\n1,838,710\n 예치금\n-\n-\n-\n792,175\n-\n792,175\n 유가증권\n5,629,165\n28,214,914\n36,741,795\n-\n-\n70,585,874\n 대출채권\n-\n-\n-\n26,915,013\n-\n26,915,013\n 파생상품자산\n30,901\n-\n-\n-\n346,282\n377,183\n 기타금융자산\n-\n-\n-\n1,452,151\n-\n1,452,151\n합 \xa0 계\n5,660,066\n28,214,914\n36,741,795\n30,998,049\n346,282\n101,961,106\n2) 전기말\n구 \xa0 분\n당기손익인식금융자산\n매도가능금융자산\n만기보유금융자산\n대여금 및수취채권\n위험회피목적파생금융자산\n합 \xa0 계\n 현금및현금성자산\n-\n-\n-\n582,203\n-\n582,203\n 예치금\n-\n-\n-\n640,408\n-\n640,408\n 유가증권\n3,166,916\n31,327,490\n31,529,786\n\u3000-\n-\n66,024,192\n 대출채권\n-\n-\n-\n25,426,145\n-\n25,426,145\n 파생상품자산\n107,781\n-\n-\n-\n1,206,071\n1,313,852\n 기타금융자산\n-\n-\n-\n1,490,621\n-\n1,490,621\n합 \xa0 계\n3,274,697\n31,327,490\n31,529,786\n28,139,377\n1,206,071\n95,477,421\n(2) 금융부채1) 당기말\n구 \xa0 분\n당기손익인식금융부채\n위험회피목적파생금융부채\n상각후 원가로측정되는 금융부채\n합 \xa0 계\n 파생상품부채\n16,864\n305,331\n-\n322,195\n 기타금융부채\n-\n-\n2,002,451\n2,002,451\n합 \xa0 계\n16,864\n305,331\n2,002,451\n2,324,646\n2) 전기말\n구 \xa0 분\n당기손익인식금융부채\n위험회피목적파생금융부채\n상각후 원가로측정되는 금융부채\n합 \xa0 계\n 파생상품부채\n14,357\n12,200\n-\n26,557\n 기타금융부채\n-\n-\n 1,631,828\n 1,631,828\n합 \xa0 계\n14,357\n12,200\n1,631,828\n1,658,385\n6. 현금및현금성자산과 예치금\n(1) 당기말과 전기말 현재 연결실체의 현금및현금성자산과 예치금의 내역은 다음과 같습니다(단위: 백만원).\n구 \xa0 분\n금융기관\n당기말이자율(%)\n금 \xa0 액\n당기말\n전기말\n 현금및현금성자산\n \xa0 현금및요구불예금\n KB국민은행 외\n0.00 ~ 5.00\n160,147\n207,091\n \xa0 MMDA 외\n KEB하나은행 외\n0.10 ~ 2.45\n1,678,563\n375,112\n소 \xa0 계\n1,838,710\n582,203\n 예치금\n \xa0정기예금\n 우리은행 외\n1.24 ~ 8.00\n292,418\n144,568\n \xa0기타\n 교보증권 외\n-\n499,757\n495,840\n소 \xa0 계\n792,175\n640,408\n합 \xa0 계\n2,630,885\n1,222,611\n(2) 당기말과 전기말 현재 사용이 제한된 예금 등의 내용은 다음과 같습니다(단위: 백만원).\n구 \xa0 분\n금융기관\n당기말\n전기말\n사용제한사유\n 정기예금 등\n KEB하나은행 외\n695 \n3,361\n 지급보증 담보 등\n 당좌개설보증금\n KEB하나은행 외\n18 \n21\n 당좌개설 보증\n 보통예금\n 농협은행 외\n- \n176\n 소송관련 사용제한\n 외화예금\n 국민은행\n- \n8,319,238 USD\n 압류(*)\n- \n12,278 EUR\n- \n1,683 GBP\n(*) 채권추심액 6,382천원에 대하여 압류된 예금으로, 2018년 1월 5일에 압류 해제되었습니다.\n7. 당기손익인식유가증권, 매도가능유가증권 및 만기보유유가증권\n(1) 당기말과 전기말 현재 당기손익인식유가증권의 내역은 다음과 같습니다(단위: 백만원).\n구 \xa0 분\n당기말\n전기말\n 단기매매금융자산\n \xa0 지분증권\n \xa0 \xa0 주식\n156,150\n26,155\n \xa0 \xa0 수익증권\n512,418\n363,235\n소 \xa0 계\n668,568\n389,390\n \xa0 채무증권\n \xa0 \xa0 국공채\n2,579\n-\n \xa0 \xa0 회사채\n62,184\n58,722\n소 \xa0 계\n64,763\n58,722\n \xa0 해외유가증권\n3,390,650\n1,948,251\n \xa0 기타유가증권\n1,431,599\n760,326\n 단기매매금융자산 계\n5,555,580\n3,156,689\n 당기손익인식지정금융자산(*)\n \xa0 해외유가증권\n57,743\n-\n \xa0 기타유가증권\n15,842\n10,227\n당기손익인식지정금융자산 계\n73,585\n10,227\n합 \xa0 계\n5,629,165\n3,166,916\n(*) 하나 또는 그 이상의 내재파생상품을 포함하고 있는 복합금융상품으로 연결실체는 복합계약 전체를 당기손익인식금융자산으로 지정하였습니다.\n(2) 당기말과 전기말 현재 매도가능유가증권의 내역은 다음과 같습니다(단위: 백만원).\n구 \xa0 분\n당기말\n전기말\n 지분증권\n \xa0 주식\n1,000,373\n878,442\n \xa0 출자금\n47,800\n31,413\n \xa0 수익증권\n5,522,591\n4,973,456\n소 \xa0 계\n6,570,764\n5,883,311\n 채무증권\n \xa0 국공채\n1,405,560\n2,692,046\n \xa0 특수채\n3,955,023\n6,990,432\n \xa0 금융채\n914,773\n1,279,280\n \xa0 회사채\n2,517,772\n4,446,353\n \xa0 기타(*)\n-\n51,498\n소 \xa0 계\n8,793,128\n15,459,609\n 해외유가증권\n12,590,464\n9,758,333\n 기타유가증권\n260,558\n226,237\n합 \xa0 계\n28,214,914\n31,327,490\n(*) 기업회계기준서 제1039호의 제거요건을 충족하지 않는 양도거래이며 당기말과 전기말 현재 한국예탁결제원 등에 예탁된 자산에 대한 대여금융자산으로서 연결실체는 상기 자산의 대여를 통하여 수수료수익을 수취하고 있습니다.\n(3) 당기 및 전기 중 매도가능유가증권 손상차손 내역은 다음과 같습니다(단위: 백만원).\n구 \xa0 분\n당 \xa0 기\n전 \xa0 기\n 주식 및 출자금\n4,352\n105,823\n 수익증권\n20\n440\n 해외유가증권\n9,101\n674\n합 \xa0 계\n13,473\n106,937\n(4) 당기 및 전기 중 매도가능금융자산평가손익의 변동내용은 다음과 같습니다(단위:백만원).1) 당기\n구 \xa0 분\n기초\n평가\n손익반영\n기타(*)\n기말\n 매도가능금융자산평가손익\n362,660\n(212,658)\n(276,998)\n50,383\n(76,613)\n 계약자지분조정 배부금액\n(98,114)\n(49,554)\n 주주지분 배부금액\n 264,546\n(126,167)\n 이연법인세효과\n(78,961)\n32,173\n 이연법인세효과 차감 후 주주지분\n185,585\n(93,994)\n(*) 당기 중 매도가능유가증권 중 만기보유유가증권으로의 계정재분류에 따른 조정분입니다.2) 전기\n구 \xa0 분\n기초\n평가\n손익반영\n기타(*)\n기말\n 매도가능금융자산평가손익\n2,084,849\n280,790\n(366,589)\n(1,636,390)\n362,660\n 계약자지분조정 배부금액\n(645,190)\n\u3000\n\u3000\n(98,114)\n 주주지분 배부금액\n1,439,659\n\u3000\n\u3000\n 264,546\n 이연법인세효과\n(350,675)\n\u3000\n\u3000\n(78,961)\n 이연법인세효과 차감 후 주주지분\n1,088,984\n\u3000\n\u3000\n185,585\n(*) 전기 중 매도가능유가증권 중 만기보유유가증권으로의 계정재분류에 따른 조정분입니다.\n(5) 당기말 현재 만기보유유가증권의 내역은 다음과 같습니다(단위: 백만원).\n구 \xa0 분\n당기말\n전기말\n국공채\n11,919,025\n10,292,764\n특수채\n10,067,431\n8,624,230\n회사채\n1,163,005\n629,174\n해외유가증권\n13,018,849\n11,851,414\n기타(*)\n573,485\n132,204\n합 \xa0 계\n36,741,795\n31,529,786\n(*) 기업회계기준서 제1039호의 제거요건을 충족하지 않는 양도거래로서, 당기말 현재 한국예탁결제원 등에 예탁된 자산에 대한 대여금융자산으로서 연결실체는 상기 자산의 대여를 통하여 수수료수익을 수취하고 있습니다.\n연결실체는 당기 및 전기 중 만기가 고정되었고 지급금액이 확정되었거나 확정될 수 있으며, 만기까지 보유할 적극적인 의도와 능력이 있는 유가증권 2,201,860백만원 및 27,292,920백만원에 대하여 매도가능유가증권에서 만기보유유가증권으로 계정재분류하였습니다.\n(6) 당기 및 전기 중 만기보유금융자산평가손익의 변동내용은 다음과 같습니다(단위: 백만원).1) 당기\r\n구 \xa0 분\n기초\n기타(*)\n손익반영\n기말\n 만기보유금융자산평가손익\n1,495,923\n(50,762)\r\n(141,328)\n1,303,833\n 계약자지분조정 배부금액\n(447,078)\n(382,944)\n 주주지분 배부금액\n1,048,845\n920,889\n 이연법인세효과\n(273,749)\n(234,827)\n 이연법인세효과 차감 후 주주지분\n775,096\n686,062\n(*) 당기 중 매도가능유가증권 중 만기보유유가증권으로의 계정재분류에 따른 조정분입니다.2) 전기\r\n구 \xa0 분\n기초\n기타(*)\n손익반영\n기말\n 만기보유금융자산평가손익\n-\n1,636,390\n(140,467)\n1,495,923\n 계약자지분조정 배부금액\n-\n(447,078)\n 주주지분 배부금액\n-\n1,048,845\n 이연법인세효과\n-\n(273,749)\n 이연법인세효과 차감 후 주주지분\n-\n775,096\n(*) 전기 중 매도가능유가증권 중 만기보유유가증권으로의 계정재분류에 따른 조정분입니다.\n8. 종속기업\n(1) 당기말과 전기말 현재 종속기업투자의 내역은 다음과 같습니다(단위: 백만원).\n구 \xa0 분\n주요 영업활동\n법인설립 및영업소재지\n소유지분율 및의결권비율(%)\n당기말\n전기말\n종속기업\n 한화자산운용㈜\n자산운용업\n대한민국\n100\n100\n ㈜한화육삼시티\n부동산관리, 서비스 등\n대한민국\n100\n100\n 한화손해사정㈜\n보험관련 서비스업\n대한민국\n100\n100\n 한화라이프에셋㈜\n보험대리 및 중개업\n대한민국\n100\n100\n ㈜한화금융에셋\n보험대리 및 중개업\n대한민국\n100\n100\n Hanwha Life Insurance Company Limited (Vietnam)\n생명보험업\n베트남\n100\n100\n Hanwha Asset Management(USA) Ltd.(*1)\n해외 유가증권 투자\n미국\n100\n100\n PT. Hanwha Life Insurance Indonesia\n생명보험업\n인도네시아\n99.6\n99.6\n 한화손해보험㈜\n손해보험업\n대한민국\n51.4\n51.4\n ㈜한화에스테이트(*2)\n경비 및 경호서비스업\n대한민국\n-\n100\n Hanwha Asset Management Pte., Ltd.(*1)\n자산운용업\n싱가포르\n100\n100\n 한화투자관리유한공사(*1)\n자산운용업\n중국\n100\n100\n연결대상 수익증권\n 미래에셋글로벌신재생에너지전문투자형사모특별자산투자신탁2호\n특별자산집합투자기구\n대한민국\n100\n100\n 미래에셋맵스 글로벌신재생에너지 사모특별자산투자신탁1호\n특별자산집합투자기구\n대한민국\n100\n100\n 시몬느글로벌벤처전문사모투자신탁제1호\n증권집합투자기구\n대한민국\n100\n100\n 신한BNPP글로벌솔라에너지사모특별자산투자신탁\n특별자산집합투자기구\n대한민국\n100\n100\n 신한BNPP서울문산고속도로전문투자형사모특별자산투자신탁\n특별자산집합투자기구\n대한민국\n93.3\n93.3\n 이지스 KORIF 사모부동산 신탁 11-1호\n부동산집합투자기구\n대한민국\n-\n100\n 이지스 KORIF 사모부동산 신탁 11-2호\n부동산집합투자기구\n대한민국\n-\n100\n 이지스KORIF사모부동산투자신탁17-1호\n부동산집합투자기구\n대한민국\n100\n100\n 이지스KORIF사모부동산투자신탁17-2호\n부동산집합투자기구\n대한민국\n100\n100\n 이지스KORIF사모부동산투자신탁17-3호\n부동산집합투자기구\n대한민국\n100\n100\n 이지스KORIF사모부동산투자신탁17-4호\n부동산집합투자기구\n대한민국\n100\n100\n 파인트리솔쓰리사모부동산투자신탁3호\n부동산집합투자기구\n대한민국\n99.1\n100\n 파인트리솔쓰리사모부동산투자신탁5호\n부동산집합투자기구\n대한민국\n97.1\n97.1\n 파인트리솔쓰리전문투자형사모투자신탁 6-2호(부동산)\n부동산집합투자기구\n대한민국\n98\n98\n 하나다올HW랜드칩사모부동산자투자신탁1호\n부동산집합투자기구\n대한민국\n98\n98\n 한화 PRUDENTIAL U.S. REAL ESTATE DEBT\n부동산집합투자기구\n대한민국\n100\n100\n 한화AI GLOBAL CHOICE사모부동산투자신탁1호(재간접형)\n부동산/특별자산집합투자기구\n대한민국\n100\n100\n 한화AI GLOBAL CHOICE사모증권투자신탁2호(채권혼합-재간접형)\n증권집합투자기구\n대한민국\n100\n100\n 한화CONSUMER CREDIT전문투자형사모특별자산투자신탁1호\n특별자산집합투자기구\n대한민국\n100\n100\n 한화DEBT STRATEGY전문투자형사모부동산투자신탁6호\n부동산집합투자기구\n대한민국\n100\n100\n 한화LTI사모특별자산투자신탁 2[인프라]\n특별자산집합투자기구\n대한민국\n90.6\n90.6\n 한화LTI인프라사모특별자산투자신탁1호\n특별자산집합투자기구\n대한민국\n100\n100\n 한화트라이써클인프라특별자산1호\n특별자산집합투자기구\n대한민국\n100\n100\n 한화트라이써클인프라특별자산3호\n특별자산집합투자기구\n대한민국\n95\n95\n 삼성VLCC전문투자형사모투자신탁제1호\n특별자산집합투자기구\n대한민국\n68.3\n75\n 미래에셋UK가스인프라전문투자형사모특별자산투자신탁1호\n특별자산집합투자기구\n대한민국\n83.8\n83.8\n 한화 ASIA OPPORTUNITY 전문투자형 사모증권투자신탁 1호\n증권집합투자기구\n대한민국\n100\n100\n 한화베트남레전드증권자투자신탁(주식) C-F\n증권집합투자기구\n대한민국\n100\n96.7\n 한화 GLOBAL INFRASTRUCTURE STRATEGY 전문투자형사모특별자산투자신탁 1호\n특별자산집합투자기구\n대한민국\n100\n100\n 한화 GLOBAL CORPORATE PE STRATEGY 사모증권투자신탁 1호\n증권집합투자기구\n대한민국\n100\n100\n 한화 GLOBAL REAL ESTATE STRATEGY 전문투자형사모부동산투자신탁1호\n부동산집합투자기구\n대한민국\n100\n100\n 교보AXA봉담송산고속도로 전문투자형사모특별자산투자신탁\n특별자산집합투자기구\n대한민국\n85.2\n85.2\n 한화아세안레전드증권자투자신탁(주식) C-F\n증권집합투자기구\n대한민국\n100\n100\n 한화글로벌리얼에셋혼합자산 자투자신탁(혼합-재간접형) 종류 C-F(*3)\n증권집합투자기구\n대한민국\n100\n-\n 블랙록글로벌토탈솔루션전문투자형사모증권투자신탁1호(채권-재간접형)(*3)\n증권집합투자기구\n대한민국\n100\n-\n 한화 라이프스타일 전문투자형 사모증권투자신탁 1호(*3)\n증권집합투자기구\n대한민국\n100\n-\n 한화 GLOBAL CORPORATE PE STRATEGY 사모증권투자신탁 2호(*3)\n증권집합투자기구\n대한민국\n100\n-\n 한화 GLOBAL REAL ESTATE STRATEGY 전문투자형사모부동산투자신탁2호(*3)\n부동산집합투자기구\n대한민국\n100\n-\n 한화 GLOBAL INFRASTRUCTURE STRATEGY 2호(*3)\n특별자산집합투자기구\n대한민국\n100\n-\n 한화LIFEPLUSTDF2020증권투자신탁C-F(*3)\n증권집합투자기구\n대한민국\n99.2\n-\n 한화LIFEPLUSTDF2025증권투자신탁C-F(*3)\n증권집합투자기구\n대한민국\n99.5\n-\n 한화LIFEPLUSTDF2030증권투자신탁C-F(*3)\n증권집합투자기구\n대한민국\n99.2\n-\n 한화LIFEPLUSTDF2035증권투자신탁C-F(*3)\n증권집합투자기구\n대한민국\n99.5\n-\n 한화LIFEPLUSTDF2040증권투자신탁C-F(*3)\n증권집합투자기구\n대한민국\n99.7\n-\n 한화LIFEPLUSTDF2045증권투자신탁C-F(*3)\n증권집합투자기구\n대한민국\n99.6\n-\n 한화 베트남 OPPORTUNITY 전문투자형 사모증권투자신탁 1호(*3)\n증권집합투자기구\n대한민국\n100\n-\n 한화법인전용글로벌증권자투자신탁(채권)C(*3)\n증권집합투자기구\n대한민국\n95.2\n-\n 한화멀티에셋크루즈5.0 C-i1 [채권혼합-재간접형](*3)\n증권집합투자기구\n대한민국\n51.7\n-\n 한화환경사랑인프라사모특별자산1호(*4)\n특별자산집합투자기구\n대한민국\n50\n-\n 한화태양광발전사모특별자산투자신탁1호(발전시설)(*4)\n특별자산집합투자기구\n대한민국\n50\n-\n 한화환경사랑인프라사모특별자산2호(*4)\n특별자산집합투자기구\n대한민국\n40.3\n-\n 한화광주순환도로사모특별자산투자신탁1호(인프라)(*4)\n특별자산집합투자기구\n대한민국\n50\n-\n 한화 태양광발전 사모 특별자산투자신탁 2호(*4)\n특별자산집합투자기구\n대한민국\n50\n-\n ARIRANG 미국나스닥기술주\n증권집합투자기구\n대한민국\n58.8\n-\n 한화코리아레전드4차산업혁명증권자투자신탁(주식) C-F(*3)\n증권집합투자기구\n대한민국\n57.9\n-\n 한화 GLOBAL CREDIT STRATEGY 전문투자형 사모특별자산투자신탁 1호(재간접형)(*3)\n특별자산집합투자기구\n대한민국\n100\n-\n 한화글로벌사업화펀드\n창업투자조합\n대한민국\n60\n60\n 강소신재생에너지혁신펀드\n창업투자조합\n대한민국\n99\n99\n ARIRANG KRX300(*3)\n증권집합투자기구\n대한민국\n54.0\n-\n TIGER 우선주\n증권집합투자기구\n대한민국\n52.0\n-\n 한화아시아레전드4차산업혁명증권 자투자신탁(주식) C-f(*3)\n증권집합투자기구\n대한민국\n88.8\n100\n 한화코리아레전드책임투자증권 자투자신탁(주식) C-f(*4)\n증권집합투자기구\n대한민국\n49.9\n-\n 한화트라이써클사모부동산투자신탁17호(리츠)\n부동산집합투자기구\n대한민국\n-\n100\n 한화마스터피스사모부동산7호\n부동산집합투자기구\n대한민국\n-\n100\n(*1) 종속기업인 한화자산운용㈜를 통해서 100%의 지분을 보유하고 있습니다.(*2) 종속기업인 ㈜한화육삼시티를 통해 100%의 지분을 보유하였으나, 2018년 11월 16일 ㈜한화육삼시티의 지분 매각으로 종속기업에서 제외되었습니다.(*3) 연결실체는 당기 중 신규로 한화글로벌리얼에셋혼합자산 자투자신탁(혼합-재간접형) 종류 C-F외 18개의 수익증권을 신규로 취득하여 기업회계기준서 제1110호에 따라 종속기업투자로 분류하였습니다.(*4) 지분율이 50%를 초과하지 않지만, 보유 지분율 및 사실상 대리인 관계를 고려하여 기업회계기준서 제 1110호에 따라 종속기업에 포함되었습니다.한편, 당기말 현재 연결실체가 지분율의 과반을 보유하였으나 피투자자의 관련 활동에 대한 실질적인 의사결정을 하지 못한 칸서스인천하수관거사모특별자산투자신탁1호 외 7개의 수익증권에 대하여 기업회계기준서 제1110호에 따라 지배력이 없는것으로 판단하였으며, 연결대상 종속기업에서 제외하였습니다.(2) 연결범위의 변동당기 중 한화글로벌리얼에셋혼합자산 자투자신탁(혼합-재간접형) 종류 C-F 외 26개의 수익증권이 연결범위에 신규로 포함되었으며, 한화트라이써클사모부동산투자신탁17호(리츠) 외 3개의 수익증권과 한화에스테이트㈜가 연결범위에서 제외되었습니다. \n(3) 당기말과 전기말 현재 주요 종속기업 및 연결대상 수익증권의 요약재무정보는 다음과 같습니다(단위: 백만원)1) 당기말\n회사명\n자산\n부채\n자본\n영업수익\n당기순손익\n포괄손익\n종속기업\n 한화자산운용㈜\n216,641\n21,989\n194,652\n100,496\n22,449\n21,632\n ㈜한화육삼시티\n56,709\n21,744\n34,965\n140,080\n5,644\n5,792\n 한화손해사정㈜\n17,543\n7,301\n10,242\n35,824\n2,089\n1,328\n 한화라이프에셋㈜\n5,193\n7,433\n(2,240)\n33,659\n93\n128\n ㈜한화금융에셋\n4,384\n2,184\n2,200\n12,166\n(496)\n(503)\n Hanwha Life Insurance Company Limited (Vietnam)\n383,032\n211,986\n171,046\n121,483\n(7,916)\n(4,691)\n Hanwha Asset Management(USA) Ltd.\n10,330\n1,068\n9,262\n4,040\n(766)\n(612)\n PT. Hanwha Life Insurance Indonesia\n154,576\n18,369\n136,207\n17,517\n(4,045)\n(8,048)\n 한화손해보험㈜(*)\n16,728,616\n15,311,762\n1,416,854\n7,422,945\n82,306\n66,532\n Hanwha Asset Management Pte., Ltd.\n6,476\n291\n6,185\n994\n(1,513)\n(1,352)\n 한화투자관리유한공사\n11,353\n59\n11,294\n2\n1\n(61)\n연결대상 수익증권\n 미래에셋글로벌신재생에너지전문투자형사모특별자산투자신탁2호\n268,032\n262\n267,770\n62,622\n46,027\n46,027\n 미래에셋맵스 글로벌신재생에너지 사모특별자산투자신탁1호\n246,718\n444\n246,274\n24,802\n8,427\n8,427\n 시몬느글로벌벤처전문사모투자신탁제1호\n107,201\n1,692\n105,509\n5,250\n1,373\n1,373\n 신한BNPP글로벌솔라에너지사모특별자산투자신탁\n36,696\n87\n36,609\n3,836\n2,461\n2,461\n 신한BNPP서울문산고속도로전문투자형사모특별자산투자신탁\n71,418\n18\n71,400\n3,871\n3,686\n3,686\n 이지스KORIF사모부동산투자신탁17-1호\n940\n17\n923\n75,788\n22,270\n22,270\n 이지스KORIF사모부동산투자신탁17-2호\n895\n17\n878\n75,661\n22,181\n22,181\n 이지스KORIF사모부동산투자신탁17-3호\n899\n17\n882\n75,666\n22,186\n22,186\n 이지스KORIF사모부동산투자신탁17-4호\n901\n17\n884\n75,666\n22,188\n22,188\n 파인트리솔쓰리사모부동산투자신탁3호\n13,581\n703\n12,878\n1,370\n880\n880\n 파인트리솔쓰리사모부동산투자신탁5호\n17,884\n60\n17,824\n4,658\n4,037\n4,037\n 파인트리솔쓰리전문투자형사모투자신탁 6-2호(부동산)\n13,164\n35\n13,129\n233\n(68)\n(131)\n 하나다올HW랜드칩사모부동산자투자신탁1호\n131,317\n7\n131,310\n8,083\n7,547\n7,547\n 한화 PRUDENTIAL U.S. REAL ESTATE DEBT\n12,141\n350\n11,791\n2,481\n724\n724\n 한화AI GLOBAL CHOICE사모부동산투자신탁1호(재간접형)\n277,066\n4,797\n272,269\n38,455\n19,418\n19,418\n 한화AI GLOBAL CHOICE사모증권투자신탁2호(채권혼합-재간접형)\n145,940\n620\n145,320\n16,613\n10,126\n10,126\n 한화CONSUMER CREDIT전문투자형사모특별자산투자신탁1호\n59,211\n1,094\n58,117\n8,369\n1,419\n1,419\n 한화DEBT STRATEGY전문투자형사모부동산투자신탁6호\n354,976\n7,221\n347,755\n25,278\n8,599\n8,599\n 한화LTI사모특별자산투자신탁 2[인프라]\n64,750\n2\n64,748\n2,644\n2,378\n2,378\n 한화LTI인프라사모특별자산투자신탁1호\n389,544\n226\n389,318\n15,148\n13,706\n13,706\n 한화트라이써클인프라특별자산1호\n171,617\n32\n171,585\n6,096\n5,306\n5,306\n 한화트라이써클인프라특별자산3호\n53,708\n23\n53,685\n3,133\n2,986\n2,986\n 삼성VLCC전문투자형사모투자신탁제1호\n108,560\n17\n108,543\n12,471\n2,791\n2,791\n 미래에셋UK가스인프라전문투자형사모특별자산투자신탁1호\n262,774\n646\n262,128\n30,179\n22,624\n22,624\n 한화 ASIA OPPORTUNITY 전문투자형 사모증권투자신탁 1호\n19,820\n1,120\n18,700\n1,391\n13\n13\n 한화베트남레전드증권자투자신탁(주식) C-F\n10,740\n8\n10,732\n122\n(667)\n(667)\n 한화 GLOBAL INFRASTRUCTURE STRATEGY 전문투자형사모특별자산투자신탁 1호\n277,770\n1,640\n276,130\n17,923\n2,535\n2,535\n 한화 GLOBAL CORPORATE PE STRATEGY 사모증권투자신탁 1호\n56,467\n1,209\n55,258\n2,288\n(1,183)\n(1,183)\n 한화 GLOBAL REAL ESTATE STRATEGY 전문투자형사모부동산투자신탁1호\n230,442\n1,224\n229,218\n14,061\n5,269\n5,269\n 교보AXA봉담송산고속도로 전문투자형사모특별자산투자신탁\n43,984\n22\n43,962\n30\n8\n8\n 한화아세안레전드증권자투자신탁(주식) C-F\n27,049\n39\n27,010\n2\n(2,487)\n(2,487)\n 한화글로벌리얼에셋혼합자산 자투자신탁(혼합-재간접형) 종류 C-F\n28,381\n2\n28,379\n-\n(1,821)\n(1,821)\n 블랙록글로벌토탈솔루션전문투자형사모증권투자신탁1호(채권-재간접형)\n221,004\n51\n220,953\n13,221\n(906)\n(906)\n 한화 라이프스타일 전문투자형 사모증권투자신탁 1호\n47,242\n162\n47,080\n44\n(554)\n(554)\n 한화 GLOBAL CORPORATE PE STRATEGY 사모증권투자신탁 2호\n82,116\n243\n81,873\n647\n(158)\n(158)\n 한화 GLOBAL REAL ESTATE STRATEGY 전문투자형사모부동산투자신탁2호\n118,038\n2,018\n116,020\n5,688\n3,045\n3,045\n 한화 GLOBAL INFRASTRUCTURE STRATEGY 2호\n300,770\n826\n299,944\n13,702\n2,252\n2,252\n 한화LIFEPLUSTDF2020증권투자신탁C-F\n5,087\n1\n5,086\n-\n(113)\n(113)\n 한화LIFEPLUSTDF2025증권투자신탁C-F\n4,973\n-\n4,973\n-\n(227)\n(227)\n 한화LIFEPLUSTDF2030증권투자신탁C-F\n4,936\n1\n4,935\n-\n(265)\n(265)\n 한화LIFEPLUSTDF2035증권투자신탁C-F\n4,891\n1\n4,890\n1\n(310)\n(310)\n 한화LIFEPLUSTDF2040증권투자신탁C-F\n4,864\n1\n4,863\n1\n(337)\n(337)\n 한화LIFEPLUSTDF2045증권투자신탁C-F\n4,856\n1\n4,855\n1\n(344)\n(344)\n 한화 베트남 OPPORTUNITY 전문투자형 사모증권투자신탁 1호\n469,079\n474\n468,605\n1,275\n(3,979)\n(3,979)\n 한화법인전용글로벌증권자투자신탁(채권)C\n105,901\n53\n105,848\n756\n448\n448\n 한화멀티에셋크루즈5.0 C-i1 [채권혼합-재간접형]\n5,468\n4\n5,464\n93\n(283)\n(283)\n 한화환경사랑인프라사모특별자산1호\n26,400\n8\n26,392\n1,135\n855\n855\n 한화태양광발전사모특별자산투자신탁1호(발전시설)\n4,658\n3\n4,655\n397\n377\n377\n 한화환경사랑인프라사모특별자산2호\n8,843\n1\n8,842\n457\n336\n336\n 한화광주순환도로사모특별자산투자신탁1호(인프라)\n47,105\n1\n47,104\n5,304\n5,111\n5,111\n 한화 태양광발전 사모 특별자산투자신탁 2호\n70,008\n17\n69,991\n5,444\n5,104\n5,104\n ARIRANG 미국나스닥기술주\n8,265\n14\n8,251\n835\n(172)\n(172)\n 한화코리아레전드4차산업혁명증권자투자신탁(주식) C-F\n4,776\n2\n4,774\n-\n(1,226)\n(1,226)\n 한화 GLOBAL CREDIT STRATEGY 전문투자형 사모특별자산투자신탁 1호(재간접형)\n139,762\n160\n139,602\n-\n(161)\n(1,619)\n 한화글로벌사업화펀드\n8,558\n109\n8,449\n2\n(242)\n(242)\n 강소신재생에너지혁신펀드\n72,031\n774\n71,257\n5\n(1,652)\n(1,652)\n ARIRANG KRX300\n32,298\n20\n32,278\n2,180\n(6,131)\n(6,131)\n TIGER 우선주\n22,358\n26\n22,332\n1,198\n(5,772)\n(5,772)\n 한화아시아레전드4차산업혁명증권 자투자신탁(주식) C-f\n1,857\n1\n1,856\n1\n(398)\n(398)\n 한화코리아레전드책임투자증권 자투자신탁(주식) C-f\n10,064\n2\n10,062\n64\n62\n62\n(*) 사업결합에 따른 공정가치평가가 반영되지 않은 재무정보입니다.\n2) 전기말\n회사명\n자산\n부채\n자본\n영업수익\n당기순손익\n포괄손익\n종속기업\n \xa0한화자산운용㈜\n214,831\n19,911\n194,920\n101,240\n38,158\n38,418\n \xa0㈜한화육삼시티\n51,814\n22,641\n29,173\n134,735\n78\n511\n \xa0한화손해사정㈜\n14,404\n5,490\n8,914\n35,493\n455\n1,546\n \xa0한화라이프에셋㈜\n4,929\n3,581\n1,348\n35,362\n33\n97\n \xa0㈜한화금융에셋\n5,402\n1,299\n4,103\n14,536\n916\n921\n \xa0Hanwha Life Insurance Company Limited (Vietnam)\n179,995\n149,180\n30,815\n101,149\n(13,909)\n(17,565)\n \xa0Hanwha Asset Management(USA) Ltd.(구:Hanwha Life Investment (USA) Ltd.)\n10,298\n424\n9,874\n504\n(1,830)\n(3,033)\n \xa0PT. Hanwha Life Insurance Indonesia\n165,626\n21,371\n144,255\n28,648\n(4,296)\n(24,131)\n \xa0강소신재생에너지혁신펀드\n71,840\n431\n71,409\n56\n(1,973)\n(1,973)\n \xa0한화손해보험㈜(*)\n14,884,045\n13,699,485\n1,184,560\n6,926,156\n149,230\n82,649\n \xa0한화글로벌사업화펀드\n6,455\n64\n6,391\n2\n(276)\n(276)\n \xa0㈜한화에스테이트\n28,677\n14,626\n14,051\n98,599\n2,178\n2,034\n \xa0Hanwha Asset Management Pte., Ltd.\n7,716\n179\n7,537\n194\n(1,517)\n(1,865)\n \xa0한화투자관리유한공사\n11,389\n35\n11,354\n(1)\n(1)\n(668)\n연결대상 수익증권\n \xa0미래에셋글로벌신재생에너지전문투자형사모특별자산투자신탁2호\n214,850\n257\n214,593\n24,491\n(1,559)\n(1,559)\n \xa0미래에셋맵스 글로벌신재생에너지 사모특별자산투자신탁1호\n281,776\n498\n281,278\n38,182\n2,700\n2,700\n \xa0삼성VLCC전문투자형사모투자신탁제1호\n109,874\n20\n109,854\n11,732\n1,528\n1,528\n \xa0시몬느글로벌벤처전문사모투자신탁제1호\n92,043\n58\n91,985\n5,829\n568\n568\n \xa0신한BNPP글로벌솔라에너지사모특별자산투자신탁\n39,115\n266\n38,849\n5,514\n(11,335)\n(11,335)\n \xa0신한BNPP서울문산고속도로전문투자형사모특별자산투자신탁\n10\n-\n10\n-\n-\n-\n \xa0이지스 KORIF 사모부동산 신탁 11-1호\n520\n26\n494\n32,770\n473\n473\n \xa0이지스 KORIF 사모부동산 신탁 11-2호\n523\n26\n497\n32,928\n557\n557\n \xa0이지스KORIF사모부동산투자신탁17-1호\n66,044\n20\n66,024\n53,642\n2,604\n2,604\n \xa0이지스KORIF사모부동산투자신탁17-2호\n66,087\n20\n66,067\n53,685\n2,647\n2,647\n \xa0이지스KORIF사모부동산투자신탁17-3호\n66,087\n20\n66,067\n53,685\n2,647\n2,647\n \xa0이지스KORIF사모부동산투자신탁17-4호\n66,088\n20\n66,068\n53,795\n2,757\n2,757\n \xa0파인트리솔쓰리사모부동산투자신탁3호\n13,734\n573\n13,161\n12,108\n10,399\n10,399\n \xa0파인트리솔쓰리사모부동산투자신탁5호\n14,458\n33\n14,425\n642\n410\n410\n \xa0하나다올HW랜드칩사모부동산자투자신탁1호\n127,720\n7\n127,713\n8,053\n5,247\n5,247\n \xa0한화 Prudential U.S. Real Estate Debt\n22,571\n1\n22,570\n8,957\n1,202\n1,202\n \xa0한화AI Global Choice사모증권투자신탁1호(채권혼합-재간접형)\n296,111\n160\n295,951\n484,983\n15,334\n15,334\n \xa0한화AI Global Choice사모증권투자신탁2호(채권혼합-재간접형)\n283,207\n40\n283,167\n508,113\n(1,637)\n(1,637)\n \xa0한화CONSUMER CREDIT전문투자형사모특별자산투자신탁1호\n1,159\n2\n1,157\n2,755\n(38)\n(38)\n \xa0한화DEBT STRATEGY전문투자형사모부동산투자신탁6호\n348,981\n257\n348,724\n361,084\n835\n835\n \xa0한화LTI인프라사모특별자산투자신탁1호\n410,224\n238\n409,986\n16,200\n14,700\n14,700\n \xa0한화LTI사모특별자산투자신탁2호\n68,195\n2\n68,193\n2,907\n2,657\n2,657\n \xa0한화트라이써클사모부동산투자신탁17호(리츠)\n6,921\n2\n6,919\n6,062\n5,873\n5,873\n \xa0한화트라이써클인프라특별자산1호\n183,506\n35\n183,471\n6,554\n5,896\n5,896\n \xa0한화트라이써클인프라특별자산3호\n62,397\n27\n62,370\n3,417\n3,257\n3,257\n \xa0교보AXA봉담송산고속도로 전문투자형사모특별자산투자신탁\n8,304\n38\n8,266\n88\n4\n4\n \xa0미래에셋UK가스인프라전문투자형사모특별자산투자신탁1호\n271,742\n14,014\n257,728\n34,195\n7,601\n7,601\n \xa0한화베트남레전드증권자투자신탁(주식) C-F\n11,406\n8\n11,398\n1,456\n1,398\n1,398\n \xa0한화 ASIA OPPORTUNITY 전문투자형 사모증권투자신탁 1호\n4,104\n1\n4,103\n163\n(54)\n(54)\n \xa0한화아세안레전드증권자투자신탁(주식) C-F\n29,534\n37\n29,497\n-\n(504)\n(504)\n \xa0한화 GLOBAL REAL ESTATE STRATEGY 전문투자형사모부동산투자신탁1호\n28,643\n47\n28,596\n735\n87\n87\n \xa0한화 GLOBAL CORPORATE PE STRATEGY 전문투자형 사모증권투자신탁 1\n28,229\n96\n28,133\n1,532\n(440)\n(440)\n \xa0한화 GLOBAL INFRASTRUCTURE STRATEGY 전문투자형사모특별자산투자신탁 1호\n37,997\n118\n37,879\n1,824\n(250)\n(250)\n \xa0한화마스터피스사모부동산7호\n-\n-\n-\n11\n-\n-\n \xa0파인트리솔쓰리전문투자형사모투자신탁 6-2호(부동산)\n13,268\n33\n13,235\n1,848\n1,605\n1,605\n(*) 사업결합에 따른 공정가치평가가 반영되지 않은 재무정보입니다.\n(4) 연결실체에 포함된 비지배지분이 중요한 종속기업의 당기손익 및 자본 중 비지배지분에 배분된 당기순손익 및 누적비지배지분은 다음과 같습니다(단위: 백만원).\n1) 당기\n구 \xa0 분\n지분율(%)\n기 \xa0 초\n비지배지분에 배분된당기순손익\n비지배지분에지급한 배당금\n기 \xa0 타\n누적비지배지분\n한화손해보험㈜\n48.6\n882,706\n31,482\n(14,631)\n219,182\n1,118,739\n기타법인\n0.4\n3,840\n(231)\n-\n410\n4,019\n합 \xa0 계\n\u3000\n886,546\n31,251\n(14,631)\n219,592\n1,122,758\n2) 전기\n구 \xa0 분\n지분율(%)\n기 \xa0 초\n비지배지분에 배분된당기순손익\n비지배지분에지급한 배당금\n기 \xa0 타\n누적비지배지분\n한화손해보험㈜\n48.6\n627,154\n103,932\n(5,456)\n157,076\n882,706\n기타법인\n0.4~40.0\n2,957\n(147)\n-\n1,030\n3,840\n합 \xa0 계\n\u3000\n630,111\n103,785\n(5,456)\n158,106\n886,546\n9. 관계기업 및 공동기업\n(1) 당기말과 전기말 현재 관계기업 및 공동기업 투자현황은 다음과 같습니다(단위: 백만원).\n회사명\n주요 영업\n법인설립/영업소재지\n지분율(%)\n당기말\n전기말\n취득원가\n장부금액\n취득원가\n장부금액\nSino Korea Life Insurance Co.,Ltd.(China)\n생명보험업\n중국\n50.0 \n86,239\n27,897\n86,239\n34,674\n에이앤디신용정보㈜(*1)\n신용조사 및 추심대행\n대한민국\n19.5 \n1,184\n2,739\n1,184\n3,071\n신공항하이웨이㈜(*1)\n도로시설 건설 및 운영\n대한민국\n3.5 \n8,453\n15,837\n8,453\n16,452\n광주제2순환도로㈜(*1)\n도로시설 건설 및 운영\n대한민국\n46.2 \n18,462\n8,975\n7,514\n2,363\n울산청천주식회사(*1)\n하수관거 정비 및 관리\n대한민국\n15.0 \n1,714\n1,392\n1,714\n1,434\n전라선철도주식회사(*1)\n철도시설 건설 및 운영\n대한민국\n11.9 \n12,553\n13,417\n12,553\n11,981\n푸른아산지키미주식회사(*1)\n하수관거 정비 및 관리\n대한민국\n15.0 \n1,407\n1,142\n1,407\n1,161\n푸른김해지키미주식회사(*1)\n하수관거 정비 및 관리\n대한민국\n14.0 \n1,411\n1,099\n1,411\n1,124\n청정상주주식회사(*1)\n하수관거 정비 및 관리\n대한민국\n15.0 \n1,323\n1,008\n1,323\n1,033\n푸른군산지키미주식회사(*1)\n하수관거 정비 및 관리\n대한민국\n15.0 \n1,287\n1,239\n1,287\n1,224\n진주청천주식회사(*1)\n하수관거 정비 및 관리\n대한민국\n14.2 \n1,210\n1,014\n1,210\n1,040\n판교에스디투주식회사(*1)\n부동산 개발 및 임대\n대한민국\n19.2 \n23,796\n25,484\n23,796\n25,139\n푸른제주지키미주식회사(*1)\n하수관거 정비 및 관리\n대한민국\n13.0 \n661\n495\n661\n522\n푸른당진지키미주식회사(*1)\n하수관거 정비 및 관리\n대한민국\n15.0 \n736\n559\n736\n573\n푸른여수지키미주식회사(*1)\n하수관거 정비 및 관리\n대한민국\n14.0 \n658\n346\n658\n376\n남양강진씨앤지㈜(*1)\n하수관거 정비 및 관리\n대한민국\n15.0 \n520\n393\n520\n405\n노원학교관리주식회사(*1)\n학교시설 준공 및 관리\n대한민국\n14.6 \n688\n695\n688\n688\n기능대비티엘주식회사(*1)\n학교시설 준공 및 관리\n대한민국\n14.8 \n459\n473\n459\n478\n제주엔바이로주식회사(*1)\n하수관거 정비 및 관리\n대한민국\n7.8 \n857\n501\n857\n653\n청정서귀포주식회사(*1)\n하수관거 정비 및 관리\n대한민국\n11.4 \n1,102\n1,267\n1,102\n1,246\n코에프씨밸류업 사모투자전문회사(*2)\n자산운용업\n대한민국\n3.9 \n-\n-\n2,500\n2,935\n케이디비아시아 사모투자합자회사\n외국기업 투자 및 관리\n대한민국\n20.0 \n5,902\n8,609\n5,902\n5,641\n코에프씨교보한화그로쓰챔프2010의6 사모투자전문회사\n기업집단 협력업체 투자\n대한민국\n25.0 \n1,793\n440\n2,293\n1,021\n코에프씨포스코한화케이비동반성장제이호 사모투자전문회사\n신성장동력 투자\n대한민국\n22.5 \n11,673\n8,786\n11,673\n10,924\n2018신산업글로벌플러스업펀드\n신성장동력 투자\n대한민국\n40.0 \n4,000\n3,993\n-\n-\n충남-한화중소기업육성펀드\n창업투자조합\n대한민국\n50.0 \n6,300\n5,754\n2,700\n2,330\n서울글로벌바이오메디컬신성장동력투자펀드\n신성장동력 투자\n대한민국\n23.3 \n4,182\n12,593\n6,772\n12,804\n2011 KIF-한화 IT 전문 투자조합\n창업투자조합\n대한민국\n22.0 \n552\n3,426\n2,532\n4,919\nAI Alliance LLC\n역외금융회사\n미국\n33.3 \n2,204\n2,086\n-\n-\n2018 한화 IOT전문 신기술금융투자펀드(*3)\n창업투자조합\n대한민국\n63.3 \n3,420\n4,561\n-\n-\n합 \xa0 계\n204,746\n156,220\n188,144\n146,211\n(*1) 피투자회사 이사회에서 재무정책과 영업정책에 관한 의사결정에 참여할 수 있는 등 유의적인 영향력이 존재하므로 관계기업투자로 분류하였습니다.(*2) 종속기업인 한화자산운용㈜은 코에프씨밸류업 사모투자전문회사에 대한 무한책임사원으로써 유의적인 영향력이 존재함에 따라 연결실체는 동 수익증권을 관계기업투자로 분류하였습니다.\n(*3) 관련활동을 지시하는 현재의 능력을 보유하고 있지 않아 지배력이 없다고 판단하였고, 연결실체는 동 출자금을 관계기업투자로 분류하였습니다.\n(2) 당기 및 전기 중 종목별 관계기업 및 공동기업의 변동내역은 다음과 같습니다(단위: 백만원).1) 당기\n회사명\n기초\n증감\n기말\n취득/대체\n지분법손익\n기타 증감액\nSino Korea Life Insurance Co.,Ltd.(China)\n34,674\n-\n(9,926)\n3,149\n27,897\n에이앤디신용정보㈜\n3,071\n-\n(283)\n(49)\n2,739\n신공항하이웨이㈜\n16,452\n-\n3,935\n(4,550)\n15,837\n전라선철도주식회사\n11,981\n-\n1,381\n55\n13,417\n판교에스디투주식회사\n25,139\n-\n2,254\n(1,909)\n25,484\n코에프씨교보한화그로쓰챔프2010의6 사모투자전문회사\n1,021\n-\n(50)\n(531)\n440\n코에프씨포스코한화케이비동반성장제이호 사모투자전문회사\n10,924\n-\n(2,107)\n(31)\n8,786\n2018신산업글로벌플러스업펀드\n-\n4,000\n(7)\n-\n3,993\n충남-한화중소기업육성펀드\n2,330\n3,600\n(176)\n-\n5,754\n서울글로벌바이오메디컬신성장동력투자펀드\n12,804\n-\n2,314\n(2,525)\n12,593\n2011 KIF-한화 IT 전문 투자조합\n4,919\n-\n1,918\n(3,411)\n3,426\nAI Alliance LLC\n-\n2,204\n(113)\n(5)\n2,086\n2018 한화 IOT전문 신기술금융투자펀드\n-\n4,750\n(283)\n94\n4,561\n기타\n22,896\n14,065\n(7,754)\n-\n29,207\n합 \xa0 \xa0계\n146,211\n28,619\n(8,897)\n(9,713)\n156,220\n2) 전기\n회사명\n기초\n증감\n기말\n취득/대체\n지분법손익\n기타 증감액\n에이앤디신용정보㈜\n3,050\n-\n79\n(58)\n3,071\nSino Korea Life Insurance Co., Ltd.(China)\n8,998\n40,900\n(11,852)\n(3,372)\n34,674\n신공항하이웨이㈜\n18,730\n-\n3,323\n(5,601)\n16,452\n전라선철도주식회사\n12,380\n-\n(399)\n-\n11,981\n판교에스디투주식회사\n17,213\n7,469\n2,253\n(1,796)\n25,139\n코에프씨교보한화그로쓰챔프2010의6 사모투자전문회사\n2,297\n-\n(90)\n(1,186)\n1,021\n코에프씨포스코한화케이비동반성장제이호 사모투자전문회사\n19,830\n-\n(324)\n(8,582)\n10,924\n충남-한화중소기업육성펀드\n1,156\n1,350\n(176)\n-\n2,330\n한화 신성장동력 펀드\n2,162\n-\n(1)\n(2,161)\n-\n서울글로벌바이오메디컬신성장동력투자펀드\n14,423\n-\n2,375\n(3,994)\n12,804\n2011 KIF-한화 IT 전문 투자조합\n4,696\n-\n223\n-\n4,919\n기타\n21,615\n1,426\n(145)\n-\n22,896\n합 \xa0 \xa0계\n126,550\n51,145\n(4,734)\n(26,750)\n146,211\n(3) 당기말과 전기말 현재 주요 관계기업 및 공동기업의 요약재무정보는 다음과 같습니다(단위: 백만원).1) 당기말\r\n회사명\n자산총액\n부채총액\n자본총액\n영업수익\n당기순손익\n당기포괄손익\nSino Korea Life Insurance Co.,Ltd(China)\n282,546\n226,753\n55,793\n102,353\n(19,852)\n(13,555)\n신공항하이웨이㈜ 외 18개사\n2,433,360\n1,625,481\n807,879\n406,420\n137,185\n137,185\n2018 한화 IOT전문 신기술금융투자펀드\n7,313\n111\n7,202\n3\n(298)\n(298)\n충남-한화중소기업육성펀드외 8개사\n244,613\n2,087\n242,526\n27,776\n6,425\n15,922\n2) 전기말\n회사명\n자산총액\n부채총액\n자본총액\n영업수익\n당기순손익\n당기포괄손익\nSino Korea Life Insurance Co.,Ltd(China)\n278,617\n209,269\n69,348\n82,986\n(23,705)\n(30,448)\n신공항하이웨이㈜ 외 18개사\n2,568,402\n1,755,516\n812,886\n386,893\n105,076\n105,076\n코에프씨밸류업 사모투자전문회사\n68,160\n2\n68,158\n892\n95\n95\n충남-한화중소기업육성펀드외 5개사\n160,210\n2,315\n157,895\n28,776\n13,240\n14,800\n(4) 당기말 현재 중요한 관계기업 및 공동기업의 재무정보금액을 관계기업 및 공동기업에 대한 지분의 장부금액으로 조정한 내역은 다음과 같습니다(단위: 백만원).\n구 \xa0 분\n순자산장부금액\n지분율(%)\n순자산지분비율\n투자차액 등\n장부금액\nSino Korea Life Insurance Co.,Ltd.(China)\n55,793\n50.0\n27,897\n-\n27,897\n에이앤디신용정보㈜\n14,045\n19.5\n2,739\n-\n2,739\n신공항하이웨이㈜\n452,486\n3.5\n15,837\n-\n15,837\n광주제2순환도로㈜\n19,417\n46.2\n8,975\n-\n8,975\n전라선철도주식회사\n111,848\n11.9\n13,417\n-\n13,417\n판교에스디투주식회사\n125,104\n19.2\n24,062\n1,422\n25,484\n코에프씨교보한화그로쓰챔프2010의6 사모투자전문회사\n2,596\n25.0\n649\n(209)\n440\n코에프씨포스코한화케이비동반성장제이호 사모투자전문회사\n46,033\n22.5\n10,358\n(1,572)\n8,786\n2018 한화신산업글로벌플러스업\n9,982\n40.0\n3,993\n-\n3,993\n충남-한화중소기업육성펀드\n11,508\n50.0\n5,754\n-\n5,754\n서울글로벌바이오메디컬신성장동력투자펀드\n52,211\n23.3\n12,183\n410\n12,593\n2011 KIF-한화 IT 전문 투자조합\n5,588\n22.0\n1,229\n2,197\n3,426\n2018 한화 IOT전문 신기술금융투자펀드\n7,202\n63.3\n4,561\n-\n4,561\n10. 대출채권\n(1) 당기말과 전기말 현재 대출채권의 내역은 다음과 같습니다(단위: 백만원).\r\n구 \xa0 분\n당기말\n전기말\n 콜론\n-\n31,600\n 보험약관대출\n7,326,592\n6,911,254\n 부동산담보대출\n7,814,310\n7,450,159\n 신용대출\n7,862,316\n7,306,670\n 지급보증대출\n672,617\n652,678\n 기타대출\n3,284,637\n3,127,303\n소 \xa0 계\n26,960,472\n25,479,664\n 이연대출부대손익\n47,756\n40,413\n 현재가치할인차금\n(1,720)\n(1,883)\n 대손충당금\n(91,495)\n(92,049)\n합 \xa0 계\n26,915,013\n25,426,145\n(2) 당기말과 전기말 현재 대손충당금의 세부내역은 다음과 같습니다(단위: 백만원).\n구 \xa0 분\n당기말\n전기말\n 보험약관대출\n214\n175\n 부동산담보대출\n2,066\n975\n 신용대출\n71,044\n71,136\n 기타대출\n18,171\n19,763\n합 \xa0 계\n91,495\n92,049\n(3) 당기 및 전기 중 대손충당금의 변동내역은 다음과 같습니다(단위: 백만원).1) 당기\r\n구 \xa0 분\n기초\n순전입(환입)\n제각\n기타(*)\n기말\n대출채권 대손충당금\n92,049\n28,934 \n(35,871)\n6,383 \n91,495 \n2) 전기 \n구 \xa0 분\n기초\n순전입(환입)\n제각\n기타(*)\n기말\n대출채권 대손충당금\n86,930\n26,554\n(32,795)\n11,360\n92,049\n(*) 기타 사항은 Unwinding으로 인한 효과 및 상각채권회수 등의 사항입니다.\n(4) 당기말과 전기말 현재 손상 및 연체된 대출채권의 내역은 다음과 같습니다(단위: 백만원).\n구 \xa0 분(*)\n당기말\n전기말\n 연체되지 않고 손상되지 않은 대출채권\n26,368,776\n24,856,693\n 연체되었으나 손상되지 않은 대출채권\n329,255\n368,829\n 손상된 대출채권\n262,441\n254,142\n합 \xa0 계\n26,960,472\n25,479,664\n(*) 대출채권 원금을 기준으로 분류하였습니다. (5) 당기말과 전기말 현재 연체되었으나 손상되지 않은 대출채권의 연령분석내역은 다음과 같습니다(단위: 백만원).1) 당기말\n구 \xa0 분\n30일 이내\n30일 이상60일 이내\n60일 이상90일 이내\n90일 이상\n합 \xa0 계\n연체되었으나 손상되지 않은 대출채권\n260,771\n32,161\n9,938\n26,385\n329,255\n2) 전기말\n구 \xa0 분\n30일 이내\n30일 이상60일 이내\n60일 이상90일 이내\n90일 이상\n합 \xa0 계\n연체되었으나 손상되지 않은 대출채권\n309,214\n23,907\n11,809\n23,899\n368,829\n11. 파생금융상품 및 위험회피회계\n(1) 당기말과 전기말 현재 파생상품 관련 현황은 다음과 같습니다(단위: 백만원).\n1) 당기말\n구 \xa0 분\n매매목적\n위험회피목적\n합 \xa0 계\n자산\n부채\n자산\n부채\n자산 계\n부채 계\n 통화선도\n17,553\n15,293\n19,117\n108,880\n36,670\n124,173\n 통화스왑(*)\n1,046\n1,136\n327,165\n196,451\n328,211\n197,587\n 주가지수옵션\n-\n435\n-\n-\n-\n435\n 신용파생상품\n12,302\n-\n-\n-\n12,302\n-\n합 \xa0 계\n30,901\n16,864\n346,282\n305,331\n377,183\n322,195\n(*) 연결실체는 외화채권의 환변동에 따른 미래 공정가치 및 현금흐름의 변동위험을 헤지하기 위하여 통화스왑계약을 체결하고 있으며, 위험에 노출되는 예상 최장기간은 2039년 3월 15일까지입니다.\n2) 전기말\n구 \xa0 분\n매매목적\n위험회피목적\n합 \xa0 계\n자산\n부채\n자산\n부채\n자산 계\n부채 계\n 통화선도\n41,326\n-\n156,654\n23\n197,980\n23\n 통화스왑(*)\n52,863\n13,947\n1,049,417\n12,177\n1,102,280\n26,124\n 주가지수옵션\n-\n410\n-\n-\n-\n410\n 신용파생상품\n13,592\n-\n-\n-\n13,592\n-\n합 \xa0 계\n107,781\n14,357\n1,206,071\n12,200\n1,313,852\n26,557\n(2) 당기 및 전기의 파생상품의 약정금액 및 관련 평가손익은 다음과 같습니다(단위: 백만원).1) 당기\n구 \xa0 분\n매매목적\n위험회피목적\n미결제약정금액\n평가이익(PL)\n평가손실(PL)\n미결제약정금액\n평가이익(PL)\n평가손실(PL)\n 통화선도\n2,060,047\n25,604\n49,389\n4,284,932\n42,672\n129,154\n 통화스왑\n630,370\n7,735\n633\n21,380,037\n317,976\n674,309\n 주가지수옵션\n-\n-\n25\n-\n-\n-\n 신용파생상품\n-\n1,315\n2,605\n-\n-\n-\n합 \xa0 계\n2,690,417\n34,654\n52,652\n25,664,969\n360,648\n803,463\n2) 전기\n구 \xa0 분\n매매목적\n위험회피목적\n미결제약정금액\n평가이익(PL)\n평가손실(PL)\n미결제약정금액\n평가이익(PL)\n평가손실(PL)\n 통화선도\n1,051,029\n53,571\n-\n3,917,648\n346,519\n87,576\n 통화스왑\n917,427\n175,403\n110,422\n17,221,709\n1,718,059\n311,606\n 주가지수옵션\n-\n226\n-\n-\n-\n-\n 신용파생상품\n-\n8,109\n1,902\n-\n-\n-\n합 \xa0 계\n1,968,456\n237,309\n112,324\n21,139,357\n2,064,578\n399,182\n(3) 당기와 전기 중 기타포괄손익누계액에 계상된 위험회피목적파생상품평가손익의 증감 내역은 다음과 같습니다(단위: 백만원).\n1) 당기\n구 \xa0 분\n기초\n증감\n기말\n 위험회피목적파생상품평가손익\n38,375\n275\n38,650\n 이연법인세효과\n(10,083)\n183\n(9,900)\n합 \xa0 \xa0계\n28,292\n458\n28,750\n2) 전기\n구 \xa0 분\n기초\n증감\n기말\n 위험회피목적파생상품평가손익\n23,624\n14,751\n38,375\n 이연법인세효과\n(7,018)\n(3,065)\n(10,083)\n합 \xa0 \xa0계\n16,606\n11,686\n28,292\n(4) 현금흐름위험회피회계 적용 시 위험회피에 비효과적인 부분에 해당하여 당기와 전기 중 손익으로 인식한 금액은 각각 5,275 백만원 및 5,863 백만원입니다.(5) 당기말과 전기말 현재 연결실체가 파생상품거래와 관련하여 담보로 제공하고 있는 유가증권의 내용은 다음과 같습니다(단위: 백만원).\n제공기관\n유가증권명\n당기말\n전기말\n 중소기업은행 외\n 국공채 등\n438,429\n570,000\n(6) 금융자산과 금융부채의 상계연결실체는 파생상품, 환매조건부채권매매, 유가증권 대차거래 등과 관련하여 파생상품청산약정, 국제표준환매약정, 국제표준증권대여약정 및 금융담보 등의 실행가능한 일괄상계약정 또는 이와 유사한 약정의 적용을 받고 있습니다.\n① 당기말\n구 \xa0 분\n자산총액\n상계된부채총액\n재무상태표표시 순액\n상계되지 않은 금액\n순액\n금융상품\n현금담보\n파생상품자산\n364,881\n-\n364,881\n257,283\n-\n107,598\n② 전기말\n구 분\n자산총액\n상계된부채총액\n재무상태표표시 순액\n상계되지 않은 금액\n순액\n금융상품\n현금담보\n파생상품자산\n1,300,261\n-\n1,300,261\n76,232\n-\n1,224,029\n2) 실행가능한 일괄상계약정 또는 이와 유사한 약정의 적용을 받는 인식된 금융부채의 종류별 내역은 다음과 같습니다(단위: 백만원).① 당기말\n구 분\n부채총액\n상계된자산총액\n재무상태표표시 순액\n상계되지 않은 금액\n순액\n금융상품\n현금담보\n파생상품부채\n321,760\n-\n321,760\n305,848\n-\n15,912\n② 전기말\n구 분\n부채총액\n상계된자산총액\n재무상태표표시 순액\n상계되지 않은 금액\n순액\n금융상품\n현금담보\n파생상품부채\n26,148\n-\n26,148\n12,200\n-\n13,947\n12. 보험가입자산 당기말 현재 연결실체는 연결실체가 소유한 건물에 대하여 한화손해보험(주) 등에 재산종합보험(부보금액 1,669,991백만원(전기말: 1,470,567백만원))에 가입하고 있습니다. 한편, 연결실체는 한화손해보험(주) 등에 전산기기 등에 대하여 동산종합보험 \xa0(부보금액 37,577백만원(전기말: 191,413백만원))에가입하고 있으며, 연결실체 소유차량에 대하여 책임보험과 종합보험에 가입하고 있습니다.\n13. 유형자산, 투자부동산 및 무형자산\n(1) 당기말과 전기말 현재 유형자산, 투자부동산 및 무형자산 장부금액의 구성내역은다음과 같습니다(단위: 백만원).\n1) 당기말\n구 \xa0 분\n내 \xa0 용\n취득금액\n감가상각누계액\n손상차손누계액\n장부금액\n 유형자산\n 토지\n937,606\n-\n(28,497)\n909,109\n 건물\n1,184,211\n(373,112)\n(18,339)\n792,760\n 구축물\n624\n(295)\n(54)\n275\n 차량운반구\n1,468\n(1,336)\n-\n132\n 공기구비품\n372,230\n(301,524)\n-\n70,706\n 기타의유형자산\n18,218\n(1,121)\n(9,331)\n7,766\n 건설중인자산\n22,350\n-\n-\n22,350\n유형자산 계\n2,536,707\n(677,388)\n(56,221)\n1,803,098\n 투자부동산\n 토지\n1,493,502\n-\n(11,472)\n1,482,030\n 건물\n1,419,311\n(374,828)\n(9,512)\n1,034,971\n투자부동산 계\n2,912,813\n(374,828)\n(20,984)\n2,517,001\n 무형자산\n 소프트웨어\n140,319\n(115,927)\n-\n24,392\n 개발비\n274,502\n(215,178)\n-\n59,324\n 기타의무형자산\n1,428,555\n(284,020)\n(11,876)\n1,132,659\n 영업권\n15,166\n-\n(15,166)\n-\n무형자산 계\n1,858,542\n(615,125)\n(27,042)\n1,216,375\n합 \xa0 계\n7,308,062\n(1,667,341)\n(104,247)\n5,536,474\n2) 전기말\n구 \xa0 분\n내 \xa0 용\n취득금액\n감가상각누계액\n손상차손누계액\n장부금액\n 유형자산\n 토지\n961,570\n-\n(29,399)\n932,171\n 건물\n1,113,963\n(353,406)\n(21,024)\n739,533\n 구축물\n589\n(277)\n(54)\n258\n 차량운반구\n1,830\n(1,639)\n-\n191\n 공기구비품\n363,607\n(290,539)\n(144)\n72,924\n 기타의유형자산\n20,203\n(2,802)\n(9,421)\n7,980\n 건설중인자산\n65,706\n-\n-\n65,706\n유형자산 계\n2,527,468\n(648,663)\n(60,042)\n1,818,763\n 투자부동산\n 토지\n1,490,533\n-\n(10,570)\n1,479,963\n 건물\n1,355,246\n(336,284)\n(10,206)\n1,008,756\n투자부동산 계\n2,845,779\n(336,284)\n(20,776)\n2,488,719\n 무형자산\n 소프트웨어\n131,813\n(106,939)\n-\n24,874\n 개발비\n254,972\n(198,305)\n-\n56,667\n 기타의무형자산\n1,427,597\n(181,479)\n(13,164)\n1,232,954\n 영업권\n14,791\n-\n(8,247)\n6,544\n무형자산 계\n1,829,173\n(486,723)\n(21,411)\n1,321,039\n합 \xa0 계\n7,202,420\n(1,471,670)\n(102,229)\n5,628,521\n(2) 당기 및 전기 중 유형자산, 투자부동산 및 무형자산 변동내역은 다음과 같습니다 (단위: 백만원).\n1) 당기\n구 \xa0 분\n내 \xa0 용\n기초\n취득\n처분\n대체\n상각\n손상\n연결범위변동\n환율효과 등\n기말\n 유형자산\n 토지\n932,171\n11,329\n(32,102)\n(2,250)\n-\n-\n(59)\n20\n909,109\n 건물\n739,533\n17,644\n(16,185)\n80,302\n(28,350)\n-\n(228)\n44\n792,760\n 구축물\n258\n35\n-\n-\n(18)\n-\n-\n-\n275\n 차량운반구\n191\n327\n(105)\n-\n(251)\n-\n(25)\n(5)\n132\n 공기구비품\n72,924\n30,590\n(353)\n2,077\n(34,221)\n(38)\n(349)\n76\n70,706\n 기타의유형자산\n7,980\n45\n(71)\n-\n(97)\n-\n(77)\n(14)\n7,766\n 건설중인자산\n65,706\n104,692\n-\n(147,977)\n-\n-\n-\n(71)\n22,350\n유형자산 계\n1,818,763\n164,662\n(48,816)\n(67,848)\n(62,937)\n(38)\n(738)\n50\n1,803,098\n 투자부동산\n 토지\n1,479,963\n-\n(8,173)\n9,336\n-\n-\n-\n904\n1,482,030\n 건물\n1,008,756\n2,634\n(2,520)\n61,706\n(39,121)\n-\n-\n3,516\n1,034,971\n투자부동산 계\n2,488,719\n2,634\n(10,693)\n71,042\n(39,121)\n-\n-\n4,420\n2,517,001\n 무형자산\n 소프트웨어\n24,874\n8,178\n(2)\n1,758\n(8,693)\n-\n(348)\n(1,375)\n24,392\n 개발비\n56,667\n17,346\n-\n8,962\n(17,841)\n(5,810)\n-\n-\n59,324\n 기타의무형자산\n1,232,954\n4,478\n(1,117)\n-\n(103,370)\n(319)\n(428)\n461\n1,132,659\n 영업권\n6,544\n-\n-\n-\n-\n(6,918)\n-\n374\n-\n무형자산 계\n1,321,039\n30,002\n(1,119)\n10,720\n(129,904)\n(13,047)\n(776)\n(540)\n1,216,375\n합 \xa0 계\n5,628,521\n197,298\n(60,628)\n13,914\n(231,962)\n(13,085)\n(1,514)\n3,930\n5,536,474\n2) 전기\n구 \xa0 분\n내 \xa0 용\n기초\n취득\n처분\n대체\n상각\n손상\n환율효과 등\n기말\n 유형자산\n 토지\n936,132\n185\n(37,869)\n33,723\n-\n-\n-\n932,171\n 건물\n734,733\n4,919\n(3,945)\n33,884\n(27,972)\n-\n(2,086)\n739,533\n 구축물\n273\n-\n-\n-\n(15)\n-\n-\n258\n 차량운반구\n498\n1\n(272)\n-\n(132)\n-\n96\n191\n 공기구비품\n66,069\n36,767\n(1,072)\n4,037\n(32,067)\n-\n(810)\n72,924\n 기타의유형자산\n7,987\n297\n(1,738)\n-\n(111)\n-\n1,545\n7,980\n 건설중인자산\n121,878\n67,973\n(266)\n(124,184)\n-\n-\n305\n65,706\n유형자산 계\n1,867,570\n110,142\n(45,162)\n(52,540)\n(60,297)\n-\n(950)\n1,818,763\n 투자부동산\n 토지\n1,637,272\n1,486\n(122,986)\n(33,723)\n-\n-\n(2,086)\n1,479,963\n 건물\n1,183,866\n3,998\n(221,233)\n90,300\n(36,105)\n-\n(12,070)\n1,008,756\n투자부동산 계\n2,821,138\n5,484\n(344,219)\n56,577\n(36,105)\n-\n(14,156)\n2,488,719\n 무형자산\n 소프트웨어\n27,227\n5,287\n-\n3,340\n(10,941)\n-\n(39)\n24,874\n 개발비\n45,371\n18,883\n-\n8,982\n(16,569)\n-\n-\n56,667\n 기타의무형자산\n1,349,241\n-\n(1,551)\n-\n(114,736)\n-\n-\n1,232,954\n 영업권\n14,791\n-\n-\n-\n-\n(8,247)\n-\n6,544\n무형자산 계\n1,436,630\n24,170\n(1,551)\n12,322\n(142,246)\n(8,247)\n(39)\n1,321,039\n합 \xa0 계\n6,125,338\n139,796\n(390,932)\n16,359\n(238,648)\n(8,247)\n(15,145)\n5,628,521\n(3) 당기 및 전기 중 투자부동산 관련 임대수익 및 임대비용은 다음과 같습니다(단위: 백만원).\n구 \xa0 분\n당 \xa0 기\n전 \xa0 기\n 임대수익\n142,340\n145,539\n 임대비용\n(34,670)\n(41,845)\n(4) 당기말 현재 투자부동산의 공정가치는 다음과 같습니다(단위: 백만원).\n구 \xa0 분\n공정가치\n장부금액\n공정가치 비율\n투자부동산\n2,731,230\n2,517,001\n108.51%\n투자부동산의 공정가치는 해당 지역의 부동산 평가와 관련하여 적절한 자격과 경험을 가지고 있는 외부의 독립적인 부동산 평가법인이 수행한 평가에 근거하여 결정되었으며, 공정가치 서열체계 상 수준 3으로 분류됩니다.(5) 당기말 현재 연결실체의 토지, 건물에 대한 임대보증금과 관련하여 각각 97,777백만원(전기말: 144,030백만원) 및 15,465백만원(전기말: 15,918백만원)의 근저당 및 전세권이 설정되어 있습니다.\n14. 기타금융자산\n(1) 당기말과 전기말 현재 기타금융자산의 내역은 다음과 같습니다(단위: 백만원).\n구 \xa0 분\n당기말\n전기말\n 보험미수금\n421,598\n546,822\n 미수금\n160,869\n194,523\n 미수수익\n822,364\n721,370\n 보증금\n139,106\n139,356\n 기타수취채권\n4,603\n18,697\n 현재가치할인차금\n(2,283)\n(2,205)\n 대손충당금\n(94,106)\n(127,942)\n합 \xa0 계\n1,452,151\n1,490,621\n(2) 당기 및 전기 중 기타금융자산의 대손충당금 변동내역은 다음과 같습니다(단위: 백만원).1) 당기\r\n구 \xa0 분\n기초\n순전입(환입)\n제각\n기타(*)\n기말\n기타금융자산 대손충당금\n127,942\n(374)\n(35,598)\n2,136\n94,106\n2) 전기\n구 \xa0 분\n기초\n순전입(환입)\n제각\n기타(*)\n기말\n기타금융자산 대손충당금\n126,235\n2,869\n(1,159)\n(3)\n127,942\n(*) 기타 사항은 Unwinding으로 인한 효과 및 상각채권회수 등의 사항입니다.\n15. 기타자산\n(1) 당기말과 전기말 현재 기타자산의 내역은 다음과 같습니다(단위: 백만원).\n구 \xa0 분\n당기말\n전기말\n 재보험자산\n637,918\n580,074\n 미상각신계약비\n2,228,073\n2,287,926\n 선급비용\n20,664\n13,333\n 선급부가세\n195\n281\n 선급금\n13,787\n18,428\n 구상채권\n25,521\n21,422\n 기타\n1,578\n373\n합 \xa0 계\n2,927,736\n2,921,837\n(2) 당기 및 전기 중 재보험자산의 변동내역은 다음과 같습니다(단위: 백만원).\n구 \xa0 분\n당 \xa0 기\n전 \xa0 기\n 기초\n580,074 \n521,869\n 증감\n57,844 \n58,205\n 기말\n637,918 \n580,074\n(3) 당기 및 전기 중 미상각신계약비의 변동내용은 다음과 같습니다(단위: 백만원).\n1) 당기\n구 \xa0 분\n개인보험\n단체보험\n종속기업\n합 \xa0 계\n생존\n사망\n생사혼합\n 기초\n332,717 \n1,550,898 \n64,519 \n1,968 \n337,824 \n2,287,926 \n 이연액\n53,808 \n640,377 \n10,668 \n950 \n566,728 \n1,272,531 \n 상각액\n(173,346)\n(751,391)\n(36,415)\n(904)\n(370,328)\n(1,332,384)\n 기말\n213,179 \n1,439,884 \n38,772 \n2,014 \n534,224 \n2,228,073 \n2) 전기\n구 \xa0 분\n개인보험\n단체보험\n종속기업\n합 \xa0 계\n생존\n사망\n생사혼합\n 기초\n456,917\n1,603,798\n99,242\n1,961\n124,945 \n2,286,863\n 이연액\n159,366\n862,991\n37,006\n1,168\n488,289 \n1,548,820\n 상각액\n(283,566)\n(915,891)\n(71,729)\n(1,161)\n(275,410)\n(1,547,757)\n 기말\n332,717\n1,550,898\n64,519\n1,968\n337,824 \n2,287,926\n(4) 당기 및 전기 중 구상채권의 변동내역은 다음과 같습니다(단위: 백만원).1) 당기\n구 \xa0 분\n일반\n장기\n자동차\n합 \xa0 계\n 기초\n3,456\n5,522\n12,443\n21,421\n 기중변동액\n(343)\n1,331\n3,112\n4,100\n 기말\n3,113\n6,853\n15,555\n25,521\n2) 전기\n구 \xa0 분\n일반\n장기\n자동차\n합 \xa0 계\n 기초\n2,872\n4,534\n9,465\n16,871\n 기중변동액\n584\n988\n2,978\n4,550\n 기말\n3,456\n5,522\n12,443\n21,421\n16. 보험계약부채\n(1) 당기말과 전기말 현재 보험계약부채의 구성내역은 다음과 같습니다(단위: 백만원).\n구 \xa0 분\n당기말\n전기말\n 보험료적립금\n89,225,510\n85,158,502 \n 지급준비금\n3,079,449\n2,909,160 \n 미경과보험료적립금\n729,218\n716,515 \n 보증준비금\n1,139,487\n1,056,041 \n 계약자배당준비금\n316,617\n314,949 \n 계약자이익배당준비금\n48,793\n40,843 \n 배당보험손실보전준비금\n33,047\n26,037 \n합 \xa0 계\n94,572,121\n90,222,047 \n(2) 당기 및 전기 중 보험종류별 보험계약부채의 변동내역은 다음과 같습니다(단위: 백만원).1) 당기\r\n구 \xa0 분\n개인보험\n단체보험\n계약자이익배당준비금 등\n종속기업\n합 \xa0 계\n생존보험\n사망보험\n생사혼합보험\n 기초\n25,492,547\n39,990,987\n10,668,816\n683,967\n417,117\n12,968,613\n90,222,047\n 적립(환입)액\n739,055\n1,751,673\n486,522\n(14,192)\n24,141\n1,362,875\n4,350,074\n 기말\n26,231,602\n41,742,660\n11,155,338\n669,775\n441,258\n14,331,488\n94,572,121\n2) 전기\n구 \xa0 분\n개인보험\n단체보험\n계약자이익배당준비금 등\n종속기업\n합 \xa0 계\n생존보험\n사망보험\n생사혼합보험\n 기초\n24,683,661\n37,708,176\n9,832,521\n694,328\n371,660\n11,648,597\n84,938,943\n 적립(환입)액\n808,886\n2,282,811\n836,295\n(10,361)\n45,457\n1,320,016\n5,283,104\n 기말\n25,492,547\n39,990,987\n10,668,816\n683,967\n417,117\n12,968,613\n90,222,047\n17. 보험계약부채 적정성 평가\n(1) 보험업감독규정 시행세칙 개정보험업감독업무시행세칙 개정에 따라 보험계약부채 적정성 평가 기준이 변경되었으며, 동 시행세칙의 개정은 할인율 산출구조의 변경과 현행 추정치 조정방식 등의 변경사항을 포함하고 있습니다. 연결실체는 상기 평가 기준의 변경이 미래현금흐름의 현행 추정치에 대하여 더 신뢰성 있고 목적적합한 정보를 제공한다고 보아 회계정책의 변경으로 적용하였으며, 비교 표시된 전기말과 전기초의 주석은 재작성되었습니다.보험계약부채적정성평가 기준의 주요 변경사항은 다음과 같습니다.\n구 \xa0 분\n산출근거\n할인율 산출구조 변경\n- 회사별 위험자산 투자비중 배제- 산업스프레드에서 신용위험스프레드 단계적 제거\n책임준비금 현행추정치 조정\n- 책임준비금 현행추정치를 금리시나리오 가중평균으로 단계적 적용\n보험계약대출 현금흐름 반영\n- 보험계약대출 현금흐름을 보험부채 적정성 평가에 반영\n(2) 평가대상 보험계약부채2018년 12월 31일 현재의 보유계약으로서 보험료적립금과 미경과보험료적립금을 대상으로 적정성 평가를 수행하였으며, 보험료적립금은 순보험료식보험료적립금에서 미상각신계약비와 보험계약대출금을 공제한 금액을 대상으로 하였습니다. \n(3) 연결실체가 부채적정성평가에 적용한 현행 추정치의 가정과 산출근거는 다음과 같습니다.1) 생명보험\n구 \xa0 분\n당기말적용가정\n산출근거\n할인율\n평균 3.05%\n금융감독원이 제시한 시나리오(무위험이자율+유동성프리미엄) 적용\n사업비율\n신계약비\n당사의 최근 1년 경험통계를 기초로 채널별, 상품군별, 납입방법별, 회차별로 구분하여 모집수당 규정 등 당사의 관련 규정에 따라 미래에 실제 집행될 금액 기준으로산출\n유지비\n당사의 최근 1년 경험통계를 기초로 하며, 보유계약건수, 수입보험료, 예정유지비 등을 기준으로 채널별 유지비율 산출\n해약율\n1.5% ~ 60%\n당사의 최근 5개년 경험통계를 기초로 납입형태별, 채널별, 상품군별, 경과기간별건수 기준의 해약율 산출\n위험률\n15% ~ 180%\n당사의 최근 5개년 경험통계를 기초로 생명표별, 상품군별, 배당유형별, 경과기간별 위험보험료 대비 지급보험금의 비율로 산출\n2) 손해보험\n구 \xa0 분\n산출근거\n할인율\n금융감독원이 제시한 시나리오(무위험이자율+유동성프리미엄) 적용\n사업비율\n최근 1년간 경험통계를 기반으로 연결실체의 미래 사업비 정책 등을 반영\n해약률\n최근 5개년 경험통계를 기반으로 산출한 납입형태별, 채널별, 상품군별, 경과기간별 보험료 기준\n위험률\n최근 5년 경험통계를 기반으로 산출한 경과기간별 위험보험료 대비 지급보험금비율 기준\n(4) 부채적정성평가는 금리확정 및 배당여부, 변액을 구분하여 보험계약 유형별로 수행하였으며, 당기 중 보험계약부채 적정성평가 제도 개정에 따른 소급효과 및 당기말현재 평가결과에 따른 보험계약 유형별 잉여 및 결손의 내역은 다음과 같습니다(단위: 백만원).1) 생명보험\n구 \xa0 분\n잉여액(결손액)\n당기말\n전기말\n전기초\n변경전\n변경후\n변경전\n변경후\n 금리확정형\n 유배당보험\n(8,935,268)\n(6,974,026)\n(8,086,044)\n(7,367,071)\n(8,079,843)\n 무배당보험\n(1,018,136)\n(18,150)\n(686,282)\n(1,442,446)\n(2,176,065)\n 금리연동형\n 유배당보험\n(444,894)\n(278,379)\n(371,605)\n(335,459)\n(393,412)\n 무배당보험\n7,145,101\n9,381,230\n8,082,029\n7,168,502\n6,277,715\n 변액\n4,444,349\n4,962,083\n4,960,514\n4,721,091\n4,535,215\n합 \xa0 계\n1,191,152\n7,072,758\n3,898,612\n2,744,617\n163,610\n2) 손해보험\n구 \xa0 분\n잉여액(결손액)\n당기말\n전기말\n전기초\n변경전\n변경후\n변경전\n변경후\n보험료적립금 및 미경과보험료적립금\n 6,583,404\n3,404,168\n 2,704,572\n2,080,890\n 1,409,544\n평가대상 보험계약부채에 대한 적정성을 검증한 결과 평가기준일 현재 추가로 적립 할 금액은 없으며, 회계정책의 변경에 따라 비교표시 된 연결재무제표에도 이러한 소급적용에 따른 변경효과를 반영한 결과 연결재무제표에 미치는 영향은 없습니다. 18. 계약자지분조정당기말과 전기말 현재 계약자지분조정의 내역은 다음과 같습니다(단위: 백만원).\n구 \xa0 분\n당기말\n전기말\n매도가능금융자산평가손익\n49,554\n98,114\n만기보유금융자산평가손익\n382,944\n447,078\n관계기업기타포괄손익\n(135)\n(1,021)\n유형자산재평가이익\n106,522\n115,563\n합 \xa0 계\n538,885\n659,734\n19. 특별계정\n(1) 당기말과 전기말 현재 특별계정자산과 특별계정부채의 내역은 다음과 같습니다 \xa0(단위: 백만원).\n구 \xa0 분\n당기말\n전기말\n상계전 특별계정자산\n22,583,610\n22,599,362\n상계전 특별계정미지급금\n(1,120,938)\n(948,928)\n상계후 특별계정자산(*)\n21,462,672\n21,650,434\n상계전 특별계정부채\n22,572,670\n22,605,905\n상계전 특별계정미수금\n(186,198)\n(433,985)\n상계후 특별계정부채(*)\n22,386,472\n22,171,920\n\u3000\n특별계정기타포괄손익누계액\n10,940\n(6,543)\n(*) 상기 특별계정자산과 특별계정부채의 내역은 연결실체 내 회사간의 내부거래가 상계되지 아니한 금액입니다.\n(2) 당기말과 전기말 현재 특별계정 재무상태표는 다음과 같습니다(단위: 백만원).\n과 \xa0 목\n당기말\n전기말\n자산\n \xa0Ⅰ. 현금및예치금\n398,839\n331,710\n \xa0Ⅱ. 유가증권\n19,115,145\n19,530,050\n \xa0Ⅲ. 대출채권\n1,502,490\n1,300,978\n \xa0Ⅳ. 기타자산\n446,055\n487,696\n \xa0Ⅴ. 일반계정미수금\n1,121,081\n948,928\n자산총계\n22,583,610\n22,599,362\n부채\n \xa0Ⅰ. 기타부채\n148,361\n85,895\n \xa0Ⅱ. 일반계정미지급금\n186,183\n433,985\n \xa0Ⅲ. 보험계약부채\n16,204,719\n16,905,277\n \xa0Ⅳ. 투자계약부채\n6,033,407\n5,180,749\n부채총계\n22,572,670\n22,605,905\n기타포괄손익누계액\n10,940\n(6,543)\n부채 및 기타포괄손익누계액\n22,583,610\n22,599,362\n(3) 당기 및 전기의 특별계정 손익계산서는 다음과 같습니다(단위: 백만원).\n과 \xa0 \xa0목\n당 \xa0 기\n전 \xa0 기\n원리금보장형\n실적배당형\n원리금보장형\n실적배당형\n수익\n \xa0보험료수익\n-\n2,521,144\n-\n2,713,086\n \xa0이자수익\n119,320\n316,354\n117,132\n265,300\n \xa0배당금수익\n9,652\n89,176\n4,658\n65,350\n \xa0수수료수익\n16\n1,559\n23\n939\n \xa0유가증권처분이익\n17,595\n247,123\n14,065\n456,898\n \xa0유가증권평가이익\n1,946\n196,110\n833\n576,298\n \xa0파생상품거래이익\n2,529\n169,671\n37\n2,238\n \xa0파생상품평가이익\n7,738\n7\n42,870\n368,687\n \xa0외환차익\n26,906\n3,784\n89,728\n43,711\n \xa0기타수익\n2,973\n25,099\n2,337\n19,085\n합 \xa0 \xa0계\n188,675\n3,570,027\n271,683\n4,511,592\n비용\n \xa0보험계약부채 및 \xa0투자계약부채 전입액\n74,883\n(683,871)\n78,797\n1,138,300\n \xa0지급보험금\n21,486\n1,732,215\n10,491\n1,835,076\n \xa0최저보증비용\n-\n71,357\n-\n64,953\n \xa0특별계정운용수수료\n38,800\n1,011,684\n46,021\n929,377\n \xa0지급수수료\n92\n29,411\n51\n26,865\n \xa0세금과공과\n223\n14,693\n-\n10,598\n \xa0유가증권처분손실\n14,289\n514,314\n2,365\n173,985\n \xa0유가증권평가손실\n-\n577,628\n702\n170,113\n \xa0파생상품거래손실\n13,795\n234,181\n478\n159,402\n \xa0파생상품평가손실\n22,312\n64,959\n40,919\n4,516\n \xa0외환차손\n2,474\n2,065\n91,699\n4,262\n \xa0기타비용\n321\n1,391\n160\n(5,855)\n합 \xa0 계\n188,675\n3,570,027\n271,683\n4,511,592\n실적배당형 특별계정의 수익과 비용은 일반계정 포괄손익계산서에 표시하지 않으며,원리금보장형 특별계정의 수익과 비용은 특별계정수익과 특별계정비용의 과목으로 하여 총액으로 일반계정 포괄손익계산서에 계상하고 있습니다.한편, 당기 및 전기 중 원리금보장형 상품에서 발생한 법인세비용차감후 특별계정기타포괄손익은 각각 \xa017,483백만원 및 (-)45,062백만원입니다.(4) 당기말 현재 상기 특별계정자산 중 지분증권 25,793백만원(전기말: 149,646백만원)과 채무증권 159,901백만원(전기말: 110,057백만원)이 특별계정 파생상품 거래와 관련하여 담보로 제공되어 있습니다.\n20. 순확정급여부채 및 자산\n(1) 당기말과 전기말 현재 순확정급여부채 및 자산의 구성내역은 다음과 같습니다(단위: 백만원).\n구 \xa0 분\n당기말\n전기말\n확정급여채무의 현재가치\n507,408 \n508,313\n사외적립자산의 공정가치\n(355,534)\n(354,660)\n재무상태표상 자산\n(13,679)\n(25,249)\n재무상태표상 부채\n165,553 \n178,902\n(2) 당기 및 전기 중 확정급여제도에 따른 확정급여채무의 변동내역은 다음과 같습니다(단위: 백만원).\n구 \xa0 분\n당 \xa0 기\n전 \xa0 기\n 기초금액\n508,313\n509,184\n 당기근무원가\n52,918\n55,950\n 이자비용\n19,579\n17,653\n 과거근무원가\n(2,507)\n-\n 급여지급액\n(61,482)\n(56,193)\n 재측정요소:\n \xa0 - 인구통계적가정의 변동으로 인한 보험수리적손익\n278\n57\n \xa0 - 재무적가정의 변동으로 인한 보험수리적손익\n19,805\n(17,192)\n \xa0 - 경험적조정으로 인한 보험수리적손익\n(7,253)\n(2,509)\n 계열사로부터의 전출입에 대한 효과\n4,027\n1,363\n 확정기여형으로 전환\n(5,786)\n-\n 연결범위변동 등\n(20,484)\n-\n 기말금액 \n507,408\n508,313\n(3) 당기 및 전기 중 확정급여제도에 따른 사외적립자산의 변동내역은 다음과 같습니다(단위: 백만원).\n구 \xa0 분\n당 \xa0 기\n전 \xa0 기 \n 기초금액\n354,660\n324,913\n 이자수익\n17,238\n17,775\n 사용자의 기여금\n43,430\n73,709\n 급여지급액\n(31,341)\n(51,715)\n 운용관리수수료\n(724)\n(706)\n 재측정요소:\n\u3000\n \xa0 - 사외적립자산의 수익(이자수익에 포함된 금액 제외)\n(10,935)\n(9,288)\n 계열사로부터의 전출입에 대한 효과\n757\n(28)\n 확정기여형으로 전환\n(5,657)\n-\n 연결범위변동 등\n(11,894)\n-\n 기말금액\n355,534\n354,660\n(4) 당기말과 전기말 현재 사외적립자산 구성내역은 다음과 같습니다(단위: 백만원).\n구 \xa0 분\n당기말\n전기말\n금액\n구성비(%)\n금액\n구성비(%)\n원리금보장 금융상품 등\n354,392\n99.7\n353,512\n99.7\n국민연금전환금\n1,142\n0.3\n1,148\n0.3\n합 \xa0 계\n355,534\n100.0\n354,660\n100.0\n(5) 연결실체의 확정급여제도에 따른 퇴직급여채무를 산출함에 있어 사용한 가정은 다음과 같습니다.\n구 \xa0 분\n당기말\n전기말\n 할인율\n3.38% ~ 3.97%\n3.17% ~ 4.42%\n 기대임금인상률\n3.06% ~ 5.62%\n3.68% ~ 5.29%\n(6) 당기말 현재 다른 모든 가정이 유지될 때, 유의적인 보험수리적 가정이 발생가능한 합리적인 범위 내에서 변동할 경우 확정급여채무에 미치는 영향은 다음과 같습니다(단위: 백만원).\n구 \xa0 분\n증 가\n감 \xa0 소\n 할인율의 1% 변동\n(28,373)\n32,471 \n 기대임금상승률의 1% 변동\n32,517 \n(28,928)\n(7) 미래현금흐름에 대한 확정급여제도의 영향당기말 현재 할인되지 않은 퇴직급여 예상지급액의 만기 분석은 아래와 같습니다(단위: 백만원).\n구 분\n1년 미만\n1년~2년미만\n2년~5년미만\n5년 이상\n합계 \n급여지급액 \xa0\n18,679\n48,727\n82,270\n842,744\n992,420\n당기말 현재 연결실체의 확정급여채무의 가중평균만기는 4년 ~ 13.5년입니다.(8) 확정기여형 퇴직급여제도연결실체는 자격을 갖춘 종업원들을 위하여 확정기여형 퇴직급여제도를 운영하고 있습니다. 사외적립자산은 수탁자의 관리하에서 기금형태로 연결실체의 자산들로부터 독립적으로 운용되고 있으며, 종업원들이 확정기여형의 가득조건을 충족하기 전에 퇴사하는 경우에 연결실체가 지불해야 할 기여금은 상실되는 기여금만큼 감소하게 됩니다. 당기 및 전기 중 확정기여형 퇴직급여제도와 관련하여 인식한 비용은 각각 \xa07,122백만원 및 7,305백만원입니다.\n(9) 연결실체는 일정기간 이상 근무한 장기 근속 임직원에게 기타장기종업원급여를 제공하고 있습니다. 이러한 급여의 예상원가는 확정급여형 퇴직급여제도에서 사용된것과 동일한 회계처리방법을 사용하여 근무기간 동안 인식되며, 보험수리적 가정의 변경 및 보험수리적 가정과 실제로 발생한 결과의 차이로 인해 발생하는 재측정요소는 발생한 기간에 당기손익으로 인식하고 있습니다. 또한, 이러한 채무는 매년 적격성이 있는 독립적인 보험계리인에 의하여 평가되고 있습니다.당기말 현재 연결실체는 기타장기종업원급여와 관련하여 31,310백만원(전기말: 29,217백만원)의 부채를 계상하고 있으며, 당기 중 5,382백만원(전기: 3,649백만원)을 당기손익으로 인식하였습니다.\n21. 충당부채당기 및 전기 중 충당부채의 변동내역은 다음과 같습니다(단위: 백만원).\n(1) 당기\n구 \xa0 분\n기초\n증가\n감소\n대체\n기말\n복구충당부채\n14,189 \n710 \n(813)\n673 \n14,759 \n기타\n6 \n608 \n(6)\n- \n608 \n합 \xa0 계\n14,195 \n1,318 \n(819)\n673 \n15,367 \n(2) 전기 \n구 \xa0 분\n기초\n증가\n감소\n대체\n기말\n복구충당부채\n13,938\n634\n(1,656)\n1,273\n14,189\n기타\n7\n1,500\n(1,501)\n-\n6\n합 \xa0 계\n13,945\n2,134\n(3,157)\n1,273\n14,195\n22. 기타금융부채\n(1) 당기말과 전기말 \xa0현재 기타금융부채의 내역은 다음과 같습니다(단위: 백만원).\n구 \xa0 분\n당기말\n전기말\n보험미지급금\n407,588 \n444,162\n미지급금\n173,037 \n169,062\n미지급비용\n341,232 \n369,916\n보증금\n130,866 \n170,155\n차입금\n121,047 \n118,649\n사채\n569,270 \n223,247\n기타\n259,411 \n136,637\n합 \xa0 계\n2,002,451 \n1,631,828\n(2) 당기말과 전기말 현재 차입금 내역은 다음과 같습니다(단위: 백만원).\n차입처\n종류\n당기말 이자율\n당기말\n전기말\nKB생명보험 외 2개 금융기관\n담보부대출\n3.1% ~ 3.80%\n121,047 \n118,649 \n(3) 당기말과 전기말 현재 사채 내역은 다음과 같습니다(단위: 백만원).\n종목(*)\n발행일\n상환일\n당기말 이자율\n당기말\n전기말\n이자지급 및 상환방법\n제7차 공모사채\n2012.06.28\n2019.06.28\n5.80%\n90,000\n90,000\n매3개월 이자지급 만기일시상환\n제8차 공모사채\n2016.06.07\n2023.06.07\n4.35%\n128,000\n128,000\n매3개월 이자지급 만기일시상환\n제11차 공모사채\n2018.10.31\n2028.10.31\n4.50%\n350,000\n-\n매3개월 이자지급 만기일시상환\n액면가액 합계\n568,000\n218,000\n사채발행차금 등 조정금액\n1,270\n5,247\n사채 장부금액\n569,270\n223,247\n(*) 종속기업인 한화손해보험㈜가 발행한 공모형 무보증 후순위 사채입니다.\n(4) 당기말과 전기말 현재 차입금 및 사채의 계약상 잔존만기의 내용은 다음과 같습니다(단위: 백만원).1) 당기말\n구 \xa0 분\n1년 미만\n1년 이상 2년 미만\n2년 이상\n합 \xa0 계\n상환 예정액\n162,329\n43,917\n672,522\n878,768\n2) 전기말\n구 \xa0 분\n1년 미만\n1년 이상 2년 미만\n2년 이상\n합 \xa0 계\n상환 예정액\n14,683\n146,498\n224,709\n385,890\n23. 기타부채\n당기말과 전기말 현재 기타부채의 내역은 다음과 같습니다(단위: 백만원).\n구 \xa0 분\n당기말\n전기말\n부가세예수금\n3,050\n3,393\n선수금\n17,974\n19,086\n선수수익\n8,457\n4,979\n선수보험료\n91,581\n126,852\n기타\n235\n250\n합 \xa0 계\n121,297\n154,560\n24. 자본금 및 기타불입자본(1) 당기말과 전기말 현재 자본금의 내용은 다음과 같습니다. \r\n구 \xa0 분\n당기말\n전기말\n발행할 주식의 총수\n1,500,000,000주\n1,500,000,000주\n1주의 금액\n5,000원\n5,000원\n보통주발행주식수\n868,530,000주\n868,530,000주\n보통주자본금\n4,342,650백만원\n4,342,650백만원\n(2) 당기말과 전기말 현재 기타불입자본의 내역은 다음과 같습니다(단위: 백만원).\n구 \xa0 분\n당기말\n전기말\n주식발행초과금\n485,281\n485,281\n자기주식\n(924,085)\n(924,085)\n기타\n(19,203)\n(19,203)\n합 \xa0 계\n(458,007)\n(458,007)\n25. 신종자본증권당기말과 전기말 현재 신종자본증권의 내역은 다음과 같습니다(단위: 백만원).\n구 \xa0 분\n발행일\n만기일\n이자율\n당기말\n전기말\n무기명식 이권부 무보증 신종자본증권\n2017.04.13\n2047.04.13\n4.582%\n500,000\n500,000\n외화신종자본증권\n2018.04.23\n2048.04.23\n4.700%\n1,067,300\n-\n 발행비용\n(9,300)\n(2,070)\n합 \xa0계\n1,558,000\n497,930\n상기 신종자본증권은 발행 후 5년 시점 부터 당사가 조기상환을 할 수 있으며, 발행일로부터 10년 경과 후 1회에 한하여 이자율이 조정됩니다. 한편, 만기일이 도래한 경우, 당사의 선택에 따라 동일한 발행조건으로 본 신종자본증권의 만기를 계속하여 연장할 수 있습니다.\n26. 기타자본구성요소당기말과 전기말 현재 기타자본구성요소의 내역은 다음과 같습니다(단위: 백만원). \r\n구 \xa0 분\n당기말\n전기말\n매도가능금융자산평가손익\n(93,994)\n185,584\n만기보유금융자산평가손익\n686,062\n775,096\n위험회피목적파생상품평가손익\n28,750\n28,292\n관계기업기타포괄손익누계액\n(501)\n(3,339)\n특별계정기타포괄손익누계액\n10,931\n(6,543)\n유형자산재평가이익\n404,823\n406,651\n확정급여제도의 재측정요소\n(131,289)\n(113,821)\n해외사업환산손익\n(26,076)\n(32,581)\n합 계\n878,706\n1,239,339\n27. 이익잉여금\n(1) 당기말과 전기말 현재 이익잉여금의 내역은 다음과 같습니다(단위: 백만원). \n구 \xa0 분\n당기말\n전기말\n이익준비금\n116,570\n106,051\n미처분이익잉여금 등\n3,868,979\n3,623,592\n합 \xa0 계\n3,985,549\n3,729,643\n(2) 당기와 전기의 대손준비금 및 비상위험준비금 적립예정금액 내역은 다음과 같습니다(단위: 백만원). \n구 \xa0 \xa0분\n당기말\n전기말\n 대손준비금 적립예정금액\n16,186\n9,617\n 비상위험준비금 적립예정금액\n7,389\n9,579\n(3) 당기 및 전기 중 대손준비금 및 비상위험준비금 반영 후 조정손익은 다음과 같습니다(단위: 백만원).\n구 \xa0 분\n당 \xa0 기\n전 \xa0 기\n 지배기업 소유주 당기순이익\n415,273\n584,940\n 대손준비금 적립예정금액\n(16,186)\n(9,617)\n 비상위험준비금 적립예정금액\n(7,389)\n(9,579)\n 준비금 적립 후 순이익\n391,698\n565,744\n 준비금 적립 후 주당순이익\n521원\n753원\n28. 금융상품 범주별 순손익\n당기 및 전기 중 연결실체의 금융상품으로부터 발생한 손익의 내용은 다음과 같습니다(단위: 백만원).\n(1) 당기\n구 \xa0 분\n계정구분\n이자수익\n배당금수익\n수수료수익\n평가손익\n처분(상환)손익\n손상환입(차손)\n외환거래손익\n합 \xa0 계\n현금및현금성자산\n21,353\n-\n-\n-\n-\n-\n45,217\n66,570\n대여금 및수취채권\n예치금\n24,284\n-\n-\n-\n-\n-\n16,234\n40,518\n대출채권\n1,299,641\n-\n14,639\n-\n-\n(28,933)\n5,720\n1,291,067\n기타금융자산\n4,181\n-\n992\n-\n-\n374\n4,807\n10,354\n유가증권\n당기손익인식금융자산\n19,878\n195,806\n-\n(2,818)\n16,005\n-\n38,470\n267,341\n매도가능금융자산\n650,362\n333,102\n2,438\n-\n131,302\n(13,473)\n248,063\n1,351,794\n만기보유금융자산\n1,026,541\n-\n155\n-\n-\n-\n480,142\n1,506,838\n파생상품\n-\n-\n-\n(460,813)\n(340,652)\n-\n-\n(801,465)\n기타금융부채\n-\n-\n-\n-\n-\n-\n(124)\n(124)\n합 \xa0 \xa0계\n3,046,240\n528,908\n18,224\n(463,631)\n(193,345)\n(42,032)\n838,529\n3,732,893\n(2) 전기\n구 \xa0 분\n계정구분\n이자수익\n배당금수익\n수수료수익\n평가손익\n처분(상환)손익\n손상환입(차손)\n외환거래손익\n합 \xa0 계\n현금및현금성자산\n17,811\n-\n-\n-\n-\n-\n(5,087)\n12,724\n대여금 및수취채권\n예치금\n20,341\n-\n-\n-\n-\n-\n(39,935)\n(19,594)\n대출채권\n 1,252,786\n-\n12,721\n-\n-\n(26,554)\n(26,571)\n1,212,382\n기타금융자산\n2,595\n-\n624\n-\n-\n(2,869)\n(8,350)\n(8,000)\n유가증권\n당기손익인식금융자산\n8,531\n56,870\n-\n(58,955)\n20,121\n-\n(120,289)\n(93,722)\n매도가능금융자산\n 856,808\n324,795\n1,060\n-\n396,333\n(106,937)\n(1,071,865)\n400,194\n만기보유금융자산\n855,785\n-\n66\n-\n-\n-\n(1,152,616)\n(296,765)\n파생상품\n-\n-\n-\n1,790,381\n646,982\n-\n-\n2,437,363\n기타금융부채\n-\n-\n-\n-\n-\n-\n9\n9\n합 \xa0 \xa0계\n3,014,657\n381,665\n14,471\n1,731,426\n1,063,436\n(136,360)\n(2,424,704)\n3,644,591\n29. 보험료수익\n당기 및 전기 중 발생한 보험료수익의 내용은 다음과 같습니다(단위: 백만원).\n구 \xa0 분\n보험종류\n당 \xa0기\n전 \xa0기\n 생명보험\n \xa0 개인\n 생존보험\n2,189,009\n2,306,560\n 사망보험\n5,410,773\n5,381,568\n 생사혼합보험\n1,635,843\n1,890,090\n \xa0 단체\n97,519\n94,594\n소 \xa0 계\n9,333,144\n9,672,812\n 손해보험\n \xa0 일반\n464,869\n456,372\n \xa0 장기\n4,292,645\n3,983,815\n \xa0 자동차\n835,156\n837,106\n소 \xa0 계\n5,592,670\n5,277,293\n합 \xa0 계\n14,925,814\n14,950,105\n30. 재보험당기 및 전기 중 발생한 재보험 종류별 주요 수익 및 비용의 내용은 다음과 같습니다 (단위: 백만원).\n(1) 당기\n구 \xa0 분\n재보험수익\n재보험비용\n재보험금수익\n재보험수수료수익\n합 \xa0계\n재보험료비용\n재보험수수료비용\n합 \xa0계\n생명보험\n \xa0개인\n134,500\n32,135\n166,635\n(174,964)\n- \xa0 \n(174,964)\n \xa0단체\n2,136\n- \xa0 \n2,136\n(822)\n- \xa0 \n(822)\n소 \xa0 계\n136,636\n32,135\n168,771\n(175,786)\n- \xa0 \n(175,786)\n손해보험\n \xa0일반\n219,303\n54,549\n273,852\n(275,100)\n(3,171)\n(278,271)\n \xa0장기\n670,521\n4,182\n674,703\n(718,997)\n- \xa0 \n(718,997)\n \xa0자동차\n186,484\n51,723\n238,207\n(249,393)\n- \xa0 \n(249,393)\n소 \xa0 계\n1,076,308\n110,454\n1,186,762\n(1,243,490)\n(3,171)\n(1,246,661)\n합 \xa0 계\n1,212,944\n142,589\n1,355,533\n(1,419,276)\n(3,171)\n(1,422,447)\n(2) 전기\n구 \xa0 분\n재보험수익\n재보험비용\n재보험금수익\n재보험수수료수익\n합 \xa0계\n재보험료비용\n재보험수수료비용\n합 \xa0계\n생명보험\n \xa0개인\n134,028\n29,303\n163,331\n(172,126)\n-\n(172,126)\n \xa0단체\n4,169\n-\n4,169\n(3,091)\n-\n(3,091)\n소 \xa0 계\n138,197\n29,303\n167,500\n(175,217)\n-\n(175,217)\n손해보험\n \xa0일반\n125,223\n55,198\n180,421\n(271,025)\n(3,242)\n(274,267)\n \xa0장기\n555,624\n5,260\n560,884\n(601,104)\n-\n(601,104)\n \xa0자동차\n136,202\n69,822\n206,024\n(253,754)\n-\n(253,754)\n소 \xa0 계\n817,049\n130,280\n947,329\n(1,125,883)\n(3,242)\n(1,129,125)\n합 \xa0 계\n955,246\n159,583\n1,114,829\n(1,301,100)\n(3,242)\n(1,304,342)\n31. 기타수익당기 및 전기 중 발생한 기타수익의 내용은 다음과 같습니다(단위: 백만원).\r\n구 \xa0 분\n당 \xa0 기\n전 \xa0 기\n수수료수익\n38,675\n34,019\n배당금수익\n528,907\n381,665\n임대료수익\n142,340\n145,539\n신탁계정운용수익\n48,933\n33,527\n기타\n168,870\n176,429\n합 \xa0 계\n927,725\n771,179\n32. 지급보험금당기 및 전기 중 발생한 지급보험금의 내용은 다음과 같습니다(단위: 백만원).\r\n구 \xa0 분\n당 \xa0 기\n전 \xa0 기\n보험금비용\n3,628,965 \n3,067,188\n환급금비용\n7,517,734 \n6,706,685\n배당금비용\n44,472 \n38,069\n합 \xa0 계\n11,191,171 \n9,811,942\n33. 사업비\n당기 및 전기 중 발생한 사업비의 내용은 다음과 같습니다(단위: 백만원).\n구 \xa0 분\n세부내역\n당 \xa0 기\n전 \xa0 기\n신계약비\n비례수당\n 777,491\n854,213\n점포운영비\n108,457\n109,115\n판매촉진비\n208,698\n103,471\n기타\n 679,281\n614,851\n이연신계약비\n(1,272,531)\n(1,548,820)\n소 \xa0 계\n501,396\n132,830\n유지비\n급여 및 상여\n480,236\n503,701\n퇴직급여\n51,428\n57,558\n복리후생비\n119,762\n109,564\n지급임차료\n81,686\n72,399\n전산비\n34,456\n32,331\n통신비\n10,264\n9,231\n기타\n606,230\n615,976\n소 \xa0 계\n1,384,062\n1,400,760\n합 \xa0 계\n1,885,458\n1,533,590\n34. 재산관리비\n당기 및 전기 중 발생한 재산관리비의 내용은 다음과 같습니다(단위: 백만원). \n구 \xa0 분\n당 \xa0 기\n전 \xa0 기\n급여 및 상여\n21,797\n23,357\n퇴직급여\n2,243\n3,923\n복리후생비\n4,029\n4,362\n통신비\n3,836\n3,165\n수선비\n6,295\n11,425\n수수료\n49,689\n62,289\n기타\n24,111\n32,148\n합 \xa0 계\n112,000\n140,669\n35. 손해조사비 \n당기 및 전기 중 발생한 손해조사비의 내용은 다음과 같습니다(단위: 백만원).\n구 \xa0 분\n당 \xa0 기\n전 \xa0기\n지급손해조사비\n \xa0급여\n47,620\n45,198\n \xa0퇴직급여\n4,066\n4,345\n \xa0복리후생비\n11,694\n11,933\n \xa0일반관리비\n71,711\n65,358\n소 \xa0 계\n135,091\n126,834\n수입손해조사비\n(27,155)\n(24,808)\n합 \xa0 계\n107,936\n102,026\n36. 기타비용당기 및 전기 중 발생한 기타비용의 내용은 다음과 같습니다(단위: 백만원).\r\n구 \xa0 분\n당 \xa0 기\n전 \xa0 기\n부동산감가상각비\n39,121\n36,105\n무형자산상각비\n129,904\n142,246\n할인료\n2,585\n2,686\n수수료비용\n8,392\n7,018\n기타\n323,666\n284,607\n합 \xa0 계\n503,668\n472,662\n37. 영업외수익 및 영업외비용\n당기 및 전기 중 발생한 영업외수익 및 영업외비용의 \xa0내용은 다음과 같습니다(단위: 백만원). \n구 \xa0 분\n당 \xa0 기\n전 \xa0 기\n영업외수익\n \xa0관계기업투자평가이익\n12,394\n8,652\n \xa0관계기업투자처분이익\n-\n206\n \xa0유형자산 및 투자부동산처분이익\n5,356\n75,073\n \xa0무형자산처분이익\n605\n833\n \xa0매각예정자산처분이익\n5,950\n-\n \xa0잡이익\n25,580\n59,459\n합 \xa0 계\n49,885\n144,223\n영업외비용\n \xa0관계기업투자평가손실\n21,292\n13,386\n \xa0관계기업투자처분손실\n-\n586\n \xa0유형자산손상차손\n38\n-\n \xa0유형자산 및 투자부동산처분손실\n10,567\n8,932\n \xa0무형자산처분손실\n149\n11\n \xa0무형자산손상차손\n13,047\n8,247\n \xa0기부금\n7,025\n16,875\n \xa0잡손실\n11,548\n85,094\n합 \xa0 계\n63,666\n133,131\n38. 법인세비용\n(1) 당기 및 전기의 법인세비용의 주요 구성내역은 다음과 같습니다(단위: 백만원).\n구 \xa0 분\n당 \xa0 기\n전 \xa0 기\n법인세부담액\n490,865\n93,951\n자본에 직접 가감되는 당기법인세\n4,608\n280\n일시적차이로 인한 이연법인세 변동액\n(304,196)\n181,563\n연결범위변동으로 인한 이연법인세 변동액\n(1,387)\n-\n법인세비용\n189,890\n275,794\n(2) 당기 및 전기의 회계이익과 법인세비용의 관계는 다음과 같습니다(단위: 백만원).\n구 \xa0 분\n당 \xa0 기\n전 \xa0 기\n법인세비용차감전순이익\n636,414\n964,518\n적용세율에 따른 법인세비용\n161,106\n235,887\n조정사항\n \xa0비과세수익으로 인한 효과\n(30,747)\n(9,871)\n \xa0비공제비용으로 인한 효과\n1,563\n1,426\n \xa0기타효과\n57,968\n48,352\n법인세비용\n189,890\n275,794\n유효법인세율\n29.84%\n28.59%\n(3) 당기말과 전기말 현재 이연법인세자산(부채)의 내용은 다음과 같습니다(단위: 백만원). \n구 \xa0 분\n당기말\n전기말\n변동액\n일시적차이에 대한 이연법인세자산(부채)\n(55,389)\n(359,585)\n304,196\n자본에 직접 반영된 이연법인세자산(부채)\n(313,975)\n(447,374)\n133,399\n합 \xa0 계\n(369,364)\n(806,959)\n437,595\n당기말 및 전기말 현재 연결재무제표상의 순이연법인세부채 365,626백만원(전기말 :809,270백만원)과의 차이는 특별계정기타포괄손익누계액에 대한 이연법인세효과에해당하는 금액이며, 특별계정 재무제표 상 기타부채로 반영되어 있습니다.\r\n(4) 당기 및 전기의 이연법인세자산(부채)의 증감내용은 다음과 같습니다(단위: 백만원).\n구 \xa0 분\n당 \xa0 기\n전 \xa0 기\n기초\n증감\n기말\n기초\n증감\n기말\n 퇴직급여부채\n910\n(35)\n875\n8,609\n(7,699)\n910\n 수취채권\n(3,605)\n(2,024)\n(5,629)\n2,248\n(5,853)\n(3,605)\n 미수수익\n(102,939)\n3,665\n(99,274)\n(110,042)\n7,104\n(102,939)\n 유가증권\n139,407\n(6,641)\n132,766\n(319,560)\n458,967\n139,407\n 보험계약부채\n253,150\n9,606\n262,756\n247,165\n5,985\n253,150\n 유형자산\n(151,713)\n15,088\n(136,625)\n(133,728)\n(17,985)\n(151,713)\n 파생상품\n(317,013)\n323,442\n6,429\n240,612\n(557,625)\n(317,013)\n 미지급비용\n43,294\n(5,016)\n38,278\n40,776\n2,518\n43,294\n 기타\n(221,076)\n(33,889)\n(254,965)\n(154,102)\n(66,974)\n(221,076)\n합 \xa0 계\n(359,585)\n304,196\n(55,389)\n(178,022)\n(181,562)\n(359,585)\n(5) 당기 및 전기에 자본에 직접 부가되거나 차감된 이연법인세의 내역은 다음과 같습니다(단위: 백만원).\n구 \xa0 분\n당 \xa0 기\n전 \xa0 기\n 자본에 직접 가감되는 당기법인세\n \xa0 확정급여제도의 재측정요소\n4,608\n 280\n 자본에 직접 반영된 이연법인세\n \xa0 매도가능금융자산평가손익\n88,462\n270,814\n \xa0 만기보유금융자산평가손익\n51,682\n(273,749)\n \xa0 관계기업의 기타포괄손익누계액\n(1,423)\n911\n \xa0 위험회피목적파생상품평가손익\n144\n(3,868)\n \xa0 특별계정기타포괄손익누계액\n(6,049)\n14,609\n \xa0 유형자산재평가손익\n583\n2,383\n 자본에 직접 반영된 이연법인세 소계\n133,399\n11,100\n(6) 당기말과 전기말 현재 이연법인세자산으로 인식되지 않은 차감할 일시적차이의 내역은 다음과 같습니다(단위: 백만원).\n구 \xa0 분\n당기말\n전기말\n관계기업평가\n40,881\n40,881\n39. 주당이익당기 및 전기의 기본주당순이익의 내역은 다음과 같습니다(단위: 백만원).\n구 \xa0 분\n당 \xa0 기\n전 \xa0 기\n지배기업주주에게 귀속되는 당기순이익\n415,273\n584,940\n신종자본증권 배당금\n(59,672)\n(16,435)\n지배기업주주에게 귀속되는 보통주 순이익\n355,601\n568,505\n가중평균유통보통주식수(*1)\n751,390,250 주\n751,390,250 주\n기본주당순이익(*2)\n473 원\n757 원\n(*1) 가중평균유통보통주식수 계산 시 보유 중인 자기주식수를 차감하여 계산하였습니다.(*2) 지배기업에는 희석성 잠재적보통주가 존재하지 않으므로 기본주당순이익과 희석주당순이익이 동일합니다.\n40. 특수관계자 및 대규모기업집단 계열회사와의 거래\n(1) 당기말과 전기말 현재 연결실체의 특수관계자 및 대규모기업집단 계열회사의 현황은 다음과 같습니다.1) 당기말\n구 \xa0 분\n특수관계자\n지배기업\n㈜한화\n유의적 영향력 행사기업\n㈜한화건설\n관계기업 및 공동기업\n신공항하이웨이㈜ 외 29개사\n기타 및 대규모기업집단 계열회사\n한화에어로스페이스㈜(*), 한화투자증권㈜, ㈜한화갤러리아, 한화호텔앤드리조트㈜ 등\n(*) 한화테크윈㈜은 2018년 4월 중 한화에어로스페이스㈜(분할존속기업) 및 한화테크윈㈜(분할신설기업)으로 분할하였습니다.2)전기말\r\n구 \xa0 분\n특수관계자\n지배기업\n㈜한화\n유의적 영향력 행사기업\n㈜한화건설\n관계기업 및 공동기업\n신공항하이웨이㈜ 외 27개사\n기타 및 대규모기업집단 계열회사\n한화테크윈㈜, 한화투자증권㈜, ㈜한화갤러리아, 한화호텔앤드리조트㈜ 등\n(2) 당기 및 전기 중 특수관계자 및 대규모기업집단 계열회사와의 주요 거래내역은 다음과 같습니다(단위: 백만원).\n1) 당기\n구 \xa0 분\n회사의 명칭\n영업수익 등\n영업비용 등\n임대료수익\n용역수익\n이자수익\n기타수익\n유무형자산처분\n합 \xa0 계\n보험금비용\n사업비및재산관리비\n기타비용\n유무형자산취득\n합 \xa0 계\n지배기업\n㈜한화\n11,271\n5,494\n-\n7,169\n-\n23,934\n340\n84,380\n1,270\n186\n86,176\n유의적영향력행사기업\n㈜한화건설\n884\n951\n2,025\n8,333\n-\n12,193\n801\n-\n-\n83,212\n84,013\n관계기업 및 공동기업\n전라선철도㈜\n-\n-\n3,317\n-\n-\n3,317\n-\n-\n-\n-\n-\n신공항하이웨이㈜\n-\n-\n1,276\n4,616\n-\n5,892\n-\n-\n-\n-\n-\n에이앤디신용정보㈜\n-\n-\n-\n49\n-\n49\n-\n7,963\n-\n-\n7,963\n판교에스디투주식회사\n-\n-\n1,360\n1,956\n-\n3,316\n-\n-\n-\n-\n-\n기타\n-\n220\n5,668\n3,819\n-\n9,707\n-\n-\n-\n-\n-\n소 \xa0 계\n-\n220\n11,621\n10,440\n-\n22,281\n-\n7,963\n-\n-\n7,963\n기타 및 대규모기업집단계열회사\n한화에어로스페이스(주)\n1,189\n4,911\n-\n1,875\n-\n7,975\n388\n-\n3\n-\n391\n한화투자증권㈜\n10,571\n78\n-\n1,553\n-\n12,202\n1,041\n634\n1,848\n-\n3,523\n㈜한화갤러리아\n2,262\n18,344\n-\n919\n-\n21,525\n58\n4,844\n599\n-\n5,501\n한화호텔앤드리조트㈜\n13,133\n21,314\n-\n2,667\n-\n37,114\n603\n4,369\n852\n8,047\n13,871\n기타\n33,322\n25,740\n866\n49,849\n-\n109,777\n80,639\n82,187\n5,506\n-\n168,332\n소 \xa0 계\n60,477\n70,387\n866\n56,863\n-\n188,593\n82,729\n92,034\n8,808\n8,047\n191,618\n합 \xa0 계\n72,632\n77,052\n14,512\n82,805\n-\n247,001\n83,870\n184,377\n10,078\n91,445\n369,770\n2) 전기\n구 \xa0 분\n회사의 명칭\n영업수익 등\n영업비용 등\n임대료수익\n용역수익\n이자수익\n기타수익\n유무형자산처분\n합 \xa0 계\n보험금비용\n사업비및재산관리비\n기타비용\n유무형자산취득\n합 \xa0 계\n지배기업\n㈜한화\n9,614\n4,209\n-\n4,447\n-\n18,270\n143\n76,878\n782\n-\n77,803\n유의적영향력행사기업\n㈜한화건설\n611\n1,129\n5,024\n15,307\n-\n22,071\n116\n-\n-\n58,392\n58,508\n관계기업 및 공동기업\n전라선철도㈜\n-\n-\n2,923\n-\n-\n2,923\n-\n-\n-\n-\n-\n신공항하이웨이㈜\n-\n-\n857\n5,667\n-\n6,524\n-\n-\n-\n-\n-\n에이앤디신용정보㈜\n-\n-\n-\n59\n-\n59\n-\n8,063\n-\n-\n8,063\n판교에스디투주식회사\n-\n-\n1,278\n1,841\n-\n3,119\n-\n-\n-\n-\n-\n기타\n-\n501\n3,996\n2,819\n-\n7,316\n-\n-\n-\n-\n-\n소 \xa0 계\n-\n501\n9,054\n10,386\n-\n19,941\n-\n8,063\n-\n-\n8,063\n기타 및 대규모기업집단계열회사\n한화테크윈㈜ \n3,159\n5,035\n-\n5,793\n-\n13,987\n646\n-\n34\n-\n680\n한화투자증권㈜\n10,545\n80\n-\n1,295\n-\n11,920\n226\n683\n162\n-\n1,071\n㈜한화갤러리아\n2,170\n16,580\n-\n1,482\n-\n20,232\n10\n5,537\n514\n-\n6,061\n한화호텔앤드리조트㈜\n12,775\n19,251\n-\n2,689\n-\n34,715\n71\n5,097\n1,124\n27\n6,319\n기타\n29,289\n23,215\n688\n48,903\n1,190\n103,285\n4,112\n79,679\n5,267\n-\n89,058\n소 \xa0 계\n57,938\n64,161\n688\n60,162\n1,190\n184,139\n5,065\n90,996\n7,101\n27\n103,189\n합 \xa0 계\n68,163\n70,000\n14,766\n90,302\n1,190\n244,421\n5,324\n175,937\n7,883\n58,419\n247,563\n(3) 당기 및 전기 중 특수관계자 및 대규모기업집단 계열회사와의 주요 자금거래 및 지분거래 내역은 다음과 같습니다(단위: 백만원).1) 당기\n구 \xa0 분\n회사의 명칭\n자금대여거래\n현금출자거래\n배당거래\n대여\n회수\n출자\n회수\n지급\n수취\n지배기업\n㈜한화\n-\n-\n-\n-\n22,064\n-\n유의적영향력 행사기업\n한화건설㈜(*)\n-\n80,000\n-\n-\n30,509\n-\n관계기업 및 공동기업\n푸른김해지키미\n-\n943\n-\n-\n-\n-\n전라선철도㈜\n-\n8,662\n-\n-\n-\n-\n울산청천㈜\n-\n1,141\n-\n-\n-\n-\n신공항하이웨이㈜\n-\n398\n-\n-\n-\n4,550\n기 \xa0타\n-\n8,227\n17,671\n5,070\n-\n5,542\n소 \xa0 계\n-\n19,371\n17,671\n5,070\n-\n10,092\n기타 및 대규모 기업집단 계열회사\n㈜한화갤러리아타임월드\n-\n-\n-\n-\n2,129\n-\n합 \xa0 계\n-\n99,371\n17,671\n5,070\n54,702\n10,092\n(*) 당기 중 종속기업인 한화에스테이트㈜를 한화건설㈜에 매각하였으며, 그 대가로 21,811백만원을 수령하였습니다.2) 전기\r\n구 \xa0 분\n회사의 명칭\n자금대여거래\n현금출자거래\n배당거래\n대여\n회수\n출자\n회수\n지급\n수취\n지배기업\n㈜한화\n-\n-\n-\n-\n12,608\n-\n유의적영향력행사기업\n한화건설㈜(*)\n-\n-\n-\n-\n19,731\n-\n관계기업 및 공동기업\nSino Korea Life Insurance Co.,Ltd.(China)\n-\n-\n40,900\n-\n-\n-\n푸른김해지키미\n-\n705\n-\n-\n-\n-\n전라선철도㈜\n-\n5,777\n-\n-\n-\n-\n울산청천주식회사\n-\n893\n-\n-\n-\n-\n신공항하이웨이㈜\n-\n331\n-\n-\n-\n5,600\n판교에스디투주식회사\n40,000\n40,000\n-\n-\n-\n1,796\n한화신성장동력펀드(*)\n-\n-\n-\n2,089\n-\n-\n기타\n-\n6,552\n2,776\n11,702\n-\n2,596\n소 \xa0 계\n40,000\n54,259\n43,676\n13,791\n-\n9,992\n기타 및 대규모 기업집단 계열회사\n㈜한화갤러리아타임월드\n-\n-\n-\n-\n1,216\n-\n합 \xa0 계\n40,000\n54,259\n43,676\n13,791\n33,555\n9,992\n(*) 청산 및 잔여재산분배가 완료됨에 따라 회수된 지분거래내역입니다.\n(4) 당기말과 전기말 현재 특수관계자 및 대규모기업집단 계열회사 관련 채권ㆍ채무 잔액은 다음과 같습니다(단위: 백만원).\n1) 당기말\n구 \xa0 분\n회사의 명칭\n채 \xa0 권\n채 \xa0 무\n유가증권\n대출채권\n기타 채권\n합 \xa0계\n임대보증금\n기타 채무\n합 \xa0계\n지배기업\n㈜한화\n-\n-\n175\n175\n7,341\n16,159\n23,500\n유의적영향력행사기업\n㈜한화건설\n-\n-\n9,706\n9,706\n-\n4,795\n4,795\n관계기업 및공동기업\n전라선철도㈜\n-\n85,520\n9\n85,529\n-\n55\n55\n신공항하이웨이㈜\n-\n13,404\n121\n13,525\n-\n-\n-\n에이앤디신용정보㈜\n-\n-\n202\n202\n-\n1,576\n1,576\n판교에스디투주식회사\n-\n40,000\n30\n40,030\n-\n-\n-\n울산청천주식회사\n-\n12,541\n1\n12,542\n-\n-\n-\n기타\n-\n112,331\n277\n112,608\n-\n383\n383\n소 \xa0 계\n-\n263,796\n640\n264,436\n-\n2,014\n2,014\n기타 및 대규모기업집단계열회사\n한화에어로스페이스(주)\n-\n-\n2\n2\n170\n12,479\n12,649\n한화투자증권㈜\n-\n-\n2,521\n2,521\n6,457\n19,077\n25,534\n㈜한화갤러리아\n-\n-\n521\n521\n1,137\n759\n1,896\n한화호텔앤드리조트㈜\n-\n-\n37,445\n37,445\n5,924\n3,036\n8,960\n기타\n-\n31,522\n3,923\n35,445\n16,551\n386,100\n402,651\n소 \xa0 계\n-\n31,522\n44,411\n75,933\n30,239\n421,451\n451,690\n합 \xa0 계\n-\n295,318\n54,932\n350,250\n37,580\n444,419\n481,999\n2) 전기말\n구 \xa0 분\n회사의 명칭\n채 \xa0 권\n채 \xa0 무\n유가증권\n대출채권\n기타 채권\n합 \xa0계\n임대보증금\n기타 채무\n합 \xa0계\n지배기업\n㈜한화\n-\n-\n605\n605\n7,345\n7,166\n14,511\n유의적영향력행사기업\n㈜한화건설\n80,000\n-\n1,082\n81,082\n-\n28,991\n28,991\n관계기업 및공동기업\n전라선철도㈜\n-\n94,182\n775\n94,957\n-\n76\n76\n신공항하이웨이㈜\n-\n13,802\n123\n13,925\n-\n-\n-\n에이앤디신용정보㈜\n-\n-\n118\n118\n-\n1,657\n1,657\n판교에스디투주식회사\n-\n40,000\n37\n40,037\n-\n-\n-\n울산청천주식회사\n-\n13,682\n110\n13,792\n-\n-\n-\n기타\n-\n121,500\n1,096\n122,596\n-\n447\n447\n소 \xa0 계\n-\n283,166\n2,259\n285,425\n-\n2,180\n2,180\n기타 및 대규모기업집단계열회사\n한화테크윈㈜\n-\n-\n523\n523\n808\n19,662\n20,470\n한화투자증권㈜\n-\n-\n41,713\n41,713\n6,610\n13,788\n20,398\n㈜한화갤러리아\n-\n-\n1,653\n1,653\n1,163\n751\n1,914\n한화호텔앤드리조트㈜\n-\n-\n40,931\n40,931\n5,633\n3,872\n9,505\n기타\n-\n-\n11,591\n11,591\n15,510\n327,569\n343,079\n소 \xa0 계\n-\n-\n96,411\n96,411\n29,724\n365,642\n395,366\n합 \xa0 계\n80,000\n283,166\n100,357\n463,523\n37,069\n403,979\n441,048\n(5) 당기와 전기 중 연결실체의 주요 특수관계자를 통해 \xa0채권을 매매한 내역은 다음과 같습니다.(단위: 백만원)1) 당기\n회사명\n매도\n매수\n한화투자증권\n1,799,562\n2,245,073\n2) 전기\n회사명\n매도\n매수\n한화투자증권\n1,992,922\n3,035,812\n(6) 지배기업은 기업 활동의 계획ㆍ운영ㆍ통제에 대하여 중요한 권한과 책임을 가진 등기임원을 주요 경영진으로 판단하였으며, 당기 및 전기 중 주요 경영진에 대한 보상을 위해 비용으로 반영한 금액은 다음과 같습니다(단위: 백만원).\n구 \xa0 분\n당 \xa0 기\n전 \xa0 기\n 단기종업원급여\n1,442\n1,766\n 퇴직급여\n255\n310\n합 \xa0 계\n1,697\n2,076\n(7) 당기와 전기 중 최대주주와 주요 경영진에게 지급한 배당금은 각각 30,524백만원 및 19,736백만원입니다.\n41. 우발채무와 약정사항\n(1) 진행 중인 소송사건당기말 현재 연결실체가 피고로서 계류 중인 소송사건은 보험금지급청구소송(소송가액 71,226백만원)을 포함한 510건으로 총 소송가액은 101,170백만원입니다. 또한, 연결실체가 원고로서 계류 중인 소송사건은 손해배상청구소송(소송가액 3,695백만원)을 포함한 814건으로 총 소송가액은 63,129백만원입니다. 이러한 소송사건의 결과는 현재로서는 예측할 수 없습니다.\n(2) 금융거래약정\n당기말 현재 연결회사가 체결 중인 금융거래약정의 상세내역은 다음과 같습니다(단위: 백만원). \n구 \xa0 분\n금융거래약정내역\n약정한도액\nKEB하나은행\n일중당좌차월(*)\n30,000\n일반당좌차월\n1,000\n일반자금대출\n500\n일반구매론(**)\n1,000\n㈜국민은행\n일반자금대출\n1,500\n㈜신한은행\n일중당좌차월(*)\n63,500\n일반당좌차월\n6,000\n㈜한국스탠다드차타드은행\n일중당좌차월(*)\n54,000\n(*) 이와 관련하여 국공채(액면금액: 130,000백만원)가 담보(설정금액: 140,000백만원)로 설정되어 있습니다. (**) 이와 관련하여 예적금 50백만원이 담보(설정금액: 50백만원)로 설정되어 있습니다. \n(3) 기타약정사항\n1) 당기말 현재 연결실체가 제공받고 있는 지급보증 내역은 다음과 같습니다(단위: 백만원).\n제공받는자\n지급보증액\n지급보증처\n내용\n한화생명보험(주)\n8,037\n서울보증보험(주)\n공탁금 등\n한화손해보험(주)\n12,089\n서울보증보험(주)\n공탁금 등\n한화금융에셋(주)\n165\n서울보증보험(주)\n계약이행보증\n한화라이프에셋(주)\n481\n서울보증보험(주)\n계약이행보증\n한화63시티(주)\n6,174\n서울보증보험(주)\n계약이행보증 등\n2) 당기말 현재 지배기업의 유형자산 및 투자부동산 관련하여 발생하지 않은 자본적지출 약정 금액은 78,580백만원(전기말: 135,746백만원)입니다. (4) 운용리스1) 당기말과 전기말 현재 지배기업이 체결하고 있는 해지불능운용리스의 내역과 미래 최소리스료 지급 계획은 다음과 같습니다(단위: 백만원).\n구 \xa0분\n당기말\n전기말\n 1년이내\n18,974\n25,970\n 1년초과 5년이내\n7,903\n16,909\n 합 계\n26,877\n42,879\n2) 당기말과 전기말 현재 지배기업은 부동산 임대 관련 해지불능운용리스계약을 체결하고 있습니다. 동 계약에 따른 미래 최소리스료 수취 계획은 다음과 같습니다(단위: 백만원).\r\n구 \xa0분\n당기말\n전기말\n 1년이내\n72,979\n46,334\n 1년초과 5년이내\n84,207\n54,508\n 5년초과\n14,032\n17,929\n 합 계\n171,218\n118,771\n(5) 당기말 현재 연결실체가 과거 판매한 즉시연금상품 중 일부의 생존연금 지급과 관련하여 논란이 있으며, 동 건의 지급금액 및 지급시기에 대해서는 현재 예측할 수 없습니다. \n42. 현금흐름 관련 사항\n(1) 당기 및 전기 중 영업활동으로 인한 현금흐름의 비용 및 수익 조정내역은 다음과 같습니다(단위: 백만원). \n구 \xa0 분\n당 \xa0 기\n전 \xa0 기\n보험계약부채전입액\n4,289,371\n5,239,420\n신계약비상각비\n1,332,384\n1,547,757\n퇴직급여\n51,693\n55,829\n대손상각비\n28,559\n29,423\n감가상각비\n102,058\n96,402\n무형자산상각비\n129,904\n142,246\n유가증권평가및처분손실\n185,374\n196,148\n매도가능금융자산손상차손\n13,473\n106,937\n외화환산손실\n127,454\n2,482,611\n파생상품평가및거래손실\n1,265,267\n550,013\n이자비용\n18,220\n19,862\n관계기업투자평가손실\n21,292\n13,386\n관계기업투자처분손실\n-\n586\n투자부동산및유형자산처분손실\n10,567\n8,932\n유형자산손상차손\n38\n-\n무형자산처분손실\n149\n11\n무형자산손상차손\n13,047\n8,247\n법인세비용\n189,890\n275,794\n복구공사손실\n125\n246\n기타비용\n8,552\n-\n이자수익\n(3,046,240)\n(3,014,657)\n구상이익\n(4,099)\n(4,550)\n배당금수익\n(528,907)\n(381,664)\n유가증권평가및처분이익\n(329,862)\n(553,647)\n외화환산이익\n(891,599)\n(187,413)\n파생상품평가및거래이익\n(463,802)\n(2,987,376)\n관계기업투자평가이익\n(12,394)\n(8,652)\n관계기업투자처분이익\n-\n(206)\n매각예정자산처분이익\n(5,950)\n-\n투자부동산및유형자산처분이익\n(5,355)\n(75,073)\n무형자산처분이익\n(605)\n(833)\n복구공사이익\n(9)\n(106)\n합 \xa0 계\n2,498,595\n3,559,673\n(2) 당기 및 전기 중 영업활동으로 인한 자산부채 변동 내역은 다음과 같습니다(단위: 백만원). \n구 \xa0 분\n당 \xa0 기\n전 \xa0 기\n예치금의 변동\n(135,397)\n(75,354)\n당기손익인식금융자산의 변동\n(2,340,325)\n(684,067)\n대출채권의 변동\n(1,504,502)\n(1,100,332)\n파생상품자산의 변동\n38,054\n124,945 \n기타금융자산의 변동\n116,199\n(160,772)\n기타자산의 변동\n(1,288,776)\n(1,566,305)\n특별계정자산의 변동\n205,245\n(1,824,420)\n파생상품부채의 변동\n2,507\n(48,464)\n순확정급여부채의 변동\n(69,889)\n(76,090)\n기타금융부채의 변동\n202,464\n188,763 \n복구충당부채의 변동\n(129)\n(1,648)\n기타부채의 변동\n(38,380)\n(67,957)\n특별계정부채의 변동\n224,708\n1,274,930 \n합 \xa0 계\n(4,588,221)\n(4,016,771)\n(3) 당기 및 전기 중 현금의 유입과 유출이 없는 거래 중 중요한 거래의 내용은 다음과 같습니다(단위: 백만원).\r\n구 \xa0 분\n당 \xa0 기\n전 \xa0 기\n건설중인자산의 본계정대체\n147,977\n124,184\n유형자산의 투자부동산 순대체\n(71,042)\n56,577\n계약자지분조정의 변동\n(120,849)\n(114,234)\n자본에 부과된 이연법인세의 변동\n(134,048)\n13,701\n매도가능금융자산평가손익의 변동\n(279,579)\n(903,399)\n만기보유금융자산평가손익의 변동\n(89,035)\n775,097\n위험회피목적파생상품평가손익의 변동\n458\n11,686\n관계기업의 기타포괄손익지분 변동\n2,838\n(1,316)\n특별계정기타포괄손익의 변동\n17,474\n(45,062)\n유형자산재평가이익의 변동\n(1,827)\n(7,464)\n대출채권 및 기타수취채권의 제각\n71,469\n33,954\n매도가능금융자산의 관계기업투자 대체\n-\n7,469\n매도가능유가증권의 만기보유유가증권 대체\n2,201,860\n27,292,920\n(4) 당기 및 전기 중 재무활동현금흐름에서 발생한 부채의 조정내역은 다음과 같습니다(단위: 백만원).1) 당기\r\n구 \xa0 \xa0분\n기 \xa0 \xa0초\n재무활동현금흐름\n비현금흐름\n기 \xa0 \xa0말\n상각\n해외사업환산 등\n차입금\n341,896\n348,854\n(2,767)\n2,334\n690,317\n2) 전기\n구 \xa0 \xa0분\n기 \xa0 \xa0초\n재무활동현금흐름\n비현금흐름\n기 \xa0 \xa0말\n상각\n해외사업환산 등\n차입금\n434,978\n(82,864)\n166\n(10,384)\n341,896\n43. 비연결구조화기업(1) 비연결구조화기업에 대한 지분의 성격과 범위연결실체는 구조화금융, 투자펀드 등의 투자를 통해 구조화기업에 관여하고 있으며 동 구조화기업의 주요 특성은 다음과 같습니다.\'구조화금융\'으로 분류되는 비연결구조화기업은 부동산프로젝트파이낸싱투자회사, 사회기반시설사업시행법인, 선박(항공기)금융을 위한 특수목적회사 등이 있습니다. 구조화금융은 주로 대규모 위험 사업에 대한 자금조달 방법으로써, 사업추진주체의 신용이나 물적담보가 아닌 특정 사업이나 프로젝트 자체의 경제성에 근거하여 해당 기업에 투자가 이루어지고, 사업의 진행에서 발생하는 수익을 투자자들이 취하는 구조입니다. 연결실체는 구조화금융을 위한 구조화기업에 대출, 지분투자 등의 형태로 자금을 제공하고 있습니다.\'투자펀드\'로 분류되는 비연결구조화기업은 투자신탁, 사모투자전문회사 등이 있습니다.투자신탁(수익증권)이란 집합투자업자인 위탁자가 신탁업자에게 신탁한 재산을 신탁업자로 하여금 집합투자업자의 지시에 따라 투자하고 운용하게 하는 신탁 형태의 집합투자기구입니다.사모투자전문회사(Private Equity Fund : 이하 PEF)란 자본시장통합법에 의한 집합투자기구로서 회사의 재산을 주식 또는 지분 등에 투자하여 경영권 참여, 사업구조 또는 지배구조의 개선 등의 방법으로 투자한 기업의 가치를 높여 그 수익을 사원에게배분하는 것을 목적으로 사모의 방식으로 설립된 상법 상 합자회사입니다. 연결실체는 투자펀드에 대한 투자자로서 지분율에 비례하여 지분투자 평가손익과 배당수익을인식하고 있으며, 해당 투자펀드의 가치 하락시 원금 손실에 노출될 수 있습니다.\n(2) 당기말과 전기말 현재 비연결구조화기업의 규모 및 비연결구조화기업에 대한 연결실체의 지분과 이와 관련된 위험의 성격은 다음과 같습니다(단위: 백만원).1) 당기말\n구 \xa0 분\n자산유동화\n구조화금융\n투자펀드\n합 \xa0계\n비연결구조화기업의 자산총액\n363,710\n41,068,553\n16,413,075\n57,845,338\n \xa0비연결구조화기업 관여로 인해 인식한 자산\n\u3000\n\u3000\n\u3000\n\u3000\n \xa0매도가능유가증권\n-\n1,371,274\n2,769,901\n4,141,175\n \xa0관계기업투자\n-\n75,338\n48,662\n124,000\n \xa0대출채권\n363,710\n4,597,338\n248,417\n5,209,465\n합 \xa0 \xa0계\n363,710\n6,043,950\n3,066,980\n9,474,640\n최대손실노출금액\n363,710\n7,401,200\n3,642,765\n11,407,675\n2) 전기말\n거래내용\n자산유동화\n구조화금융\n투자펀드\n합 \xa0계\n비연결구조화기업의 자산총액\n374,358\n24,955,864\n13,645,418\n38,975,640\n비연결구조화기업 관여로 인해 인식한 자산\n \xa0당기손익인식금융자산\n-\n-\n11,018\n11,018\n \xa0매도가능금융자산\n2,521\n3,254,323\n1,027,651\n4,284,495\n \xa0관계기업투자\n-\n67,892\n31,998\n99,890\n \xa0대출채권\n371,333\n4,176,978\n240,158\n4,788,469\n합계\n373,854\n7,499,193\n1,310,825\n9,183,872\n최대손실노출금액\n374,358\n8,015,770\n1,418,297\n9,808,425\n44. 부문정보\n(1) 연결실체는 2개의 부문(금융, 비금융)으로 구성되어 있습니다. 금융부문은 보험 및 자산운용 등의 업무를 수행하며, 비금융부문은 부동산관리, 보험 관련 서비스, 보험대리 및 중개 등의 업무를 영위하고 있습니다.(2) 당기 및 전기 중 연결실체가 영위하는 영업에 따른 부문별 정보는 다음과 같습니다(단위: 백만원).\n1) 당기\n구 \xa0 분\n금융\n비금융\n연결조정(*)\n합 \xa0 계\n영업수익\n23,447,515\n322,287\n(339,255)\n23,430,547\n영업비용\n22,745,905\n313,377\n(278,930)\n22,780,352\n영업이익\n701,610\n8,910\n(60,325)\n650,195\n영업외수익\n42,709\n4,311\n2,865\n49,885\n영업외비용\n88,163\n109\n(24,606)\n63,666\n법인세비용차감전순이익\n656,156\n13,112\n(32,854)\n636,414\n법인세비용\n191,688\n3,286\n(5,084)\n189,890\n당기순이익\n464,468\n9,826\n(27,770)\n446,524\n2) 전기\n구 \xa0 분\n금융\n비금융\n연결조정(*)\n합 \xa0 계\n영업수익\n26,089,655\n319,198\n(321,799)\n26,087,054\n영업비용\n25,167,063\n313,338\n(346,774)\n25,133,627\n영업이익\n922,592\n5,860\n24,975\n953,427\n영업외수익\n140,825\n133\n3,265\n144,223\n영업외비용\n156,734\n695\n(24,298)\n133,131\n법인세비용차감전순이익\n906,683\n5,298\n52,538\n964,519\n법인세비용\n224,778\n1,637\n49,380\n275,795\n당기순이익\n681,905\n3,661\n3,158\n688,724\n(*) 연결조정은 보고부문별 내부거래와 미실현손익 제거, 종속기업투자에 대한 투자자본상계금액 등 입니다.\n(3) 당기말과 전기말 현재 영업부문별 부문자산 및 부문부채는 다음과 같습니다(단위: 백만원).\n1) 당기말\n구 \xa0 분\n금융\n비금융\n연결조정(*)\n합 \xa0 계\n현금및현금성자산\n1,821,863\n30,769\n(13,922)\n1,838,710\n예치금\n748,751\n43,007\n417\n792,175\n유가증권\n70,947,838\n3,631\n(365,595)\n70,585,874\n관계ㆍ공동기업투자\n1,124,520\n-\n(968,300)\n156,220\n대출채권\n26,851,203\n684\n63,126\n26,915,013\n기타\n9,617,461\n44,714\n671,611\n10,333,786\n특별계정자산\n21,462,673\n-\n-\n21,462,673\n자산총계\n132,574,309\n122,805\n(612,663)\n132,084,451\n보험계약부채\n94,572,121\n-\n-\n94,572,121\n계약자지분조정\n556,796\n-\n(17,911)\n538,885\n기타\n3,219,902\n62,288\n16,077\n3,298,267\n특별계정부채\n22,386,472\n-\n(140,951)\n22,245,521\n부채총계\n120,735,291\n62,288\n(142,785)\n120,654,794\n2) 전기말\n구 \xa0 분\n금융\n비금융\n연결조정(*)\n합 \xa0 계\n현금및현금성자산\n563,002\n19,501\n(300)\n582,203\n예치금\n618,606\n21,802\n-\n640,408\n유가증권\n66,216,838\n3,608\n(196,254)\n66,024,192\n관계ㆍ공동기업투자\n995,447\n18,003\n(867,239)\n146,211\n대출채권\n25,347,703\n660\n77,782\n25,426,145\n기타\n10,852,396\n41,651\n630,832\n11,524,879\n특별계정자산\n21,650,434\n-\n-\n21,650,434\n자산총계\n126,244,426\n105,225\n(355,179)\n125,994,472\n보험계약부채\n90,222,047\n-\n-\n90,222,047\n계약자지분조정\n690,493\n-\n(30,759)\n659,734\n기타\n2,569,683\n47,638\n236,455\n2,853,776\n특별계정부채\n22,171,920\n-\n(151,107)\n22,020,813\n부채총계\n115,654,143\n47,638\n54,589\n115,756,370\n(*) 연결조정은 보고부문별 내부거래와 미실현손익 제거, 종속기업투자에 대한 투자자본상계금액 등 입니다.(4) 지역에 대한 정보외부고객으로부터의 수익과 유형자산, 투자부동산 등의 자산 대부분이 본사 소재지 국가인 대한민국에 귀속되어 지역에 대한 정보를 기재하지 않습니다.\n(5) 당기 연결실체 영업수익의 10% 이상을 차지하는 단일 외부고객은 없습니다.\n45. 위험관리\n(1) 개요\n연결실체는 더욱 복잡해져 가는 금융환경 속에서 위험관리 원칙에 따라 보험, 금리, 신용, 시장, 유동성, 운영리스크에 대한 지속적인 관리를 통하여 연결실체의 안정적 성장과 주주 및 계약자 이익 창출을 위해 부단히 노력하고 있습니다.1) 위험관리목적변동하는 금융환경 및 경영활동 과정에서 발생하는 각종 불확실성 또는 손실발생 가능성을 사전에 예방하고 이를 효과적으로 평가, 관리함으로써 회사 가치의 극대화 및지속적이고 안정적인 성장확보를 추구하는데 있습니다.2) 위험관리전략단기적으로 발생가능한 회사 전체의 리스크 수준이 가용자본(리스크가 손실로 실현될 경우 당사의 Buffer로 사용되는 자본)의 일정 수준 이내로 유지될 수 있도록 허용한도를 설정, 관리하고 있으며, 보험상품 개발 및 투자 활동에 대해서도 리스크 관리절차를 시행하고 있습니다. \n한편, 중장기적으로 경영계획 및 자산운용계획 내에 ALM(Asset & Liability Management) 투자전략(보험상품의 특성을 반영한 자산운용 전략)을 반영하여 수익중심의 경영전략과 더불어 회사 가치 극대화를 추구하며, 리스크관리 조직과 보고체계는 독립성 및 견제와 균형기능을 유지하고 있습니다.\n3) 위험관리 관련 조직의 구조와 기능지배기업은 위험관리위원회, 위험관리협의회(보험부문/자산부문/공통부문), 리스크관리팀이 있으며, 현업 업무와 관련하여 자산운용협의회, 공시이율협의회, 상품개발협의회, 사차손익관리협의회, 재보험관리협의회를 운영함으로써 다각적으로 회사 리스크를 관리하고 있습니다.가. 위험관리위원회위험관리위원회 위원은 이사회 결의로 선임한 3인 이상의 이사로 구성되며, 리스크관리의 기본방침 및 대책 수립과 리스크 한도의 승인, 리스크관리규정의 제(개)정, 기타 리스크 관리에 필요하다고 이사회가 인정하는 사항 등의 업무를 수행합니다.나. 위험관리협의회리스크관리팀장의 주관하에 리스크담당 부서장(현업 실무부서장)을 위원으로 하며,위험관리위원회 의결사항의 실행상태 점검, 리스크관리세칙의 심의, 기타 위험관리위원회로부터 위임받은 사항, 다른 규정에서 협의회의 심의사항으로 정한 사항 등의 업무를 수행합니다.리스크관리 담당 제 위원회의 종류 및 기능은 다음과 같습니다. \n위원회\n주요기능\n자산운용협의회\n분기별 자산운용 전략, 목표 포트폴리오 설정관리와 투융자거래에 대한 거래 취급, 관련 지침, 자산운용위탁회사 선정 및 관련 기준 등의 심의\n공시이율협의회\n공시이율의 결정에 관한 사항을 심의\n상품개발협의회\n보험상품 개발, 개정 및 판매 관련 사항, 기타 상품개발과 관련한 심의\n사차손익관리협의회\n사차손익 관련 부문별 협의 및 조정 체제를 구축하여 당사의 사차익관리 강화\n재보험관리협의회\n재보험 출재ㆍ수재의 타당성, 출재(대상)위험의 결정, 출재 조건 검토, 재보험사 선정, 재보험거래 현황 분석 등 중요 사항의 협의 및 조정\n4) 내부 자본 적정성 평가 및 관리절차연결실체는 감독기관에서 규정하고 있는 지급여력비율을 산출하고 있습니다. 지급여력비율은 보험회사의 위험기준 자기자본제도로서 금융회사에 예상하지 못한 손실이발생하더라도 이를 충당할 수 있는 자기자본을 보유하도록 하는 제도입니다.지급여력비율은 가용자본 대비 요구자본의 비율을 의미하고, 가용자본은 자본금, 자본잉여금, 이익잉여금 등으로 구성되며, 요구자본은 보험, 금리, 신용, 시장, 운영리스크를 분산효과를 고려해 산출합니다.\n감독당국에서는 재무제표기준으로 지급여력비율 100% 이상 유지할 것을 의무화 하고 있으며, 지급여력비율이 100%에 미달되는 경우 다음과 같이 지급여력비율별로 적기시정조치를 통해 부실심화를 방지하고 있습니다.\n지급여력비율\n개선조치\n경영개선권고(100%~50%)\n자본금의 증액 또는 감액, 신규업무 진출 제한 등\n경영개선요구(50%~0%)\n임원진 교체요구, 영업의 일부정지 등\n경영개선명령(0%미만)\n주식소각, 영업양도, 합병 및 계약이전 등\n연결실체는 요구자본 산출을 위해서 리스크를 보험, 금리, 신용, 시장, 운영리스크로 구분하여 산출하고, 포트폴리오 전략 수립 시 지급여력비율 영향도를 감안하고 있으며, 보험, 금리, 신용, 시장리스크에 대한 내부관리모형으로 내부리스크량을 측정하고 있습니다.\n(2) 보험위험관리1) 개념보험회사의 고유업무인 보험계약의 인수 및 보험금 지급과 관련하여 발생하는 위험으로 보험가격리스크와 준비금리스크로 구분되며, 보험가격리스크란 보험계약자에게 받은 보험료와 실제 지급된 보험금 간의 차이 등으로 손실이 발생할 위험이며, 준비금리스크는 지급준비금과 미래의 실제 보험금지급액의 \xa0차이로 인해 \xa0손실이 \xa0발생할 \xa0위험을 의미합니다. \n2) 보험위험 익스포져 현황보험위험액은 보험계약자에게 받은 보험료와 실제 지급된 보험금 간의 차이 등으로 인한 손실발생 가능성으로 당기말과 전기말 현재 연결실체의 위험기준자기자본(RBC)제도에 의한 익스포져 현황은 다음과 같습니다(단위: 백만원).가. 생명보험\n구 \xa0 분\n당기말\n전기말\n사망\n626,061\n641,108\n장해\n54,163\n56,483\n입원\n337,519\n341,371\n수술, 진단\n765,957\n735,143\n실손의료비\n228,851\n207,936\n기타\n82,224\n79,708\n합 \xa0 계\n2,094,776\n2,061,749\n나. 손해보험\n구 \xa0 분\n당기말\n전기말\n 일반\n191,354\n185,347\n 장기\n719,967\n663,107\n 자동차\n585,763\n583,353\n합 \xa0 계\n1,497,084\n1,431,807\n3) 준비금 위험 익스포져 현황 당기말과 전기말 현재 연결실체의 위험기준자기자본(RBC)제도에 의한 익스포져 현황은 다음과 같습니다(단위: 백만원).\n구 \xa0 분\n당기말\n전기말\n 일반\n111,475\n96,182\n 자동차\n126,304\n129,514\n합 \xa0 계\n237,779\n225,696\n4) 측정방법보험리스크는 표준방법 및 내부모형을 동시에 사용하여 측정하고 있습니다. 표준방법(보험업감독규정 제7-2조 제2항)은 금융감독원의 위험기준자기자본제도에 따른 보험위험액 산출을 말하며, 준비금리스크는 감독규정 제1-2조 제11호에 의한 일반손해보험계약을 대상으로 산출합니다.\n연결실체가 운영하는 내부모형에 의한 보험리스크량은 보유계약을 대상으로 경험통계를 적용하여 향후 10년간의 위험보험료를 예상하고, 지급보험금의 최대 발생 가능수준과 평균수준의 차이를 보험리스크로 측정하며, 확률론적 시나리오를 적용한 VaR(Value at Risk) 방식으로 산출하고 있습니다.5) 관리방법보험리스크량을 측정하기 위하여 ALM 시스템과 보험리스크 측정시스템을 운영하고분기별로 산출한 보험리스크량의 결과를 리스크 분석 보고서 형태로 위험관리위원회에 보고하고 있습니다. \n6) 재보험정책보험계약자에 대한 보험금 지급능력 제고를 목적으로 리스크 노출 정도 및 효율적인리스크 분산 등을 고려하여 재보험을 관리하고 있습니다.\n가. 당기말과 전기말 현재 연결실체의 상위 5대 재보험사 편중도 현황은 다음과 같습니다(단위: 백만원).\n구 \xa0 분\n당기말\n전기말\nAA- 이상\nA+ ~ A-\nBBB+ 이하\nAA- 이상\nA+ ~ A-\nBBB+ 이하\n출재보험료\n1,344,974\n-\n-\n1,234,104\n-\n-\n나. 당기말과 전기말 현재 당사의 재보험사군별 출재보험료의 내용은 다음과 같습니다(단위: 백만원).\n구 \xa0 분\n당기말\n전기말\nAA- 이상\nA+ ~ A-\nBBB+ 이하\n기타\nAA- 이상\nA+ ~ A-\nBBB+ 이하\n기타\n출재보험료\n1,414,802\n435\n-\n4,039\n1,299,033\n96\n-\n5,213\n7) 변액보험보증위험액 현황당기말과 전기말 현재 당사의 변액보험보증위험액 현황은 다음과 같습니다(단위: 백만원).가. 당기말\n구 \xa0 분\n보험료수익\n계약자적립금\n보증준비금\n최저보증위험액\n변액종신보험\n62,594\n390,423\n116,556\n18,605\n변액연금보험\n1,214,221\n7,803,343\n61,495\n106,277\n변액유니버셜보장성보험\n908,286\n2,294,926\n194,725\n144,076\n변액유니버셜저축성보험\n167,121\n1,277,490\n3,158\n3,308\n기타\n714,654\n4,261,989\n702,151\n151,727\n합 \xa0 계\n3,066,876\n16,028,171\n1,078,085\n423,993\n나. 전기말\n구 \xa0 \xa0분\n보험료수익\n계약자적립금\n보증준비금\n최저보증위험액\n변액종신보험\n48,554\n381,818\n138,679\n9,978\n변액연금보험\n1,374,419\n8,336,933\n65,486\n113,759\n변액유니버셜보장성보험\n933,000\n2,246,285\n175,305\n104,717\n변액유니버셜저축성보험\n201,433\n1,487,537\n756\n1,475\n기타\n745,408\n4,254,244\n644,493\n106,409\n합 \xa0 계\n3,302,814\n16,706,817\n1,024,719\n336,337\n8) 보험계약부채의 잔존계약만기에 따른 분석결과는 다음과 같습니다(단위: 백만원).가. 당기말\n구 \xa0 분\n1년 미만\n1년 이상 ~5년 미만\n5년 이상 ~10년 미만\n10년 이상\n합 \xa0 계\n보험료적립금(*)\n1,082,941\n8,540,972\n7,911,216\n69,181,281\n86,716,410\n(*) 지배기업 및 국내종속기업의 해약식적립금 기준으로 작성되었습니다. \n나. 전기말\n구 \xa0 분\n1년 미만\n1년 이상 ~5년 미만\n5년 이상 ~10년 미만\n10년 이상\n합 \xa0 계\n보험료적립금(*)\n931,817\n7,369,679\n9,058,685\n65,170,763\n82,530,944\n(*) 지배기업 및 국내종속기업의 해약식적립금 기준으로 작성되었습니다. \xa0\n(3) 금리위험관리1) 개념금리리스크는 미래 시장금리변동 및 자산과 부채의 만기구조 차이로 인하여 경제적 손실이 발생할 위험으로 당사의 순자산가치가 감소할 위험을 의미합니다.2) 측정방법금리리스크는 표준방법 및 당사 내부모형을 동시에 사용하여 측정하고 있습니다. 표준방법(보험업감독규정 제7-2조 제3항)은 금융감독원의 위험기준자기자본(RBC)제도에 따라 금리위험액을 산출하고 있습니다.연결실체의 내부모형은 일반계정, 연금저축보험계약, 자산연계형보험계약의 자산 및부채를 대상으로 합니다. 금리리스크량은 자산 및 부채의 미래 예상 현금흐름을 직접산출하여, 자산과 부채의 가치 및 유효듀레이션을 이용한 듀레이션 갭(Duration Gap)방식과 확률론적 시나리오를 적용한 최대 순자산가치 변동 예상액(확률론적 금리 \xa0 VaR) 방식으로 산출하고 있습니다. \n3) 관리방법가. 연결실체는 듀레이션 갭 방식으로 산출한 금리리스크량과 확률론적 시나리오를 적용한 금리리스크량을 분기 단위로 산출하여 리스크관리위원회에 보고하고 있습니다. 특히, 듀레이션 갭 방식으로 산출한 금리리스크량에 대해서는 허용한도를 설정하여 추가적인 관리를 하고 있습니다.나. 연결실체는 채권 자산에 대한 목표 듀레이션을 설정하여 장기 국고채 등 중장기 안전자산 편입을 확대하고, 금리연동형 상품 판매 비중 관리 등을 통해 자산과 부채의 듀레이션 미스 매치를 축소하기 위해 노력하고 있습니다.다. 연결실체는 보험부채의 현금흐름 속성을 반영한 ALM투자전략을 통하여 중장기 목표 포트폴리오를 설정하고, 보험상품에 적용하는 금리에 대해 시장금리 등을 반영한 가이드라인을 설정하고 있습니다.라. ALM투자전략 및 공시기준이율의 설정은 위험관리위원회를 통해 결정되며, 적용이율(연동형 상품의 최저보증이율 포함) 및 공시이율 가이드라인은 위험관리협의회의 심의를 거친 후 담당 본부장 전결로 결정됩니다.마. 설정된 가이드라인에 따라 적용이율(연동형 상품의 최저보증이율 포함)은 상품개발협의회, 공시이율은 공시이율협의회의 심의를 거친 후 담당본부장 전결로 결정하고 있습니다.\n4) 최저보증이율별 금리연동형 부채 현황\n당기말과 전기말 현재 위험기준자기자본(RBC)제도에 의한 당사의 금리연동형 부채의 최저보증이율 수준별 익스포져 현황은 다음과 같습니다(단위: 백만원).가. 당기말\n구 \xa0 분\n0% 이하(*1)\n0% 초과 ~2% 이하\n2% 초과 ~3% 이하\n3% 초과 ~4% 이하\n4% 초과\n합 \xa0 계\n금리연동형부채(*2)\n155,919\n13,003,383\n12,007,322\n10,071,898\n2,682,701\n37,921,223\n나. 전기말\n구 \xa0 분\n0% 이하(*1)\n0% 초과~2% 이하\n2% 초과~3% 이하\n3% 초과~4% 이하\n4% 초과\n합 \xa0 계\n금리연동형부채(*2)\n164,126\n10,299,265\n12,934,112\n9,632,262\n2,584,164\n35,613,929\n(*1) 최저보증옵션이 없는 적립금은 \'0% 이하\'로 분류하여 표시하였습니다.(*2) 금리연동형과 금리확정형의 형태를 복합적으로 가지고 있는 부채의 경우는 작성시점을 기준으로 판단하였습니다.\n(4) 신용위험관리1) 개념신용리스크란 거래상대방의 채무불이행이나, 신용등급 하락 등으로 인하여 손실이 발생할 위험을 의미합니다.2) 측정방법신용리스크의 측정은 표준방법 및 내부모형을 동시에 사용하고 있습니다. 표준방법(보험업감독규정 제7-2조 제4항)은 금융감독원 위험기준자기자본(RBC)제도에 따라신용위험액을 산출하고 있으며, 내부모형의 경우 MSCI사가 제공하는 신용리스크 측정 엔진인 Credit Manager (Credit Metrics 측정방법)를 통하여 포트폴리오 신용리스크를 산출하고 있습니다. Credit Manager는 전세계 250여 Client가 사용하고 있으며, JP Morgan, Moody\'s, S&P, KMV, Royal Bank of Canada 등 20여개 글로벌 기업에서 리스크 산출을 위해 사용되고 있는 방법입니다.3) 관리방법가. 허용한도를 통한 관리연결실체는 차주, 투자상품의 부도 및 등급하락의 변화에 당사 보유 포트폴리오에 최대로 발생할 수 있는 미예상 손실액(99% 신뢰수준 하)인 VaR를 월별로 산출하여 한도를 부여하여 최대 미예상 손실액이 당사 가용자본을 넘지 않도록 관리하고 있습니다.나. 개별 차주 및 투자상품에 대한 개별 심사를 통한 관리연결실체는 자산운용 시 개별 차주 및 투자상품에 대하여 관련업무 부서에서 정밀 분석을 통한 자체심사를 실시하고 있으며, 이 결과를 바탕으로 투자 가능한 차주 및 투자상품에 대하여 투자를 실시하고 있습니다.\n다. 분산투자 및 운용한도를 통한 관리연결실체는 투자 시 발생할 수 있는 집중도 리스크를 방지하기 위하여 산업별, 그룹별, 차주별, 상품별 한도 등을 설정하여 관리하고 있으며, 위험도가 높다고 판단되는 저등급 자산에 대한 한도관리를 하고 있습니다.라. 고위험자산에 대한 중첩적 관리고위험자산(파생상품 및 대체투자)은 신규 투자 시 관련업무 부서의 리스크분석 실시, 심사담당 관련부서의 원리금 상환능력 분석을 실시하는 등 저위험 자산에 비해 보다 강도 높은 분석을 실시하고 있습니다.\n4) 신용리스크 최대노출정도\n당기말과 전기말 현재 신용위험에 노출된 금융자산의 최대노출정도는 다음과 같습니다(단위: 백만원). \n구 \xa0 \xa0분\n당기말\n전기말\n 현금성자산\n1,838,709\n582,203\n 예치금\n792,175\n640,408\n 당기손익인식유가증권\n470,909\n225,094\n 매도가능유가증권\n19,675,787\n24,022,130\n 만기보유유가증권\n36,741,795\n31,529,786\n 대출채권\n26,915,013\n25,426,145\n 기타금융자산\n1,452,150\n1,490,621\n 파생상품자산\n377,183\n1,313,852\n합 \xa0 \xa0계\n88,263,721\n85,230,239\n5) 신용등급별 익스포져 현황당기말과 전기말 현재 당사가 보유한 채권, 대출채권 및 장외파생상품의 신용등급별익스포져 현황은 다음과 같습니다(단위: 백만원).가. 채권① 당기말\n구 \xa0 분\n무위험\nAAA\nAA+~AA-\nA+~BBB-\nBBB- 미만\n기타\n합 \xa0 계\n국공채\n13,414,789\n-\n-\n-\n-\n-\n13,414,789\n특수채\n5,666,105\n8,252,518\n103,831\n-\n-\n-\n14,022,454\n금융채\n-\n170,376\n659,835\n84,562\n-\n-\n914,773\n회사채\n-\n2,062,863\n1,447,608\n138,982\n-\n93,508\n3,742,961\n외화유가증권\n7,734,787\n10,818,111\n4,827,938\n1,006,532\n-\n406,146\n24,793,514\n합 \xa0 계\n26,815,681\n21,303,868\n7,039,212\n1,230,076\n-\n499,654\n56,888,491\n② 전기말\n구 \xa0 분\n무위험\nAAA\nAA+~AA-\nA+~BBB-\nBBB- 미만\n기타\n합 \xa0 계\n국공채\n12,965,565\n-\n-\n-\n202,908\n39\n13,168,512\n특수채\n6,477,704\n9,062,180\n70,737\n4,041\n-\n-\n15,614,662\n금융채\n-\n387,933\n828,142\n53,057\n-\n10,148\n1,279,280\n회사채\n-\n2,414,637\n2,228,831\n391,877\n18,771\n80,134\n5,134,250\n외화유가증권\n6,162,905\n7,665,501\n4,696,624\n793,092\n-\n1,262,184\n20,580,306\n합 \xa0 계\n25,606,174\n19,530,251\n7,824,334\n1,242,067\n221,679\n1,352,505\n55,777,010\n나. 대출채권\n① 당기말\n구 \xa0 \xa0분(*)\n무위험\nAAA\nAA+~AA-\nA+~BBB-\nBBB- 미만\n무등급\n기타\n합계\n콜론,신용대출,어음할인대출지급보증대출\n2,250,414\n84,901\n270,687\n112,445\n-\n2,933,418\n2,883,069\n8,534,934\n부동산담보대출\n-\n368,306\n-\n-\n-\n915,952\n6,530,052\n7,814,310\n보험약관대출\n-\n-\n-\n-\n-\n-\n7,326,592\n7,326,592\n기타대출\n1,318,191\n1,315,681\n90,000\n126,239\n-\n264,799\n169,727\n3,284,637\n합 \xa0 \xa0계\n3,568,605\n1,768,888\n360,687\n238,684\n-\n4,114,169\n16,909,440\n26,960,473\n(*) 대출채권 원금을 기준으로 분류하였습니다.② 전기말\n구 \xa0 \xa0분(*)\n무위험\nAAA\nAA+~AA-\nA+~BBB-\nBBB- 미만\n무등급\n기타\n합계\n콜론,신용대출,어음할인대출지급보증대출\n2,333,988\n3,982\n91,500\n116,628\n-\n2,830,521\n2,614,329\n7,990,948\n부동산담보대출\n-\n146,214\n-\n-\n-\n2,348,207\n4,955,738\n7,450,159\n보험약관대출\n-\n-\n-\n-\n-\n-\n6,911,254\n6,911,254\n기타대출\n1,283,399\n1,102,653\n176,634\n137,836\n-\n282,842\n143,939\n3,127,303\n합 \xa0 \xa0계\n3,617,387\n1,252,849\n268,134\n254,464\n-\n5,461,570\n14,625,260\n25,479,664\n(*) 대출채권 원금을 기준으로 분류하였습니다.\n6) 산업별 편중도\n당기말과 전기말 현재 당사가 보유한 채무증권 및 대출채권의 산업별 편중도 현황은다음과 같습니다(단위: 백만원).가. 당기말\n구 \xa0 분\n국가 및 공공기관(국공채,지방채)\n금융 및 보험업\n전기,가스,증기및 수도업\n건설업\n부동산업 및임대업\n기 \xa0 타\n합 계\n채무증권\n21,222,110\n14,615,596\n4,835,888\n2,322,483\n1,630,297\n12,262,117\n56,888,491\n대출채권(*)\n-\n3,294,823\n1,001,031\n359,628\n3,878,463\n18,426,528\n26,960,473\n합 \xa0계\n21,222,110\n17,910,419\n5,836,919\n2,682,111\n5,508,760\n30,688,645\n83,848,964\n(*) 대출채권 원금을 기준으로 분류하였습니다.나. 전기말\n구 \xa0 분\n국가 및 공공기관(국공채,지방채)\n금융 및 보험업\n전기,가스,증기및 수도업\n건설업\n부동산업 및임대업\n기 \xa0 타\n합 계\n채무증권\n18,813,334\n14,568,289\n5,707,187\n2,119,293\n1,432,155\n13,136,751\n55,777,010\n대출채권(*)\n-\n3,023,163\n663,795\n1,287,693\n2,891,366\n17,613,645\n25,479,662\n합 \xa0계\n18,813,334\n17,591,452\n6,370,982\n3,406,986\n4,323,521\n30,750,396\n81,256,672\n(*) 대출채권 원금을 기준으로 분류하였습니다.\n(5) 시장위험관리1) 개념시장리스크란 금융시장에서 금리, 주가 및 환율 등의 불리한 가격변동으로 인하여 손실이 발생하는 위험을 의미합니다.2) 측정방법시장리스크의 측정은 표준방법 및 내부모형을 동시에 사용하고 있습니다. 표준방법 \xa0(보험업감독규정 제7-2조 제5항)은 금융감독원 위험기준자기자본제도에 따라 일반시장위험과 변액연금보험의 보증위험 모두 위험계수를 이용하여 위험액을 측정하고 있습니다. 내부모형은 MSCI사가 제공하는 시장리스크 측정엔진의 Risk Manager를 통하여 산출하고 있습니다.3) 관리방법가. VaR 허용한도주가, 금리, 환율 변화에 따라 지배기업 보유 포트폴리오에 발생할 수 있는 최대 미예상손실액(99% 신뢰수준 하)인 VaR를 일별로 산출하며, 이에 한도를 부여함으로써 최대 미예상손실액(VaR)이 지배기업 가용자본을 넘지 않도록 관리하고 있습니다.\n나. 손실한도트레이딩성 자산 및 고위험 자산에 대해 손실한도를 설정하여 손실이 일정 수준을 넘어서면 매각을 통해 추가 손실을 방지하고, 손실이 정해진 범위를 넘지 않도록 관리하고 있습니다.\n다. 운용한도상품군별로 투자 가능한 범위인 운용한도를 설정하여 특정 상품군에 투자가 집중되는 것을 방지하고 있습니다.\n(4) 금리 등 위험요인에 대한 민감도 분석지배기업은 역사적 시나리오 및 사용자 지정 시나리오 등 약 50개의 시나리오에 대해 일별, 주간, 월별, 분기별로 민감도 테스트를 시행하고 있습니다. 시나리오 테스트결과에 따른 영향 정도를 분석이 용이하도록 환율, 금리, 주가를 기준으로 민감도 분석을 실시한 결과는 다음과 같습니다(단위: 백만원).\n구 \xa0 분\n변동요인\n손익영향(*2)\n자본영향(*2)\n 환율(*1)\n 원/달러 환율 100원 증가\n65,670\n9,126\n 원/달러 환율 100원 감소\n(65,670)\n(9,126)\n 이자율\n 금리 100bp의 증가\n(2,323)\n(844,286)\n 금리 100bp의 감소\n2,352\n989,139\n 주가\n 주가지수 10%의 증가\n63\n176,756\n 주가지수 10%의 감소\n(63)\n(176,756)\n(*1) 환율변동에 따른 민감도는 외화자산부채 및 파생상품의 변동에 따른 손익과 자본에 미치는 영향이 포함되어 있습니다.(*2) 당사 보유 자산 중 당기손익인식유가증권 및 매매목적 파생상품의 경우에는 손익영향으로, 매도가능유가증권의 경우에는 자본영향으로 구분하여 작성하였습니다.\n(6) 유동성위험관리1) 개념유동성리스크란 \xa0자산과 \xa0부채의 \xa0만기구조 \xa0불일치나 \xa0급격한 \xa0현금흐름의 변동으로 유동성 자금의 과부족이 발생하여 예상치 못한 손실이 발생할 위험을 의미합니다.2) 관리방법연결실체는 월별 보험의 현금흐름계획을 고려한 유동성자산의 관리와 더불어 일별 자금흐름의 예측 및 관리에도 만전을 기하고 있습니다.\n3) 당기말 및 전기말 현재 해당기간의 잔여 만기별 부채 내역은 다음과 같습니다(단위: 백만원).\n가. 당기말\n구 \xa0 분\n1년 미만\n1년 이상~ 5년 미만\n5년 이상~ 10년 미만\n10년 이상\n합 \xa0 계\n 기타금융부채\n1,474,463\n290,299\n426,204\n-\n2,190,966\n 파생상품부채\n211,529\n109,704\n-\n962\n322,195\n합 \xa0계\n1,685,992\n400,003\n426,204\n962\n2,513,161\n나. 전기말 \n구 \xa0 분\n1년 미만\n1년 이상~ 5년 미만\n5년 이상~ 10년 미만\n10년 이상\n합 \xa0 계\n 기타금융부채\n1,304,616\n240,781\n130,426\n-\n1,675,823\n 파생상품부채\n2,743\n23,404\n-\n410\n26,557\n합 \xa0계\n1,307,359\n264,185\n130,426\n410\n1,702,380\n(7) 운영위험관리1) 개념운영리스크는 부적절한 내부절차, 인력, 시스템 또는 외부사건, 평판 및 법률규제 등으로 인해 발생할 수 있는 재무적 손실과 비재무적 손실 가능성을 의미합니다. 운영리스크 관리는 내부통제의 취약점을 파악, 체계의 보완을 통해 연결실체의 안전성과 건전성을 제고하는 역할을 수행합니다.2) 관리방법연결실체는 운영리스크를 사건 유형별(내외부 사취, 사업장 안전, 고객 및 상품영업실무, 물적자원손실, 업무마비와 시스템장애, 처리절차 관리 등), 발생 원인별, 업무 유형별로 분류하여 손실데이터를 축적하고 있으며, 이를 기초로 Op-VaR 를 측정하여 리스크관리위원회에 보고하고 있습니다. 또한 부적격계약지수, 불완전판매 반송률, 납입최고 및 해지 관련 반송률, 대내민원건수, 내부통제 위반건수, 불완전판매율,신규 소송건수, 비우호기사 발생건수 등 KRI(핵심위험지표)를 설정하여 모니터링하고 있으며, 이를 매분기 위험관리위원회에 보고하고 있습니다.\n4. 재무제표\n가. 재무상태표\n재 무 상 태 표\n제 70 기 \xa0: 2018년 12월 31일 현재\n제 69 기 \xa0: 2017년 12월 31일 현재\n한화생명보험주식회사\n(단위 : 원)\n과 \xa0 \xa0 \xa0 \xa0 \xa0 \xa0 \xa0 목\n주석\n제 70 (당)기\n제 69 (전)기\n자 \xa0 \xa0 \xa0 \xa0 \xa0 \xa0 \xa0 \xa0 \xa0 \xa0 \xa0 \xa0산\n\u3000\nI. 현금및현금성자산\n4,5,6\n1,412,191,890,071\n301,761,539,784\nII. 예치금\n4,5,6\n2,038,331,659\n115,496,285,155\nIII. 당기손익인식유가증권\n4,5,7,41\n1,330,761,215,106\n882,855,415,061\nIV. 매도가능유가증권\n4,5,7,41\n23,585,326,040,876\n24,856,597,006,645\nV. 만기보유유가증권\n4,5,7,41\n33,614,053,186,610\n31,447,379,573,427\nVI. 관계ㆍ종속기업투자\n8\n5,760,026,276,921\n3,956,452,193,716\nVII. 대출채권\n4,5,9,41\n20,554,538,372,537\n19,320,385,096,476\nVIII. 유형자산\n11,12\n1,456,741,792,281\n1,482,749,119,306\nIX. 투자부동산\n12\n2,094,515,099,428\n2,047,969,627,177\nX. 무형자산\n12\n82,703,510,317\n84,249,398,650\nXI. 파생상품자산\n4,5,10\n331,535,742,386\n1,136,524,490,525\nXII.순확정급여자산\n19\n13,198,515,909\n25,248,758,114\nXIII. 당기법인세자산\n-\n125,939,850,359\nXIV. 기타금융자산\n4,5,13\n874,772,287,723\n894,569,547,051\nXV. 기타자산\n14\n1,735,067,069,086\n1,991,641,948,718\nXVI. 특별계정자산\n18\n21,454,998,652,878\n21,643,274,505,958\n자 \xa0 \xa0 \xa0산 \xa0 \xa0 \xa0총 \xa0 \xa0 \xa0계\n114,302,467,983,788\n110,313,094,356,122\n부 \xa0 \xa0 \xa0 \xa0 \xa0 \xa0 \xa0 \xa0 \xa0 \xa0 \xa0 \xa0채\nI. 보험계약부채\n15,16\n80,240,632,767,941\n77,253,433,684,101\nII. 계약자지분조정\n17\n571,159,988,569\n697,312,377,097\nIII. 당기법인세부채\n287,072,747,732\n-\nIV. 이연법인세부채\n36\n37,180,370,032\n492,469,686,026\nV. 파생상품부채\n4,5,10\n280,650,276,360\n10,496,467,418\nVI. 충당부채\n20\n11,207,393,210\n10,482,007,285\nVII.기타금융부채\n4,5,21\n537,268,455,630\n575,123,283,390\nVIII. 기타부채\n22\n96,081,941,170\n140,084,288,879\nIX. 특별계정부채\n18\n22,378,744,261,574\n22,164,605,138,157\n부 \xa0 \xa0 \xa0채 \xa0 \xa0 \xa0총 \xa0 \xa0 \xa0계\n\u3000\n104,439,998,202,218\n101,344,006,932,353\n자 \xa0 \xa0 \xa0 \xa0 \xa0 \xa0 \xa0 \xa0 \xa0 \xa0 \xa0 \xa0본\n\u3000\nI. 자본금\n23\n4,342,650,000,000\n4,342,650,000,000\nII. 기타불입자본\n23\n(438,803,750,750)\n(438,803,750,750)\nIII. 신종자본증권\n24\n1,558,000,197,526\n497,930,280,000\nIV. 기타자본구성요소\n25\n1,042,450,767,867\n1,414,993,109,658\nV. 이익잉여금\n26\n3,358,172,566,927\n3,152,317,784,861\n자 \xa0 \xa0 \xa0 본 \xa0 \xa0 \xa0 총 \xa0 \xa0 \xa0 계\n\u3000\n9,862,469,781,570\n8,969,087,423,769\n부 \xa0채 \xa0및 \xa0자 \xa0본 \xa0총 \xa0계\n\u3000\n114,302,467,983,788\n110,313,094,356,122\n나. 포괄손익계산서\n포 괄 손 익 계 산 서\n제 70 기 \xa0: 2018년 1월 1일부터 2018년 12월 31일까지\n제 69 기 \xa0: 2017년 1월 1일부터 2017년 12월 31일까지\n한화생명보험주식회사\n(단위 : 원)\n과 \xa0 \xa0 \xa0 \xa0 \xa0 \xa0 \xa0 목\n주석\n제 70 (당)기\n제 69 (전)기\nI. 영업수익\n15,254,283,707,012\n17,090,646,615,026\n \xa01. 보험료수익\n28\n9,224,083,048,700\n9,586,746,429,544\n \xa02. 재보험수익\n29\n164,319,000,585\n161,865,924,358\n \xa03. 이자수익\n27,38\n2,629,958,116,694\n2,633,076,109,575\n \xa04. 당기손익인식유가증권 평가 및 처분이익\n27\n17,678,132,533\n24,921,007,243\n \xa05. 매도가능유가증권 평가 및 처분이익\n27\n250,831,808,964\n442,973,948,326\n \xa06. 외환거래 및 환산이익\n27\n914,316,390,217\n47,944,752,642\n \xa07. 파생상품 평가 및 거래이익\n10,27\n390,560,574,094\n2,524,848,687,155\n \xa08. 기타수익\n30,38\n357,401,550,514\n361,349,060,437\n \xa09. 특별계정수입수수료\n1,116,556,098,957\n1,035,336,207,502\n \xa010. 특별계정수익\n18\n188,578,985,754\n271,584,488,244\nII. 영업비용\n14,959,026,277,587\n16,498,266,108,698\n \xa01. 보험계약부채전입액\n15\n2,986,833,954,108\n3,963,121,843,103\n \xa02. 지급보험금\n31,38\n7,832,377,233,059\n6,882,451,673,907\n \xa03. 재보험비용\n29\n171,844,082,625\n170,004,036,224\n \xa04. 사업비\n32,38\n1,184,987,448,758\n883,049,467,319\n \xa05. 신계약비상각비\n14\n962,055,804,139\n1,272,347,042,412\n \xa06. 재산관리비\n33,38\n193,069,801,502\n206,242,233,500\n \xa07. 당기손익인식유가증권 평가 및 처분손실\n27\n106,865,744\n7,953,651,072\n \xa08. 매도가능유가증권 평가 및 처분손실\n27\n76,578,767,401\n140,942,646,705\n \xa09. 대출채권및수취채권 평가 및 처분손실\n27\n27,115,611,812\n22,280,962,111\n \xa010. 외환거래 및 환산손실\n27\n172,257,432,356\n2,172,605,915,317\n \xa011. 파생상품 평가 및 거래손실\n10,27\n1,084,825,598,534\n430,792,133,374\n \xa012. 기타비용\n34\n55,163,443,536\n53,663,845,004\n \xa013. 특별계정지급수수료\n23,231,248,259\n21,226,170,406\n \xa014. 특별계정비용\n18\n188,578,985,754\n271,584,488,244\nIII. 영업이익\n295,257,429,425\n592,380,506,328\nIV. 영업외수익\n35\n260,708,475,960\n234,602,351,362\nV. 영업외비용\n35\n54,152,505,491\n135,577,861,263\nVI. 법인세비용차감전순이익\n501,813,399,894\n691,404,996,427\nVII. 법인세비용\n36\n142,544,181,398\n165,933,063,297\nVIII. 당기순이익\n359,269,218,496\n525,471,933,130\nIX. 법인세비용차감후 기타포괄손익\n(361,090,189,977)\n(130,309,063,019)\n \xa01. 당기손익으로 재분류되지 않는 포괄손익\n(5,945,766,945)\n26,584,315,086\n \xa0 1) 유형자산재평가이익\n9,624,615,119\n16,229,937,027\n \xa0 2) 순확정급여부채의 재측정요소\n(15,570,382,064)\n10,354,378,059\n \xa02. 후속적으로 당기손익으로 재분류될 수 있는 포괄손익\n(355,144,423,032)\n(156,893,378,105)\n \xa0 1) 매도가능금융자산평가손익\n(345,014,961,359)\n(43,898,406,424)\n \xa0 2) 만기보유금융자산평가손익\n(61,750,242,670)\n(72,471,580,332)\n \xa0 3) 관계ㆍ종속기업기타포괄손익지분\n30,258,833,445\n(6,629,391,768)\n \xa0 4) 위험회피목적파생상품평가손익\n3,898,196,320\n11,168,191,694\n \xa0 5) 특별계정기타포괄손익\n17,463,751,232\n(45,062,191,275)\nX. 당기총포괄손익\n(1,820,971,481)\n395,162,870,111\nXI. 주당이익\n37\n \xa01. 기본주당이익\n399\n677 \n \xa02. 희석주당이익\n399\n677 \n다. 자본변동표\n자 본 변 동 표\n제 70 기 \xa0: 2018년 1월 1일부터 2018년 12월 31일까지\n제 69 기 \xa0: 2017년 1월 1일부터 2017년 12월 31일까지\n한화생명보험주식회사\n(단위 : 원)\n과 \xa0 \xa0 \xa0 \xa0 \xa0 \xa0 목\n자 \xa0본 \xa0금\n기타불입자본\n신종자본증권\n기타자본구성요소\n이익잉여금\n총계\n2017.1.1 (전기초)\n4,342,650,000,000\n(438,803,750,750)\n-\n1,568,995,755,698\n2,679,698,923,492\n8,152,540,928,440\nI. 총포괄손익\n \xa01. 당기순이익\n-\n-\n-\n-\n525,471,933,130\n525,471,933,130\n \xa02. 재평가잉여금의 대체\n-\n-\n-\n(23,693,583,021)\n23,693,583,021\n-\n \xa03. 유형자산재평가이익\n-\n-\n-\n16,229,937,027\n-\n16,229,937,027\n \xa04. 순확정급여부채의 재측정요소\n-\n-\n-\n10,354,378,059\n-\n10,354,378,059\n \xa05. 매도가능금융자산평가손익\n-\n-\n-\n(43,898,406,424)\n-\n(43,898,406,424)\n \xa06. 만기보유금융자산평가손익\n-\n-\n-\n(72,471,580,332)\n-\n(72,471,580,332)\n \xa07. 관계ㆍ종속기업기타포괄손익지분\n-\n-\n-\n(6,629,391,768)\n-\n(6,629,391,768)\n \xa08. 위험회피목적파생상품평가손익\n-\n-\n-\n11,168,191,694\n-\n11,168,191,694\n \xa09. 특별계정기타포괄손익\n-\n-\n-\n(45,062,191,275)\n-\n(45,062,191,275)\nII. 자본에 직접 인식된 주주와의 거래\n \xa01. 연차배당\n-\n-\n-\n-\n(60,111,220,000)\n(60,111,220,000)\n \xa02. 신종자본증권 발행\n-\n-\n497,930,280,000\n-\n-\n497,930,280,000\n \xa03. 신종자본증권 배당\n-\n-\n-\n-\n(16,435,434,782)\n(16,435,434,782)\n2017.12.31 (전기말)\n4,342,650,000,000\n(438,803,750,750)\n497,930,280,000\n1,414,993,109,658\n3,152,317,784,861\n8,969,087,423,769\n2018.1.1 (당기초)\n4,342,650,000,000\n(438,803,750,750)\n497,930,280,000\n1,414,993,109,658\n3,152,317,784,861\n8,969,087,423,769\nI. 총포괄손익\n \xa01. 당기순이익\n-\n-\n-\n-\n359,269,218,496\n359,269,218,496\n \xa02. 재평가잉여금의 대체\n-\n-\n-\n(11,452,151,814)\n11,452,151,814\n-\n \xa03. 유형자산재평가이익\n-\n-\n-\n9,624,615,119\n-\n9,624,615,119\n \xa04. 순확정급여부채의 재측정요소\n-\n-\n-\n(15,570,382,064)\n-\n(15,570,382,064)\n \xa05. 매도가능금융자산평가손익\n-\n-\n-\n(345,014,961,359)\n-\n(345,014,961,359)\n \xa06. 만기보유금융자산평가손익\n-\n-\n-\n(61,750,242,670)\n-\n(61,750,242,670)\n \xa07. 관계ㆍ종속기업기타포괄손익지분\n-\n-\n-\n30,258,833,445\n-\n30,258,833,445\n \xa08. 위험회피목적파생상품평가손익\n-\n-\n-\n3,898,196,320\n-\n3,898,196,320\n \xa09. 특별계정기타포괄손익\n-\n-\n-\n17,463,751,232\n-\n17,463,751,232\nII. 자본에 직접 인식된 주주와의 거래\n \xa01. 연차배당\n-\n-\n-\n-\n(105,194,635,000)\n(105,194,635,000)\n \xa02. 신종자본증권 발행\n-\n-\n1,060,069,917,526\n-\n-\n1,060,069,917,526\n \xa03. 신종자본증권 배당\n-\n-\n-\n-\n(59,671,953,244)\n(59,671,953,244)\n2018.12.31 (당기말)\n4,342,650,000,000\n(438,803,750,750)\n1,558,000,197,526\n1,042,450,767,867\n3,358,172,566,927\n9,862,469,781,570\n라. 현금흐름표\n현 금 흐 름 표\n제 70 기 \xa0: 2018년 1월 1일부터 2018년 12월 31일까지\n제 69 기 \xa0: 2017년 1월 1일부터 2017년 12월 31일까지\n한화생명보험주식회사\n(단위 : 원)\n과 \xa0 \xa0 \xa0 \xa0 \xa0 \xa0 \xa0 목\n주석\n제 70 (당)기\n제 69 (전)기\nI. 영업활동으로 인한 현금흐름\n2,157,433,371,565\n\u3000\n3,103,276,289,980\n \xa01. 당기순이익\n359,269,218,496\n525,471,933,130\n\u3000\n \xa02. 조정\n40\n1,013,884,066,588\n2,149,031,161,397\n\u3000\n \xa03. 영업활동으로 인한 자산ㆍ부채의 변동\n40\n(1,869,051,547,941)\n(2,212,334,910,979)\n\u3000\n \xa04. 이자의 수취\n2,488,652,873,480\n2,535,565,205,562\n\u3000\n \xa05. 이자의 지급\n(2,567,529,382)\n(2,371,320,891)\n\u3000\n \xa06. 배당금의 수취\n213,605,700,022\n223,916,217,537\n\u3000\n \xa07. 법인세부담액\n(46,359,409,698)\n(116,001,995,776)\n\u3000\nII. 투자활동으로 인한 현금흐름\n(1,957,376,020,376)\n\u3000\n(3,890,333,731,019)\n \xa01. 매도가능금융자산의 처분\n8,822,623,053,556\n9,692,943,101,326\n\u3000\n \xa02. 만기보유금융자산의 상환\n63,588,898,529\n101,294,331,499\n\u3000\n \xa03. 위험회피목적파생상품의 정산\n386,632,602,592\n25,088,638,874 \n\u3000\n \xa04. 관계ㆍ종속기업투자의 처분\n546,198,038,805\n214,653,350,197\n\u3000\n \xa05. 관계ㆍ종속기업투자 관련 배당\n233,357,275,310\n161,055,735,799\n\u3000\n \xa06. 투자부동산 및 유형자산의 처분\n21,687,205,000\n37,508,719,608\n\u3000\n \xa07. 무형자산의 처분\n155,115,000\n965,000,000\n\u3000\n \xa08. 예치보증금의 감소\n53,061,203,557\n75,225,894,140\n\u3000\n \xa09. 매도가능금융자산의 취득\n(7,786,810,430,009)\n(7,500,035,830,188)\n\u3000\n \xa010. 만기보유금융자산의 취득\n(1,867,127,121,721)\n(5,578,344,149,014)\n\u3000\n \xa011. 관계ㆍ종속기업투자의 취득\n(2,228,607,986,191)\n(933,066,402,247)\n\u3000\n \xa012. 투자부동산 및 유형자산의 취득\n(128,879,914,607)\n(94,823,878,630)\n\u3000\n \xa013. 무형자산의 취득\n(21,226,833,345)\n(20,823,876,933)\n\u3000\n \xa014. 예치보증금의 증가\n(52,027,126,852)\n(71,974,365,450)\n\u3000\nIII. 재무활동으로 인한 현금흐름\n905,309,232,526\n\u3000\n426,364,060,000\n \xa01. 배당금의 지급\n(105,194,635,000)\n(60,111,220,000)\n\u3000\n \xa02. 신종자본증권 발행\n1,060,069,917,526\n497,930,280,000\n\u3000\n \xa03. 신종자본증권 배당\n(49,566,050,000)\n(11,455,000,000)\n\u3000\nIV. 현금및현금성자산의 순증감(I + II + III)\n1,105,366,583,715\n\u3000\n(360,693,381,039)\nV. 기초 현금및현금성자산\n301,761,539,784\n\u3000\n664,083,036,550\nVI. 외화표시 현금및현금성자산 환율변동효과\n5,063,766,572\n\u3000\n(1,628,115,727)\nⅦ. 기말 현금및현금성자산\n1,412,191,890,071\n\u3000\n301,761,539,784\n마. 이익잉여금처분계산서\n이 익 잉 여 금 처 분 계 산 서\n제 70 기 \xa0: 2018년 1월 1일부터 2018년 12월 31일까지\n제 69 기 \xa0: 2017년 1월 1일부터 2017년 12월 31일까지\n한화생명보험주식회사\n(단위 : 원)\n과 \xa0 목\n제 70 (당)기(처분예정일 : 2019년 3월 25일)\n제 69 (전)기(처분확정일 : 2018년 3월 26일)\n I. 미처분이익잉여금\n3,074,645,183,419\n2,889,051,364,165\n \xa0 1. 전기이월미처분이익잉여금\n2,763,595,766,353\n2,356,321,282,796\n \xa0 2. 당기순이익\n359,269,218,496\n525,471,933,130\n\u3000\n \xa0 3. 재평가잉여금\n11,452,151,814\n23,693,583,021\n\u3000\n \xa0 4. 신종자본증권 배당\n(59,671,953,244)\n(16,435,434,782)\n II. 이익잉여금처분액\n96,609,260,042\n125,455,597,812\n \xa0 1. 이익준비금\n7,513,902,500\n10,519,463,500\n \xa0 2. 배당금 \xa0 \xa0 (현금배당 주당배당금(률): \xa0 \xa0  당기 : 100원(2.0%) \xa0 \xa0 \xa0전기 : 140원(2.8%)) \n75,139,025,000\n105,194,635,000\n \xa0 3. 대손준비금\n13,956,332,542\n9,741,499,312\n III. 차기이월미처분이익잉여금\n2,978,035,923,377\n2,763,595,766,353\n5. 재무제표 주석\n제 70 기 \xa0: 2018년 12월 31일 현재\n제 69 기 \xa0: 2017년 12월 31일 현재\n한화생명보험주식회사\n1. 일반사항한화생명보험주식회사(이하 ""당사"")는 1946년 9월 9일 국내 최초의 생명보험회사로 설립된 이래 2018년 12월 31일 현재 지역본부 7개, 지역단 63개 및 지점 552개 조직을 가지고 인보험 및 그와 관련된 재보험 계약 등을 주요 영업목적으로 하고 있으며, 2010년 3월에 당사의 주식을 한국거래소가 개설한 유가증권시장에 상장하였습니다.한편, 당사는 2012년 6월 29일 개최된 주주총회에서 사명 변경을 결의하고, 2012년 10월 9일자로 사명을 대한생명보험주식회사에서 한화생명보험주식회사로 변경하였습니다.당기말 현재 판매 중인 보험상품과 신규판매는 중지되었으나 계약이 유지되고 있는 보험상품의 내역은 다음과 같습니다.\r\n구 \xa0 분\n보험상품\n판매 중\n판매 중지\n합 \xa0 계\n 개인연금보험\n6종\n63종\n69종\n 일반연금보험\n13종\n146종\n159종\n 기타생존보험\n-\n16종\n16종\n 사망보험\n50종\n386종\n436종\n 생사혼합보험\n7종\n97종\n104종\n 단체보험\n5종\n38종\n43종\n합 \xa0 계\n81종\n746종\n827종\n당기말 현재 주요 주주현황은 다음과 같습니다.\n주주명\n소유주식수(주)\n지분율(%)\n ㈜한화건설\n217,919,239\n25.09\n ㈜한화\n157,600,000\n18.15\n ㈜한화갤러리아타임월드\n15,204,166\n1.75\n 예금보험공사\n86,857,001\n10.00\n 자기주식\n117,139,750\n13.49\n 기타\n273,809,844\n31.52\n합 \xa0 계\n868,530,000\n100.00\n2. 중요한 회계정책다음은 재무제표의 작성에 적용된 주요한 회계정책입니다. 이러한 정책은 별도의 언급이 없다면, 표시된 보고기간에 계속적으로 적용됩니다.\n2.1 재무제표 작성기준당사의 재무제표는 한국채택국제회계기준에 따라 작성되었습니다. 한국채택국제회계기준은 국제회계기준위원회(""IASB"")가 발표한 기준서와 해석서 중 대한민국이 채택한 내용을 의미합니다. 한국채택국제회계기준은 재무제표 작성시 중요한 회계추정의 사용을 허용하고 있으며, 회계정책을 적용함에 있어 경영진의 판단을 요구하고 있습니다. 보다 복잡하고 높은 수준의 판단이 요구되는 부분이나 중요한 가정 및 추정이 요구되는 부분은 주석3에서 설명하고 있습니다.\n2.2 회계정책과 공시의 변경\n(1) \xa0당사가 채택한 제ㆍ개정 기준서 및 해석서\n당사는 2018년 1월 1일로 개시하는 회계기간부터 다음의 제ㆍ개정 기준서 및 해석서를 신규로 적용하였으며, 이로 인하여 재무제표에 미치는 유의적인 영향은 없습니다.\n- 기업회계기준서 제1028호 \'관계기업과 공동기업에 대한 투자\' 개정 벤처캐피탈 투자기구, 뮤추얼펀드 등이 보유하는 관계기업이나 공동기업에 대한 투자지분을 지분법이 아닌 공정가치로 평가할 경우, 각각의 지분별로 선택 적용할 수 있음을 명확히 하였습니다. \n- 기업회계기준서 제1040호 \'투자부동산\' 개정 \n부동산의 투자부동산으로 또는 투자부동산에서의 대체는 용도 변경의 증거가 존재하는 경우에만 가능하며, 동 기준서 문단 57은 이러한 상황의 예시임을 명확히 하였습니다. 또한, 건설중인 부동산도 계정대체 규정 적용 대상에 포함됨을 명확히 하였습니다. \n- 기업회계기준서 제1102호 \'주식기준보상\' 개정\n현금결제형에서 주식결제형으로 분류변경 시 조건변경 회계처리와 현금결제형 주식기준보상거래의 공정가치 측정방법이 주식결제형 주식기준보상거래와 동일함을 명확히 하였습니다. \xa0- 기업회계기준해석서 제2122호 \'외화 거래와 선지급ㆍ선수취 대가\' 제정 제정된 해석서에 따르면, 관련 자산, 비용, 수익(또는 그 일부)의 최초 인식에 적용할 환율을 결정하기 위한 거래일은 대가를 선지급하거나 선수취하여 비화폐성자산이나 비화폐성부채를 최초로 인식하는 날입니다.- 기업회계기준서 제1115호 \'고객과의 계약에서 생기는 수익\'당사는 기업회계기준서 제1115호 \'고객과의 계약에서 생기는 수익\'을 적용하였으며,동 개정으로 인해 재무제표에 미치는 중요한 영향은 없습니다.(2) 당사가 적용하지 않은 제ㆍ개정 기준서 및 해석서제정 또는 공표됐으나 2018년 1월 1일 이후 시작하는 회계연도에 시행일이 도래하지않았고, 조기 적용하지 않은 제ㆍ개정 기준서 및 해석서는 다음과 같습니다. \n- 기업회계기준서 제1109호 \'금융상품\'2015년 9월 25일 제정된 기업회계기준서 제1109호 \'금융상품\'은 원칙적으로 2018년 1월 1일 이후 최초로 시작되는 회계연도부터 적용해야 하지만, 당사는 기업회계기준서 제1104호 \'보험계약\'이 개정ㆍ공표되어 기업회계기준서 제1109호의 적용을 한시적으로 면제 받을 수 있게 됨에 따라, 2020년까지 기업회계기준서 제1109호의 적용을 면제 받을 계획입니다. 당사는 2015년 12월 31일 현재 보험과 관련된 부채의비율이 총 부채금액의 90%를 초과하므로 기업회계기준서 제1109호 적용의 한시적 면제 요건을 충족할 수 있어 기업회계기준서 제1109호는 2021년 1월 1일 이후 시작되는 회계연도부터 적용할 것으로 예상합니다.\n당기말과 전기말 현재 기업회계기준서 제1109호를 적용하였을 경우 금융자산 그룹별 장부금액 및 공정가치와 당기 중 공정가치 변동내역은 다음과 같습니다(단위: 백만원).\n구 \xa0 분\n장부금액\n공정가치\n당기말\n전기말\n당기말\n전기말\n변동액\n원금과 원금 잔액에 대한 이자 지급만으로구성된 현금흐름이 발생하는 계약 조건을 갖는 금융자산(*)\n73,067,612\n70,466,498\n73,398,987\n70,047,199\n3,351,788\n그 외 금융자산\n8,637,605\n8,489,071\n8,650,858\n8,493,085\n157,773\n합 \xa0계\n81,705,217\n78,955,569\n82,049,845\n78,540,284\n3,509,561\n(*) 상기 금융자산 중 신용위험이 낮지 않은 금융자산의 장부금액(손실충당금 조정 전)과 공정가치는 각각 1,456,556백만원 및 1,456,823백만원이며, 기업회계기준서 제1107호에서 정한 신용위험 등급별 장부금액은 주석 41에 \xa0공시하고 있습니다.\n- 기업회계기준서 제1116호 \'리스\'2017년 5월 22일 제정된 기업회계기준서 제1116호 \'리스\'는 2019년 1월 1일 이후 최초로 시작되는 회계연도부터 적용하되 조기 적용할 수도 있습니다. 동 기준서는 현행 기업회계기준서 제1017호 \'리스\'를 대체할 예정입니다. 당사는 기업회계기준서 제1116호를 2019년 1월 1일 이후 시작되는 회계연도부터 적용할 예정입니다. 새로운 기준서는 단일 리스이용자 모형을 도입하여 리스기간이 12개월을 초과하고 기초자산이 소액이 아닌 모든 리스에 대하여 리스이용자가 자산과 부채를 인식하도록 요구합니다. 리스이용자는 사용권자산과 리스료 지급의무를 나타내는 리스부채를인식해야 합니다. 당사는 동 개정으로 인해 재무제표에 중요한 영향은 없을 것으로 예상하고 있습니다.\n- 기업회계기준서 제1019호 \'종업원급여\' 개정확정급여제도의 변경으로 제도의 개정, 축소, 정산이 되는 경우 제도의 변경 이후 회계기간의 잔여기간에 대한 당기근무원가 및 순이자를 산정하기 위해 순확정급여부채(자산)의 재측정에 사용된 가정을 사용합니다. 또한, 자산인식상한의 영향으로 이전에 인식하지 않은 초과적립액의 감소도 과거근무원가나 정산손익의 일부로 당기손익에 반영합니다. 개정내용은 2019년 1월 1일 이후 최초로 시작되는 회계연도 이후 발생한 제도의 개정, 축소, 정산에 전진적으로 적용합니다.- 기업회계기준서 제1028호 \'관계기업과 공동기업에 대한 투자\' 개정관계기업이나 공동기업에 대한 다른 금융상품(지분법을 적용하지 않는 금융상품)이 기업회계기준서 제1109호의 적용대상임을 명확히 하였으며, 관계기업이나 공동기업에 대한 순투자의 일부를 구성하는 장기투자지분의 손상 회계처리에 대해서는 기업회계기준서 제1109호를 우선하여 적용하도록 개정하였습니다. 동 개정사항은 2019 년 1 월 1 일 이후 시작하는 회계연도 후부터 적용되며, 조기도입이 가능합니다. 또한, 이 기준서의 최초 적용 시 기업회계기준서 제1109호의 경과규정을 적용하여 비교정보의 재작성이 요구되지 않으며, 소급적용으로 인한 효과는 최초 적용일의 기초이익잉여금 또는 적절한 다른 자본요소에 반영합니다.\n- 기업회계기준해석서 제2123호 \'법인세 처리의 불확실성\' 제정제정된 해석서는 기업이 적용한 법인세 처리가 과세당국에 의해 인정될지에 대한 불확실성이 존재하는 경우 당기법인세와 이연법인세 인식 및 측정에 적용하며, 법인세 처리 불확실성의 회계단위와 재평가가 필요한 상황 등에 대한 지침을 포함하고 있습니다. 해석서는 2019년 1월 1일부터 적용되며 비교재무제표를 소급 재작성하거나 최초 적용연도 기초에 변경 효과를 반영하는 방법 중 선택할 수 있습니다.- 연차개선 2015-2017① 기업회계기준서 제1103호 \'사업결합\'공동영업과 관련된 자산에 대한 권리와 부채에 대한 의무를 보유하다가 해당 공동영업(사업의 정의 충족)에 대한 지배력을 획득하는 것은 단계적으로 이루어지는 사업결합이므로, 취득자는 공동영업에 대하여 이전에 보유하고 있던 지분 전부를 재측정합니다. 이 개정 내용은 2019년 1월 1일 이후 처음 시작되는 회계연도 이후에 취득일이속하는 사업결합부터 적용하되 조기 적용할 수 있습니다.② 기업회계기준서 제1111호 \'공동약정\'공동영업에 참여는 하지만 공동지배력을 보유하지 않은 공동영업 당사자가 공동영업에 대한 공동지배력을 획득하는 경우, 공동영업에 대하여 이전에 보유하고 있던 지분은 재측정하지 않습니다. 이 개정 내용은 2019년 1월 1일 이후 처음 시작되는 회계연도 이후에 공동지배력을 획득하는 거래부터 적용하되 조기 적용할 수 있습니다.③ 기업회계기준서 제1012호 \'법인세\'기업회계기준서 제1012호 문단 57A의 규정(배당의 세효과 인식시점과 인식항목을 규정)은 배당의 법인세효과 모두에 적용되며, 배당의 법인세효과를 원래 인식하였던 항목에 따라 당기손익, 기타포괄손익 또는 자본으로 인식하도록 개정되었습니다. 이 개정 내용은 2019년 1월 1일 이후 처음 시작되는 회계연도부터 적용하되 조기 적용할 수도 있습니다.④ 기업회계기준서 제1023호 \'차입원가\'적격자산을 의도된 용도로 사용(또는 판매) 가능하게 하는 데 필요한 대부분의 활동이 완료되면, 해당 자산을 취득하기 위해 특정 목적으로 차입한 자금을 일반차입금에포함한다는 사실을 명확히 하였습니다. 이 개정 내용은 해당 개정 내용을 처음 적용하는 회계연도 이후에 생기는 차입원가에 적용하며, 2019년 1월 1일 이후 처음 시작되는 회계연도부터 적용하되 조기 적용할 수도 있습니다.2.3 관계기업 및 종속기업투자당사의 재무제표는 기업회계기준서 제1027호 \'별도재무제표\'에 따른 별도재무제표로서 관계기업 및 종속기업에 대한 투자를 기업회계기준서 제1027호에 따라 원가법으로 처리하고 있습니다. 다만, 수익증권에 대해서는 공정가치법으로 처리하고 있습니다. \r\n2.4 영업부문영업부문은 최고영업의사결정자에게 보고되는 보고자료와 동일한 방식으로 보고되고 있습니다. 당사의 최고영업의사결정자는 영업부문에 배부될 자원과 영업부문의 성과를 평가하는데 책임이 있으며, 전략적 의사결정을 수행하는 이사회를 최고의사결정자로 보고 있습니다.\n2.5 외화환산\n(1) 기능통화와 표시통화  당사는 재무제표에 포함되는 항목들을 영업활동이 이루어지는 주된 경제환경에서의 통화(""기능통화"")를 적용하여 측정하고 있습니다. 당사의 기능통화는 대한민국 원화이며, 재무제표는 대한민국 원화로 표시되어 있습니다.\n(2) 외화거래와 보고기간 말의 외화환산\n외화거래는 거래일의 환율 또는 재측정되는 항목인 경우 평가일의 환율을 적용한 기능통화로 인식하고 있습니다. 외화거래의 결제나 화폐성 외화 자산ㆍ부채의 환산에서 발생하는 외환차이는 당기손익으로 인식하고 있습니다. 다만, 요건을 충족하는 현금흐름위험회피에 대한 위험회피금액은 기타포괄손익으로 인식하고 있습니다. 화폐성 자산과 부채로부터 발생하는 외환차이는 포괄손익계산서상 외환거래이익(손실)으로 표시됩니다.\n매도가능금융상품으로 분류하는 외화표시 화폐성 유가증권의 공정가치 변동은 상각후원가의 변동으로 인한 부분과 기타 유가증권의 장부금액 변동으로 구분하며, 상각후원가의 변동부분에서 발생한 외환차이는 당기손익으로, 기타 장부금액의 변동에서발생한 외환차이는 기타포괄손익으로 인식하고 있습니다.\n비화폐성 금융자산ㆍ부채로부터 발생하는 외환차이는 공정가치 변동손익의 일부로 보고하고 있습니다. 당기손익인식지분상품으로부터 발생하는 외환차이는 공정가치 변동손익의 일부로 보아 당기손익으로, 매도가능지분상품의 외환차이는 공정가치 변동에 대한 기타포괄손익에 포함하여 인식하고 있습니다.\n2.6 현금및현금성자산현금및현금성자산은 보유 중인 현금, 은행예금, 기타 취득일 현재 만기일이 3개월 이내에 도래하는 매우 유동적인 단기 투자자산을 포함하고 있습니다.\n2.7 금융상품\n2.7.1 분류\n당사는 금융상품을 그 취득 목적과 성격에 따라 당기손익인식금융자산과 당기손익인식금융부채, 대출채권 및 수취채권, 매도가능금융자산, 만기보유금융자산 및 상각후원가로 측정하는 기타금융부채 등으로 분류하고 있습니다. 경영진은 최초 인식시점에서 이러한 금융상품의 분류를 결정하고 있습니다.\n(1) 당기손익인식금융자산과 당기손익인식금융부채당기손익인식금융자산과 당기손익인식금융부채는 단기매매목적의 금융상품입니다.주로 단기간 내에 매각하거나 재매입할 목적으로 취득하거나 부담할 목적으로 취득한 금융자산과 금융부채를 당기손익인식금융자산과 당기손익인식금융부채로 분류합니다. 또한, 위험회피회계의 대상이 아닌 파생상품이나 복합금융상품에서 분리된 내재파생상품도 당기손익인식금융자산 또는 당기손익인식금융부채로 분류합니다.한편, 단기매매목적 이외의 금융자산에 하나 또는 그 이상의 내재파생상품을 포함하고 있고 기업회계기준서 제1039호 \'금융상품: 인식과 측정\'에 따라 당기손익인식금융자산 지정이 허용되는 복합계약인 경우, 당기손익인식금융자산으로 지정할 수 있습니다.\n(2) 대출채권 및 수취채권\n대출채권 및 수취채권은 지급금액이 확정되었거나 확정될 수 있으며 활성시장에서 거래되지 않는 비파생금융자산입니다. \n(3) 만기보유금융자산 만기보유금융자산은 만기가 고정되었고 지급금액이 확정되었거나 확정될 수 있는 비파생금융자산으로서, 당사가 만기까지 보유할 적극적인 의도와 능력이 있는 경우의 금융자산입니다. 만약 당사가 중요한 금액 이상의 만기보유금융자산을 매각하는 경우 전체 분류는 훼손되어 매도가능금융자산으로 분류변경 됩니다.\r\n(4) 매도가능금융자산\n매도가능금융자산은 매도가능금융자산으로 지정하거나, 다른 범주에 포함되지 않은 비파생금융상품입니다.\n(5) 상각후원가로 측정하는 금융부채\n당사는 당기손익인식금융부채, 금융보증계약, 금융자산의 양도가 제거조건을 충족하지 못하는 경우에 발생하는 금융부채를 제외한 모든 비파생금융부채를 상각후원가로측정하는 금융부채로 분류하고 있습니다.\n2.7.2 인식과 측정\n금융자산의 정형화된 매매거래는 매매일에 인식하고 있습니다. 당기손익인식금융자산을 제외한 모든 금융자산은 최초 인식시점의 공정가치에 거래원가를 가산하여 인식하고 있습니다. 당기손익인식금융자산의 경우에는 최초에 공정가치로 인식하고 거래원가는 포괄손익계산서에 당기 비용으로 처리하고 있습니다. 당사는 금융자산으로부터 받을 현금흐름에 대한 권리가 소멸하거나 이전되고, 소유에 따른 위험과 보상의대부분을 이전한 경우에 당해 금융자산을 제거하고 있습니다. 매도가능금융자산과 당기손익인식금융자산은 후속적으로 공정가치로 측정하고 있습니다. 대출채권 및 수취채권과 만기보유금융자산은 유효이자율법을 적용하여 상각후원가로 측정하고 있습니다.\n당기손익인식금융자산의 공정가치 변동에 따른 손익은 이자수익을 포함하고 있으며 발생기간에 포괄손익계산서상 당기손익인식금융자산관련손익으로 표시됩니다. 당기손익인식금융자산의 배당수익은 당사가 배당금에 대한 권리가 확정되는 시점에 포괄손익계산서에 배당금수익의 일부로 인식하고 있습니다.매도가능금융자산을 처분하거나 손상차손을 인식하는 때, 자본에 인식된 누적 공정가치 조정 금액은 매도가능금융자산관련손익으로 포괄손익계산서에 표시하고 있습니다. 유효이자율법을 적용하여 계산한 매도가능금융자산 및 만기보유금융자산의 이자는 이자수익의 일부로 포괄손익계산서에 인식되며, 매도가능금융자산의 배당금은 당사의 배당금 수취 권리가 확정되는 시점에 배당금수익의 일부로 인식하고 있습니다.\n2.7.3 상계\n금융자산과 금융부채는 인식한 자산과 부채에 대해 법적으로 집행가능한 상계 권리를 현재 보유하고 있고 순액으로 결제하거나 자산을 실현하는 동시에 부채를 결제할 의도를 가지고 있는 경우 상계하고 재무상태표에 순액으로 표시됩니다.\n2.7.4 금융자산의 손상(1) 상각후원가로 측정하는 자산\r\n당사는 금융자산 또는 금융자산집합의 손상 발생에 대한 객관적인 증거가 있는지를 매 보고기간 말에 평가합니다. 금융자산 또는 금융자산의 집합은 최초인식 후 하나 이상의 사건(""손상사건"")이 발생한 결과 손상되었다는 객관적인 증거가 있으며 손상사건이 신뢰성 있게 추정할 수 있는 금융자산의 추정 미래현금흐름에 영향을 미친 경우에는 손상차손을 인식하고 있습니다.\n당사가 금융자산이 손상되었다는 객관적인 증거를 판단하는데 적용하는 기준은 다음을 포함합니다.\n- 금융자산의 발행자나 지급의무자의 유의적인 재무적 어려움\n- 이자지급이나 원금상환의 불이행이나 지연 등의 계약 위반\n- 차입자의 재무적 어려움에 관련된 경제적 또는 법률적 이유로 인한 당초 차입조건 \xa0 \xa0의 불가피한 완화\n- 차입자의 파산이나 기타 재무구조조정의 가능성이 높은 상태\n- 재무적 어려움으로 당해 금융자산에 대한 활성시장의 소멸\n- 금융자산의 집합에 포함된 개별 금융자산의 추정미래현금흐름의 감소를 식별할 수 \xa0 는 없지만, 최초 인식 후 당해 금융자산 집합의 추정미래현금흐름에 측정가능한 감 \xa0 소가 있다는 것을 시사하는 관측가능한 자료\n손상차손은 당해 자산의 장부금액과 최초의 유효이자율로 할인한 추정미래현금흐름의 현재가치의 차이로 측정합니다(아직 발생하지 아니한 미래의 대손은 제외함). 손상차손은 당해 자산의 장부금액에서 차감하고 당기손익으로 인식합니다. 당사는 관측가능한 시장가격을 사용한 금융상품의 공정가치에 근거하여 손상차손을 측정할 수있습니다. 대출채권 및 기타수취채권의 손상차손은 대손충당금계정을 사용하여 차감하고, 동 금융자산이 회수불가능하다고 판단되는 경우 대손충당금에서 상각합니다. 후속기간 중 손상차손의 금액이 감소하고 그 감소가 손상을 인식한 후에 발생한 사건과 객관적으로 관련된 경우(예: 채무자의 신용등급 향상)에는 이미 인식한 손상차손을 직접 환입하여 당기손익으로 인식하고 있습니다.\n(2) 매도가능금융자산\n 당사는 금융자산 또는 금융자산 집합의 손상 발생에 대한 객관적인 증거가 있는지를 매 보고기간 말에 평가합니다. 채무상품의 경우 상기 (1)에서 언급한 기준에 근거한 회계처리를 합니다. 매도가능금융자산으로 분류한 지분상품의 경우, 그 공정가치가 원가 이하로 유의적 또는 지속적으로 하락하는 경우는 손상이 발생하였다는 객관적인 증거가 됩니다. 매도가능금융자산에 대해 손상발생의 객관적인 증거가 있는 경우,취득원가와 현재 공정가치의 차이를 기타포괄손익으로 인식한 누적손실 중 이전 기간에 이미 당기손익으로 인식한 손상차손을 제외한 부분을 자본에서 재분류조정하여당기손익으로 인식합니다. 매도가능지분상품에 대하여 당기손익으로 인식한 손상차손은 향후 당기손익으로 환입하지 아니합니다. 매도가능채무상품의 공정가치가 증가하고 그 증가가 손상차손을 인식한 사건과 객관적으로 관련된 경우에는 환입하여 당기손익으로 인식합니다.\n2.7.5 제거 당사는 금융자산을 양도한 경우라도 채무자의 채무불이행시의 소구권 등으로 양도한금융자산의 소유에 따른 위험과 보상의 대부분을 회사가 보유하는 경우에는 이를 제거하지 않고 그 양도자산 전체를 계속하여 인식하되, 수취한 대가를 금융부채로 인식하고 있습니다. 해당 금융부채는 재무상태표에 ""차입금""으로 분류하고 있습니다.\r\n2.8 파생상품\n파생상품은 파생상품계약 체결시점에 공정가치로 최초 인식하며 이후 공정가치를 재측정하고 있습니다. 관련 손익의 인식방법은 파생상품이 위험회피수단으로 지정되었는지 여부 및 위험회피대상의 성격에 따라 달라집니다. 당기손익인식금융상품에 해당하는 파생상품 관련 손익은 ""파생상품평가손익""과 ""파생상품거래손익""으로 당기손익으로 인식하고 있습니다.\n당사는 특정 파생상품을 아래와 같이 지정하고 있습니다.\n(1) 공정가치 위험회피: 인식된 자산, 부채 또는 확정계약의 공정가치에 대한 위험회피(2) 현금흐름 위험회피: 인식된 자산, 부채 또는 발생가능성이 매우 높은 예상거래와연관된 특정 위험에 대한 위험회피 \n당사는 거래 개시시점에 위험회피수단과 위험회피대상의 관계, 위험관리목적 및 다양한 위험회피거래전략에 대하여 문서화하고 있으며, 또한 위험회피거래에 사용된 파생상품이 위험회피대상의 공정가치 또는 현금흐름의 변동을 상쇄시키는데 매우 효과적인지를 위험회피 개시시점과 이후 지속적으로 평가하여 문서화하고 있습니다.위험회피목적으로 사용하는 다양한 파생상품의 공정가치는 주석10에서 공시하고 있으며, 기타포괄손익에 인식한 위험회피평가손익의 변동은 주석10에서 표시하고 있습니다.\n(1) 공정가치 위험회피 공정가치 위험회피로 지정되었고 적용요건을 충족하는 파생상품의 공정가치 변동은 회피대상위험으로 인한 위험회피대상자산(부채)의 공정가치 변동과 함께 당기손익으로 인식하고 있습니다. 위험회피회계의 적용요건을 더 이상 충족하지 못한다면 위험회피대상의 장부금액 조정분을 유효이자율법을 사용하여 만기까지 상각하여 손익으로 인식하고 있습니다.\r\n(2) 현금흐름 위험회피 현금흐름 위험회피로 지정되어 적용요건을 충족하는 파생상품의 공정가치 변동 중 효과적인 부분은 기타포괄손익으로 인식하고, 비효과적인 부분은 당기손익으로 즉시포괄손익계산서에 인식하고 있습니다.자본에 누적된 금액은 위험회피대상이 손익에 영향을 미치는 기간(예를 들어, 위험회피대상인 예상수익이 발생한 시점)에 포괄손익계산서에 인식하고 있습니다. 한편, 위험회피대상인 예상거래에 따라 비금융자산을 인식하게 되는 경우 이전 기간에 자본으로 이연한 손익은 자본에서 제거하고 관련 자산의 최초 원가에 포함하고 있습니다. 위험회피수단이 소멸하거나 매각된 경우 또는 위험회피회계의 적용요건을 더 이상 충족하지 못하는 경우, 자본으로 인식한 누적평가손익은 자본에 인식하였다가 예상거래가 포괄손익계산서에 인식될 때 당기손익으로 인식하고 있습니다. 예상거래가 더 이상 발생하지 않을 것으로 기대되는 경우에는 자본으로 인식한 누적손익을 즉시 당기손익으로 인식하고 있습니다.\n2.9 유형자산유형자산은 원가로 측정하고 있으며 최초 인식 후에 취득원가에서 감가상각누계액과손상차손누계액을 차감한 금액을 장부금액으로 표시하고 있습니다. \r\n유형자산의 원가는 당해 자산의 매입 또는 건설과 직접적으로 관련되어 발생한 지출로서 경영진이 의도하는 방식으로 자산을 가동하는데 필요한 장소와 상태에 이르게 하는 데 직접 관련되는 원가와 자산을 해체, 제거하거나 부지를 복구하는 데 소요될 것으로 최초에 추정되는 원가를 포함하고 있습니다.\n후속원가는 자산으로부터 발생하는 미래경제적효익이 유입될 가능성이 높으며, 그 원가를 신뢰성 있게 측정할 수 있는 경우에 한하여 자산의 장부금액에 포함하거나 적절한 경우 별도의 자산으로 인식하고 있으며, 대체된 부분의 장부금액은 제거하고 있습니다. 한편 일상적인 수선ㆍ유지와 관련하여 발생하는 원가는 발생시점에 당기손익으로 인식하고 있습니다.유형자산 중 토지는 감가상각을 하지 않으며, 이를 제외한 유형자산은 아래에 제시된개별 자산별로 추정된 경제적 내용연수 동안 정액법으로 감가상각하고 있습니다. 기타의 유형자산은 서화 등으로 구성되어 있으며, 당사는 이에 대하여 감가상각비를 계상하지 않고 있습니다.\n구 \xa0 분\n내용연수\n 건물\n20년 ~ 60년\n 구축물\n40년\n 차량운반구 및 공기구비품\n4년\n유형자산을 구성하는 일부의 원가가 당해 유형자산의 전체원가에 비교하여 중요하다면, 해당 유형자산을 감가상각할 때 그 부분은 별도로 구분하여 감가상각하고 있습니다. 유형자산의 감가상각방법, 잔존가치 및 내용연수는 매 보고기간 말에 재검토하고있으며, 이를 변경하는 것이 적절하다고 판단되는 경우 회계추정의 변경으로 회계처리하고 있습니다.유형자산을 처분하거나 사용이나 처분을 통한 미래 경제적 효익이 기대되지 않을 경우 해당 유형자산의 장부금액을 재무상태표에서 제거하고 있습니다. 유형자산의 제거로 인하여 발생하는 손익은 순매각금액과 장부금액의 차이로 결정하고 있으며, 해당 유형자산이 제거되는 시점에 당기손익으로 인식하고 있습니다.\n2.10 투자부동산임대수익이나 시세차익을 얻기 위하여 보유하고 있는 부동산은 투자부동산으로 분류하고 있습니다. 투자부동산은 취득시 발생한 거래원가를 포함하여 최초 인식시점에 원가로 측정하며, 최초 인식 후에 취득원가에서 감가상각누계액과 손상차손누계액을차감한 금액을 장부금액으로 표시하고 있습니다.후속원가는 자산으로부터 발생하는 미래경제적효익이 유입될 가능성이 높으며, 그 원가를 신뢰성 있게 측정할 수 있는 경우에 한하여 자산의 장부금액에 포함하거나 적절한 경우 별도의 자산으로 인식하고 있으며, 후속지출에 의해 대체된 부분의 장부금액은 제거하고 있습니다. 한편 일상적인 수선ㆍ유지와 관련하여 발생하는 원가는 발생시점에 당기손익으로 인식하고 있습니다.투자부동산 중 토지에 대해서는 감가상각을 하지 않으며, 투자부동산 중 건물은 경제적 내용연수에 따라 20 ~ 60년을 적용하여 정액법으로 상각하고 있습니다. 투자부동산의 감가상각방법, 잔존가치 및 내용연수는 매 보고기간 말에 재검토하고 있으며, 이를 변경하는 것이 적절하다고 판단되는 경우 회계추정의 변경으로 회계처리하고 있습니다.투자부동산을 처분하거나, 투자부동산의 사용을 영구히 중지하고 처분으로도 더 이상의 미래경제적효익을 기대할 수 없는 경우에 해당 투자부동산의 장부금액을 재무상태표에서 제거하고 있습니다. 투자부동산의 제거로 인하여 발생하는 손익은 순매각금액과 장부금액의 차이로 결정하고 있으며, 해당 투자부동산이 제거되는 시점의 당기손익으로 인식하고 있습니다.\n2.11 무형자산(1) 개별 취득하는 무형자산내용연수가 유한한 개별 취득하는 무형자산은 취득원가에서 상각누계액과 손상차손누계액을 차감한 금액으로 인식하며, 추정내용연수에 걸쳐 정액법으로 상각비를 계상하고 있습니다. 무형자산의 내용연수 및 상각방법은 매 보고기간종료일에 재검토하고 있으며, 이를 변경하는 것이 적절하다고 판단되는 경우 회계추정의 변경으로 회계처리하고 있습니다. 내용연수가 비한정인 개별 취득하는 무형자산은 취득원가에서손상차손누계액을 차감한 금액으로 인식합니다.(2) 사업결합으로 취득한 무형자산사업결합으로 취득하고 영업권과 분리하여 인식한 무형자산의 취득원가는 취득일의 공정가치로 측정하고, 최초 인식 후에는 취득원가에서 상각누계액과 손상차손누계액을 차감한 금액으로 표시하고 있습니다.(3) 무형자산의 제거무형자산을 처분하거나 사용이나 처분을 통한 미래 경제적 효익이 기대되지 않을 때 해당 무형자산의 장부금액을 재무상태표에서 제거하고 있습니다. 무형자산의 제거로인하여 발생하는 손익은 순매각금액과 장부금액의 차이로 결정하고 있으며, 해당 무형자산이 제거되는 시점에 당기손익으로 인식하고 있습니다.\n2.12 비금융자산의 손상\n이연법인세자산, 종업원급여에서 발생한 자산 및 매각예정으로 분류되는 비유동자산을 제외한 당사의 비금융자산에 대해서는 매 보고기간 말마다 자산손상을 시사하는 징후가 있는지를 검토하며, 만약 그러한 징후가 있다면, 당해 자산의 회수가능액을 추정하고 있습니다. 단, 사업결합으로 취득한 영업권 및 내용연수가 비한정인 무형자산, 아직 사용할 수 없는 무형자산에 대해서는 자산손상을 징후와 관계없이 매년 회수가능액과 장부금액을 비교하여 손상검사를 하고 있습니다. 손상차손은 회수가능액을 초과하는 장부금액만큼 인식하고 있습니다. 회수가능액은 순공정가치와 사용가치중 큰 금액으로 결정하고 있습니다. 손상을 측정하기 위한 목적으로 자산은 별도로 식별가능한 현금흐름을 창출하는 가장 하위 수준의 집단(현금창출단위)으로 분류하고 있습니다. 손상차손을 인식한 영업권 이외의 비금융자산은 매 보고기간 말에 손상차손의 환입가능성을 검토하고 있습니다.\n2.13 신계약비당사는 개인연금보험계약과 2004년 4월 1일 이후에 계약이 체결된 장기보험계약으로 인하여 발생한 신계약비(예정신계약비를 초과하는 금액은 제외. 단, 2010년 4월 1일 이후 체결된 계약은 표준해약공제액을 초과하는 금액을 제외)는 당해 계약의 보험료 납입기간(또는 신계약비 부가기간)에 걸쳐 균등하게 상각하여 비용으로 처리하고 있습니다. 다만, 계약의 보험료 납입기간(또는 신계약비 부가기간)이 7년을 초과하는경우 7년으로 하며 해약일(해약일 이전에 계약이 실효된 경우에는 실효일로 함)에 미상각잔액이 있는 경우에는 해약일이 속하는 회계연도에 전액 상각하고 있습니다. 한편, 2013년 4월 1일 이후 체결된 계약은 기납입 보험료와 표준해약공제액의 50%(실손의료보험 및 저축성보험은 70~100%, 17년까지 계약년도, 상품, 채널별로 단계별 적용) 중 큰 금액을 한도로 이연하고 있으며 표준해약공제액의 100%를 초과할 수 없습니다.\n2.14 보험계약과 투자계약의 분류당사는 계약당사자 일방(보험자)이 특정한 미래의 불확실한 사건(보험사건)으로 계약상대방(보험계약자)에게 불리한 영향이 발생한 경우에 보험계약자에게 보상하기로 약정함으로써 보험계약자로부터 유의적 보험위험을 인수하는 계약을 보험계약으로 분류하고 있으며, 계약분류에 의해 보험계약으로 분류되면 계약에 대한 권리와 의무가 소멸할 때까지 보험계약으로 분류하고 있습니다. 양적기준 유의성에 의하여 계약분류 후 보험계약 및 임의배당 요소가 있는 투자계약은 기업회계기준서 제1104호 \xa0 \xa0\'보험계약\'이 적용되며, 임의배당 요소가 없는 투자계약은 기업회계기준서 제1039호\'금융상품: 인식과 측정\'이 적용됩니다.\n2.15 보험계약부채\n당사는 보험계약에 대해 장래에 지급할 보험금, 환급금, 계약자배당금 및 이에 관련되는 비용에 충당하기 위하여 보험계약부채를 적립하고 있으며, 그 주요 내용은 다음과 같습니다.\n(1) 보험료적립금보고기간말 이전에 체결된 장기 및 개인연금보험계약으로 인하여 보고기간말 이후에지급하여야 할 보험금의 현재가치에서 보고기간말 이후에 회수될 순보험료의 현재가치를 차감한 금액을 적립하고 있습니다.\n(2) 지급준비금보고기간말 현재 보험금의 지급사유가 발생하였으나 보험금액이 확정되지 않은 계약에 대하여 지급될 것으로 추정되는 금액을 적립하고 있으며, 소송이나 중재 및 손해조사 등 보험사고 해결과정에서 발생하는 추가적인 비용 등을 가산하고 기대되는 구상이익을 차감하여 적립하고 있습니다.\n(3) 미경과보험료적립금보고기간말 이전에 회수기일이 도래한 보험료 중 차기 이후에 속하는 보험료 해당액을 적립하고 있습니다.\n(4) 보증준비금보험업감독규정 등이 정하는 바에 따라 보험금 등을 일정 수준 이상으로 보증하기 위해 장래 예상되는 손실액 등을 고려하여 보험업감독업무시행세칙에서 정한 ""보증준비금 산출기준""에 의하여 계산한 금액을 보증준비금으로 적립하고 있습니다.\n(5) 계약자배당준비금법령이나 약관 등에 의하여 이자율차배당, 사업비차배당 및 위험율차배당 등의 계약자배당에 충당하기 위한 금액을 적립하고 있습니다.\n(6) 계약자이익배당준비금장래에 계약자배당에 충당하기 위해 계약자배당준비금 외에 보험계약부채를 추가적으로 적립하기 위하여 법령이나 약관 등에 의하여 영업성과에 따라 총액으로 적립하고 있습니다.\n(7) 배당보험손실보전준비금배당보험이익 계약자지분 중 100분의 30 이내에서 적립할 수 있는 것으로서, 5년 이내에 배당보험 결손을 보전해 주거나, 주주가 배당보험의 손실을 선보전한 금액이 있는 경우 주주가 보전한 금액을 한도로 주주지분에 전입하고, 잔여액은 개별계약자에게 계약자배당재원으로 사용합니다.\n2.16 보험계약부채 적정성 평가당사는 매 보고기간말에 모든 보험계약의 미래현금흐름(내재된 옵션과 보증에서 발생하는 현금흐름 및 보험금 처리원가와 관련된 현금흐름 포함)에 대한 현행 추정치를이용하여 인식한 보험계약부채가 적정한지 평가하고 있습니다. 평가결과 보험계약부채의 장부금액이 추정 미래현금흐름의 관점에서 부적정한 경우 부족액을 전액 당기손익으로 인식하고 있습니다.당사는 보험업감독업무시행세칙 개정에 따라 할인율 산출구조와 현행추정치조정방식 등의 변경사항을 포함한 \xa0보험계약부채적정성 평가 기준을 변경하였고, 이러한 평가기준의 변경이 미래현금흐름의 현행추정치에 대하여 더 신뢰성 있고 목적적합한 정보를 제공한다고 보아 회계정책의 변경으로 적용하였습니다. 이러한 정책의 변경으로 인해 전기말 및 전기초 재무상태표와 전기의 포괄손익에 미치는 영향은 없으나, 전기말 및 전기초의 주석상 보험계약부채 잉여금액은 각각 3,174,146백만원, 2,581,007백만원 감소하였습니다. 상기 회계정책 변경으로 인해 비교 표시된 전기말 및 전기초의 주석은 재작성 되었습니다(주석 16참조).\r\n2.17 재보험계약\n당사는 기업회계기준서 제1104호 \'보험계약\'에 따라 재보험계약상 재보험계약자의 순 계약상 권리로 다음을 상계하지 아니합니다. \n① 재보험자산과 관련 보험계약부채\n② 재보험계약에서 발생한 수익 또는 비용과 관련 보험계약에서 발생한 비용 또는 수익\n또한, 재보험자산은 손상여부를 고려하여, 재보험계약자의 재보험자산이 손상되면 당해 자산의 장부금액을 감소시키고, 손상차손을 당기손익으로 인식합니다.\n2.18 계약자지분조정당사는 매도가능금융자산평가손익, 관계ㆍ종속기업기타포괄손익 등을 감독기관에서 정한 방법에 따라 계약자지분과 주주지분으로 구분하고, 계약자지분에 해당하는 금액을 계약자지분조정으로 계상합니다.2.19 특별계정자산ㆍ부채당사는 보험업법 및 보험업감독규정이 정하는 바에 따라 퇴직보험계약과 퇴직연금계약 및 변액보험계약 등에 대하여 그 준비금에 상당하는 재산의 전부 또는 일부를 일반계정과 구별하고 있으며 관련 금액을 특별계정자산 및 특별계정부채로 계상하고 있습니다.특별계정자산은 개별 특별계정별로 평가하며, 동 규정을 적용함에 있어 변액보험계약과 퇴직연금계약(실적배당형)에 대해서 설정된 유가증권의 경우 보험업법 및 자본시장과 금융투자업에 관한 법률(구, 간접투자자산운용업법)에 의한 방법으로 계상하고 이외의 자산은 일반계정의 방법을 준용하고 있습니다. 또한, 계약자적립금은 기획재정부장관 및 금융위원회위원장이 인가한 보험료 및 책임준비금 산출방법서에 따라산출되었습니다.\n실적배당형 특별계정(변액종신보험계약, 변액연금보험계약 등)의 수익과 비용은 일반계정 포괄손익계산서에 표시하지 않으며, 원리금보장형 특별계정(퇴직보험계약 및퇴직연금계약)의 수익과 비용은 특별계정수익과 특별계정비용으로 하여 총액으로 일반계정 포괄손익계산서에 계상하고 있습니다.\n2.20 충당부채 및 우발부채충당부채는 의무를 이행하기 위하여 예상되는 지출액의 현재가치로 측정되며, 시간경과로 인한 충당부채의 증가는 이자비용으로 인식됩니다.한편, 과거사건은 발생하였으나 불확실한 미래사건의 발생여부에 의해서 존재여부가확인되는 잠재적인 의무 또는 과거사건이나 거래의 결과로 발생한 현재의무이지만 자원이 유출될 가능성이 높지 않거나 당해 의무를 이행하여야 할 금액을 신뢰성 있게추정할 수 없는 경우 우발부채로 주석으로 기재하고 있습니다.\n2.21 당기법인세 및 이연법인세법인세비용은 당기법인세와 이연법인세로 구성됩니다. 법인세는 기타포괄손익이나 자본에 직접 인식된 항목과 관련된 금액을 제외하고는 당기손익으로 인식합니다. 기타포괄손익이나 자본의 특정 항목과 관련된 경우에는 해당 법인세를 각각 기타포괄손익이나 자본에서 직접 부가하거나 차감하여 인식합니다.\r\n이연법인세는 자산과 부채의 장부금액과 세무기준액의 차이로 정의되는 일시적차이에 대하여 장부금액을 회수하거나 결제할 때의 예상 법인세효과로 인식하고 있습니다. 다만, 사업결합 이외의 거래에서 자산, 부채를 최초로 인식할 때 발생하는 이연법인세자산과 부채는 그 거래가 회계이익이나 과세소득에 영향을 미치지 않는다면 인식하지 아니하고 있습니다. 이연법인세는 관련 이연법인세자산이 실현되고 이연법인세부채가 결제될 때 적용될 것으로 예상되는 보고기간말에 제정되었거나 실질적으로제정될 세율과 세법을 적용하여 결정하고 있습니다.\n이연법인세자산은 차감할 일시적차이가 사용될 수 있는 미래 과세소득의 발생가능성이 높은 경우에 인식하고 있습니다.\n종속기업 및 관계기업에 대한 투자자산과 관련된 가산할 일시적차이에 대하여 당사가 소멸시점을 통제할 수 있고 예측가능한 미래에 일시적차이가 소멸하지 않을 가능성이 높은 경우를 제외하고 이연법인세부채를 인식하고 있습니다. 또한 이들 자산으로부터 발생하는 차감할 일시적차이에 대하여 일시적차이가 예측가능한 미래에 소멸할 가능성이 높고 일시적차이가 사용될 수 있는 과세소득이 발생할 가능성이 높은 경우에만 이연법인세자산을 인식하고 있습니다.\n이연법인세자산과 부채는 당기법인세자산과 당기법인세부채를 상계할 수 있는 법적으로 집행가능한 권리를 가지고 있고, 이연법인세자산과 부채가 동일한 과세당국에 의해서 동일한 또는 다른 과세대상 기업에 부과되는 법인세와 관련이 있으면서 순액으로 결제할 의도가 있는 경우에 상계합니다.\n2.22 종업원급여\n(1) 퇴직급여\n당사는 다양한 형태의 퇴직연금제도를 운영하고 있으며, 일반적으로 주기적인 보험수리적 계산에 의해 산정된 금액을 보험회사나 수탁자가 관리하는 기금에 대한 지급을 통해 조달하고 있습니다. 당사는 확정기여제도와 확정급여제도를 모두 운영하고 있습니다.확정기여제도는 당사가 고정된 금액의 기여금을 별도 기금에 지급하는 퇴직연금제도입니다. 해당 기금이 현재나 과거 기간의 종업원 용역과 관련하여 지급하여야 할 급여 전액을 지급하기에 충분한 자산을 보유하지 못하는 경우에도 당사는 추가적인 기여금을 납부할 법적 의무나 의제의무를 부담하지 않습니다. 확정기여제도와 관련하여 당사는 상장되거나 비상장으로 관리되고 있는 연금보험제도에 의무적으로나 계약에 의해 또는 자발적으로 기여금을 지급하고 있습니다. 기여금이 지급된 이후에 당사는 더 이상의 미래 의무를 부담하지 않습니다. 기여금은 그 지급기일에 종업원급여비용으로 인식됩니다. 선급 기여금은 초과 기여금으로 인해 미래 지급액이 감소하거나 현금이 환급되는 만큼을 자산으로 인식하고 있습니다. \n확정급여제도는 확정기여제도를 제외한 모든 퇴직연금제도입니다. 일반적으로 확정급여제도는 연령, 근속연수나 급여수준 등의 요소에 의해 종업원이 퇴직할 때 지급받을 퇴직연금급여의 금액을 확정하고 있습니다. 확정급여제도와 관련하여 재무상태표에 계상된 부채는 보고기간말 현재 확정급여채무의 현재가치에 사외적립자산의 공정가치를 차감하고 미인식과거근무원가를 조정한 금액입니다. 확정급여채무는 매년 독립된 보험계리인에 의해 예측단위적립방식에 따라 산정됩니다. 확정급여채무의 현재가치는 그 지급시점과 만기가 유사한 우량 회사채의 이자율로 기대미래현금흐름을 할인하여 산정됩니다. 한편, 순확정급여부채와 관련한 재측정요소는 기타포괄손익으로 인식됩니다.\n제도 개정, 축소 또는 정산이 발생한 경우에는 과거근무원가 또는 정산으로 인한 손익은 당기손익으로 인식됩니다.\n(2) 장기종업원급여\r\n당사는 장기 근속 임직원에게 장기종업원급여를 제공하고 있습니다. 이 급여를 받을 수 있는 권리는 주로 10년 이상의 장기간 근무한 임직원에게만 주어집니다. 이러한 급여의 예상원가는 확정급여연금제도에서 사용된 것과 동일한 회계처리방법을 사용하여 근무기간 동안 인식됩니다. 보험수리적 가정의 변경 및 보험수리적 가정과 실제로 발생한 결과의 차이로 인해 발생하는 재측정요소는 발생한 기간에 당기손익으로 인식하고 있습니다. 또한, 이러한 채무는 매년 독립적이고 적격한 보험계리사에 의해평가됩니다.\n2.23 자본금\n보통주는 모두 자본으로 분류하고 있습니다.\n당사가 회사의 보통주를 취득하는 경우, 직접거래원가를 포함하는 지급대가는 그 보통주가 소각되거나 재발행 될 때까지 당사의 자본에서 차감하여 표시하고 있습니다. 이러한 자기주식이 재발행되는 경우, 수취한 대가는 당사의 주주에게 귀속되는 자본에 포함하고 있습니다.\n2.24 수익인식\n(1) 보험료수익\n당사는 보험계약에 따른 납입방법별로 보험료 회수기일이 도래되어 납입된 보험료를수익으로 인식하며, 보고기간말 현재 납입은 되었으나 회수기일이 차기 보고기간 이후인 보험료는 선수보험료로 계상하고 있습니다.\n(2) 이자수익\n이자수익은 시간의 경과에 따라 유효이자율법에 의하여 인식하고 있습니다. 유효이자율법은 금융자산이나 금융부채의 상각후원가를 계산하고 관련 기간에 걸쳐 이자수익이나 이자비용을 배분하는 방법입니다. \n유효이자율은 금융상품의 기대존속기간이나 적절하다면 더 짧은 기간에 예상되는 미래 현금 유출과 유입의 현재가치를 금융자산 또는 금융부채의 순장부금액과 정확히 일치시키는 이자율입니다. 유효이자율을 계산할 때 당해 금융상품의 모든 계약조건을 고려하여 미래현금흐름을 추정하고, 미래 신용위험에 따른 손실은 고려하지 않습니다. 또한, 계약당사자 사이에서 지급하거나 수취하는 수수료, 거래원가 및 기타의 할증액과 할인액 등을 반영합니다. 금융상품에 대한 현금흐름 또는 기대존속기간을 신뢰성 있게 추정할 수 없는 예외적인 경우에는 전체 계약기간 동안의 계약상 현금흐름을 사용하여 유효이자율을 산출합니다. 금융자산이나 유사한 금융자산의 집합이 손상차손으로 감액되면, 그 후의 이자수익은 최초 유효이자율에 의하여 인식하고 있습니다.(3) 배당수익배당수익은 배당금을 받을 권리가 확정되는 시점에 인식됩니다.\n2.25 대손준비금당사는 보험업감독규정에 근거하여 기업회계기준서 제1039호 \'금융상품: 인식과 측정\'에 의한 대손충당금이 보험업감독규정의 자산건전성분류에 의한 대손충당금에 미달하는 금액을 이익잉여금 내 대손준비금으로 적립하고 있습니다. 동 대손준비금은 기존 대손준비금이 보고기간말 현재 적립하여야 하는 대손준비금을 초과하는 경우에그 초과금액을 환입처리할 수 있고, 미처리결손금이 있는 경우에는 미처리결손금이 처리된 때부터 대손준비금을 적립하고 있습니다.\n2.26 재무제표 승인 당사의 재무제표는 2019년 2월 28일자로 이사회에서 승인되었으며, 정기주주총회에서 수정승인 될 수 있습니다.\n3. 중요한 회계추정 및 가정당사는 미래에 대하여 추정 및 가정을 하고 있습니다. 추정 및 가정은 지속적으로 평가되며, 과거 경험과 현재의 상황에서 합리적으로 예측가능한 미래의 사건을 고려하여 이루어집니다. 이러한 회계추정은 실제 결과와 다를 수도 있습니다. 다음 보고기간에 자산 및 부채 장부금액에 조정을 미칠 수 있는 유의적 위험에 대한 추정 및 가정은 다음과 같습니다.\n(1) 확정급여형 퇴직급여제도당사는 확정급여형 퇴직급여제도를 운영하고 있습니다. 확정급여채무는 매 보고기간말에 보험수리적 평가를 수행하여 계산되며, 이러한 보험수리적 평가방법을 적용하기 위해서는 할인율, 기대임금상승률, 사망률 등에 대한 가정을 추정하는 것이 필요합니다. 퇴직급여제도는 장기간이라는 성격으로 인하여 이러한 추정에 중요한 불확실성을 포함하고 있습니다. \r\n(2) 금융상품의 공정가치 평가주석4에 기술된 바와 같이, 당사는 특정 유형의 금융상품의 공정가치를 추정하기 위해 관측가능한 시장자료에 기초하지 않은 투입변수를 포함하는 평가기법을 사용하였습니다. 경영진은 금융상품의 공정가치 결정에 사용된 평가기법과 가정들이 적절하다고 믿고 있습니다.\n(3) 대손충당금 평가당사는 대출채권과 수취채권의 대손충당금의 평가 과정에서 개별평가 대손충당금 평가를 위한 기대현금흐름과 집합평가 대손충당금 평가를 위한 가정 및 변수의 추정에 불확실성을 포함하고 있습니다.\n(4) 법인세당사는 보고기간말 현재까지의 영업활동의 결과로 미래에 부담할 것으로 예상되는 법인세효과를 최선의 추정과정을 거쳐 당기법인세 및 이연법인세로 인식하였습니다.하지만 실제 미래 최종 법인세부담은 인식한 관련 자산ㆍ부채와 일치하지 않을 수 있으며, 이러한 차이는 최종 세효과가 확정된 시점의 당기법인세 및 이연법인세 자산ㆍ부채에 영향을 줄 수 있습니다.\n4. 금융상품 공정가치(1) 공정가치 서열체계\n공정가치로 측정되거나 공정가치가 공시되는 금융상품을 공정가치 서열체계에 따라 구분하며 정의된 수준은 다음과 같습니다.\n구 \xa0 분\n투입변수의 유의성\n수준 1\n 동일한 자산이나 부채에 대한 활성시장의 공시가격\n수준 2\n 직접적으로 또는 간접적으로 관측 가능한, 자산이나 부채에 대한 투입변수 단, 수준 1에 포함된 공시가격은 제외함\n수준 3\n 관측 가능한 시장자료에 기초하지 않은, 자산이나 부채에 대한 투입변수\n활성시장에서 거래되는 자산 및 부채의 공정가치는 보고기간말 현재 고시되는 시장가격에 기초하여 산정됩니다. 거래소, 판매자, 중개인, 산업집단, 평가기관 또는 감독기관을 통해 공시가격이 용이하게 그리고 정기적으로 이용가능하고, 그러한 가격이 독립된 당사자 사이에서 정기적으로 발생한 실제 시장거래를 나타낸다면, 이를 활성시장으로 간주하며, 이러한 자산 및 부채들은 수준 1에 포함됩니다.활성시장에서 거래되지 아니하는 자산 및 부채의 공정가치는 평가기법을 사용하여 결정하고 있습니다. 이러한 평가기법은 가능한 한 관측 가능한 시장정보를 최대한 사용하고 기업특유정보를 최소한으로 사용합니다. 이 때, 해당 자산 및 부채의 공정가치측정에 요구되는 모든 유의적인 투입변수가 관측 가능하다면 해당 자산 및 부채는 수준 2에 포함됩니다.\n만약 하나 이상의 유의적인 투입변수가 관측 가능한 시장정보에 기초한 것이 아니라면 해당 자산 및 부채는 수준 3에 포함됩니다. \n활성시장에서 거래되지 않는 금융상품의 공정가치는 평가기법을 사용하여 결정하고 있습니다. 당사는 보고기간말 현재 주요한 시장상황에 기초하여, 다양한 평가기법의 선택 및 가정에 대한 판단을 하고 있습니다.\n금융상품의 공정가치를 측정하는 데에 사용되는 평가기법은 다음과 같습니다.\n구 \xa0 분\n공정가치 측정방법\n유가증권\n상장주식 등 활성시장에서 거래되는 유가증권의 경우 공시되는 가격을 사용하고 있으며, 공시가격이 없는 경우 외부전문평가기관에 의해 산출된 공정가치를 사용하고 있습니다. 외부전문평가기관은 DCF모형(Discounted Cash Flow Model), IMV모형(Imputed Market Value Model), FCFE(Free Cash Flow to Equity Model), 배당할인모형, 위험조정할인율법, 순자산가치법 중 평가대상의 특성을 고려하여 적합하다고 판단된 1개 이상의 평가방법을 사용하여 공정가치를 산정하고 있습니다.\n대출채권\n대출채권의 경우 DCF모형을 사용하여 공정가치를 산출하고 있습니다. DCF모형 적용시 계약조건에 따라 산출한 계약현금흐름에 중도상환위험을 반영한 조기상환율을 적용하여 기대현금흐름을 적용한 후 각 구간에 대응하는 적절한 할인율로 할인하여 공정가치를 산출합니다. 대출채권 중 결산일 기준 잔존 만기가 3개월 이하이거나, 변동금리상품 중 금리변경주기가 3개월 이하인 상품은 장부금액을 공정가치로 간주합니다.\n파생상품\n장내파생상품의 경우 활성시장에서 거래될 경우 공시되는 가격을 사용하며,장외파생상품의 경우 평가기법을 사용하여 측정한 공정가치를 사용하고 있습니다. 시장에서 관측 가능한 투입 변수에 기초한 옵션, 이자율스왑, 통화스왑 등과 같은 보편적인 장외파생상품의 공정가치 결정에는 시장참여자가일반적으로 사용하는 평가기법을 이용한 자체 평가모형을 사용합니다. 그러나 모델에 투입되는 일부 혹은 모든 변수들이 시장에서 관측 불가능하여 어떠한 가정에 기초한 평가기법에 의해 공정가치를 측정해야 하는 일부 복잡한 금융상품의 경우 독립적인 외부전문평가기관의 평가결과를 사용하고 있습니다.\r\n(2) 당기말과 전기말 현재 재무상태표에서 공정가치로 후속 측정되는 금융상품의 공정가치를 공정가치 서열체계 수준별로 분류한 내역은 다음과 같습니다(단위: 백만원).\n1) 당기말\n구 \xa0 분\n금융상품\n수준 1\n수준 2\n수준 3\n합 \xa0 계\n금융자산\n 당기손익인식유가증권\n-\n1,329,925\n836\n1,330,761\n 매도가능유가증권\n3,277,199\n17,182,487\n3,093,855\n23,553,541\n 파생상품자산\n-\n331,536\n-\n331,536\n합 \xa0 계\n3,277,199\n18,843,948\n3,094,691\n25,215,838\n금융부채\n 파생상품부채\n-\n280,650\n-\n280,650\n2) 전기말\r\n구 \xa0 분\n금융상품\n수준 1\n수준 2\n수준 3\n합 \xa0 계\n금융자산\n 당기손익인식유가증권\n-\n881,832\n1,023\n882,855\n 매도가능유가증권\n3,010,031\n18,888,776\n2,915,016\n24,813,823\n 파생상품자산\n-\n1,136,524\n-\n1,136,524\n합 \xa0 계\n3,010,031\n20,907,132\n2,916,039\n26,833,202\n금융부채\n 파생상품부채\n-\n10,496\n-\n10,496\n(3) 당기말과 전기말 현재 활성시장에서 공시되는 시장가격이 없고, 공정가치를 신뢰성 있게 측정할 수 없어 원가로 측정한 지분상품은 각각 31,785백만원 및 42,774백만원입니다.당해 지분증권은 가치창출규모를 계량화하기 어려워 추정현금흐름의 편차가 유의적이고 다양한 추정치의 발생 확률을 신뢰성 있게 평가할 수 없는 등의 이유로 원가법으로 측정하였습니다. 또한, 당사는 동 지분증권 등에 대해서는 단기적으로 처분할 계획은 없으며, 투자대상 기업의 프로젝트 진행경과 등에 따라 공정가치를 신뢰성 있게 측정할 수 있게 되는 때에 공정가치로 측정할 예정입니다.\n(4) 당기 중 수준 1과 수준 2 간의 유의적인 이동은 없으며, 당기 및 전기 중 수준 3의 변동내역은 다음과 같습니다(단위: 백만원).\n1) 당기\n구 \xa0 분\n당기손익인식유가증권\n매도가능유가증권\n합 \xa0 계\n 기초\n1,023\n2,915,016\n2,916,039\n 취득\n-\n422,653\n422,653\n 처분\n(135)\n(258,746)\n(258,881)\n 평가\n(52)\n92,324\n92,272\n 손상\n-\n(5,176)\n(5,176)\n 대체\n-\n(72,216)\n(72,216)\n 기말\n836\n3,093,855\n3,094,691\n2) 전기\n구 \xa0 분\n당기손익인식유가증권\n매도가능유가증권\n합 \xa0 계\n 기초\n1,851\n2,835,487\n2,837,338\n 취득\n51,623\n450,366\n501,989\n 처분\n(52,349)\n(307,868)\n(360,217)\n 평가\n(102)\n39,102\n39,000\n 손상\n-\n(102,071)\n(102,071)\n 기말\n1,023\n2,915,016\n2,916,039\n(5) 당사는 수준 간의 이동을 가져오는 사건이나 상황의 변동이 발생하는 시점에 수준 간의 이동을 인식하고 있습니다. 당기 중 수준 2와 수준 3 공정가치 측정치로 분류되는 금융상품의 공정가치 측정에 사용된 가치평가기법의 변동은 없습니다.\n(6) 수준 3으로 분류된 금융상품 공정가치의 민감도 분석 결과금융상품의 민감도 분석은 관측 불가능한 투입변수의 변동이 금융상품의 가치 변동에 미치는 영향을 유리한 변동과 불리한 변동으로 구분하여 이루어집니다. 두 개 이상의 투입변수에 공정가치가 영향을 받는 경우에는 가장 유리하거나 또는 가장 불리한 상황을 가정하여 산출됩니다. 민감도 분석대상으로 수준 3으로 분류되는 금융상품 중 해당 공정가치 변동이 당기손익으로 인식되는 금융상품이 있고, 공정가치 변동이 당기손익 혹은 기타포괄손익으로 인식되는 지분증권 및 수익증권이 있습니다.\n각 금융상품별 투입변수의 변동에 따른 세전 손익효과에 대한 민감도 분석 결과는 아래와 같습니다(단위: 백만원).\n구 \xa0 분\n당 \xa0 기\n전 \xa0 기\n당기손익으로 인식\n기타포괄손익으로 인식\n당기손익으로 인식\n기타포괄손익으로 인식\n유리한 변동\n불리한 변동\n유리한 변동\n불리한 변동\n유리한 변동\n불리한 변동\n유리한 변동\n불리한 변동\n 당기손익인식금융자산(*1)\n8\n(8)\n-\n-\n10\n(10)\n-\n-\n 매도가능금융자산(*1),(*2)\n-\n-\n31,212\n(30,872)\n-\n-\n29,416\n(29,251)\n(*1) 수익증권 및 기타유가증권은 주요 관측불가능한 변수인 신탁재산 또는 부동산의 가격변동 등을 1%만큼 증가 또는 감소시킴으로써 공정가치 변동을 산출하고 있습니다.(*2) 지분증권은 주요 관측불가능한 투입변수인 성장률(0~1%), 할인율 또는 청산가치(-1~1%)와 할인율 사이의 상관관계를 증가 또는 감소시킴으로써 공정가치 변동을산출하고 있습니다.\n(7) 당기말과 전기말 현재 공정가치로 후속측정되지 않는 금융자산 및 부채의 내역은다음과 같습니다(단위: 백만원).\n구 \xa0 분\n금융상품\n당기말\n전기말\n장부금액\n공정가치\n장부금액\n공정가치\n금융자산\n 현금및현금성자산\n1,412,192\n(*)\n301,762\n(*)\n 예치금\n2,038\n(*)\n115,496\n(*)\n 만기보유금융자산\n33,614,053\n33,733,667\n31,447,380\n31,037,750\n 대출채권\n20,554,538\n20,779,553\n19,320,385\n19,314,730\n 기타금융자산\n874,772\n(*)\n894,570\n(*)\n금융부채\n 기타금융부채\n537,268\n(*)\n575,123\n(*)\n(*) 대부분 단기성으로 장부금액이 공정가치의 합리적인 근사치인 금액은 공정가치공시에서 제외했습니다.\n(8) 당기말과 전기말 현재 공정가치를 공시하는 금융상품의 공정가치 서열체계는 다음과 같습니다(단위: 백만원).1) 당기말\n구 \xa0분\n수준 1\n수준 2\n수준 3\n합 \xa0계\n 금융자산\n \xa0 만기보유금융자산\n12,564,386\n21,169,281\n-\n33,733,667\n \xa0 대출채권\n-\n-\n20,779,553\n20,779,553\n2) 전기말\n구 \xa0분\n수준 1\n수준 2\n수준 3\n합 \xa0계\n 금융자산\n \xa0 만기보유금융자산\n11,145,397\n19,892,353\n-\n31,037,750\n \xa0 대출채권\n-\n-\n19,314,730\n19,314,730\n장부금액을 공정가치의 합리적인 근사치로 보아 장부금액을 공정가치로 공시한 항목과 관련한 공정가치 서열체계는 공시하지 않습니다.\n(9) 당기말과 전기말 현재 공정가치 서열체계에서 수준 2와 수준 3으로 분류되는 반복적인 공정가치측정치, 비반복적인 공정가치측정치, 공시되는 공정가치에 대해 다음의 가치평가기법과 투입변수를 사용하고 있습니다(단위: 백만원).1) 당기말\n구 \xa0 분\n공정가치\n수준\n가치평가기법\n주요 투입변수\n비관측투입변수추정범위(%)\n 금융자산\n \xa0 당기손익인식유가증권\n1,329,925\n2\n할인된현금흐름법\n할인율\n-\n836\n3\n할인된현금흐름법\n할인율\n-\n \xa0 매도가능유가증권\n17,182,487\n2\n할인된현금흐름법 등\n할인율\n-\n3,093,855\n3\n할인된현금흐름법/유사기업비교법/과거거래이용법/순자산가치법\n성장률\n0.00 ~ 1.00\n할인율\n3.18 ~ 11.61\n청산가치\n-\n \xa0 만기보유금융자산\n21,169,281\n2\n할인된현금흐름법\n할인율\n-\n \xa0 파생상품자산\n331,536\n2\n할인된현금흐름법/내재선도금리산출법 등\n할인율\n-\n \xa0 대출채권(*)\n20,779,553\n3\n할인된현금흐름법\n신용스프레드,조기상환율\n-\n 금융부채\n \xa0 파생상품부채\n280,650\n2\n할인된현금흐름법/내재선도금리산출법 등\n할인율\n-\n(*) 장부금액은 상각후원가로 측정하고, 공정가치는 공시만 하는 금융자산의 경우에는 투입변수의 범위 공시를 생략하였습니다.\n2) 전기말\n구 \xa0 분\n공정가치\n수준\n가치평가기법\n주요 투입변수\n비관측투입변수추정범위(%)\n 금융자산\n \xa0 당기손익인식유가증권\n881,832\n2\n할인된현금흐름법\n할인율\n-\n1,023\n3\n할인된현금흐름법\n할인율\n-\n \xa0 매도가능유가증권\n18,888,776\n2\n할인된현금흐름법 등\n할인율\n-\n2,915,016\n3\n할인된현금흐름법/유사기업비교법/과거거래이용법/순자산가치법\n성장률\n0.00 ~ 1.00\n할인율\n2.77 ~ 14.43\n청산가치\n-\n \xa0 만기보유금융자산\n19,892,353\n2\n할인된현금흐름법\n할인율\n-\n \xa0 파생상품자산\n1,136,524\n2\n할인된현금흐름법/내재선도금리산출법 등\n할인율\n-\n \xa0 대출채권(*)\n 19,314,730\n3\n할인된현금흐름법\n신용스프레드,조기상환율\n-\n 금융부채\n \xa0 파생상품부채\n10,496\n2\n할인된현금흐름법/내재선도금리산출법 등\n할인율\n-\n(*) 장부금액은 상각후원가로 측정하고, 공정가치는 공시만 하는 금융자산의 경우에는 투입변수의 범위 공시를 생략하였습니다.\n5. 범주별 금융상품당기말과 전기말 현재 당사의 범주별 금융상품의 구성내역은 다음과 같습니다(단위: 백만원).(1) 금융자산1) 당기말\n구 \xa0 분\n당기손익인식금융자산\n매도가능금융자산\n만기보유금융자산\n대여금 및수취채권\n위험회피목적파생금융자산\n합 \xa0 계\n 현금및현금성자산\n-\n-\n-\n1,412,192\n-\n1,412,192\n 예치금\n-\n-\n-\n2,038\n-\n2,038\n 유가증권\n1,330,761\n23,585,326\n33,614,053\n-\n-\n58,530,140\n 대출채권\n-\n-\n-\n20,554,538\n-\n20,554,538\n 파생상품자산\n12,302\n-\n-\n-\n319,234\n331,536\n 기타금융자산\n-\n-\n-\n874,772\n-\n874,772\n합 \xa0 계\n1,343,063\n23,585,326\n33,614,053\n22,843,540\n319,234\n81,705,216\n2) 전기말\n구 \xa0 분\n당기손익인식금융자산\n매도가능금융자산\n만기보유금융자산\n대여금 및수취채권\n위험회피목적파생금융자산\n합 \xa0 계\n 현금및현금성자산\n-\n-\n-\n301,762\n-\n301,762\n 예치금\n-\n-\n-\n115,496\n-\n115,496\n 유가증권\n882,855\n24,856,597\n31,447,380\n-\n-\n57,186,832\n 대출채권\n-\n-\n-\n19,320,385\n-\n19,320,385\n 파생상품자산\n13,591\n-\n-\n-\n1,122,933\n1,136,524\n 기타금융자산\n-\n-\n-\n894,570\n-\n894,570\n합 \xa0 계\n896,446\n24,856,597\n31,447,380\n20,632,213\n1,122,933\n78,955,569\n(2) 금융부채 1) 당기말\n구 \xa0 분\n당기손익인식금융부채\n위험회피목적파생금융부채\n상각후 원가로측정되는 금융부채\n합 \xa0 계\n 파생상품부채\n553\n280,097\n-\n280,650\n 기타금융부채\n-\n-\n537,268\n537,268\n합 \xa0 계\n553\n280,097\n \xa0 \xa0 \xa0 \xa0 \xa0 \xa0 \xa0537,268\n \xa0 \xa0 \xa0 \xa0 \xa0 \xa0 \xa0817,918\n2) 전기말\n구 \xa0 분\n당기손익인식금융부채\n위험회피목적파생금융부채\n상각후 원가로측정되는 금융부채\n합 \xa0 계\n 파생상품부채\n \xa0 \xa0 \xa0 \xa0 \xa0 \xa0 \xa0 \xa0 \xa0 \xa0 \xa0-\n10,496\n-\n10,496\n 기타금융부채\n-\n-\n575,123\n575,123\n합 \xa0 계\n \xa0 \xa0 \xa0 \xa0 \xa0 \xa0 \xa0 \xa0 \xa0 \xa0 \xa0-\n \xa0 \xa0 \xa0 \xa0 \xa0 \xa0 \xa010,496\n \xa0 \xa0 \xa0 \xa0 \xa0 575,123\n \xa0 \xa0 \xa0 \xa0 \xa0 \xa0 \xa0585,619\n6. 현금및현금성자산과 예치금\n(1) 당기말과 전기말 현재 당사의 현금및현금성자산과 예치금의 내역은 다음과 같습니다(단위: 백만원).\n구 \xa0 분\n금융기관\n당기말이자율(%)\n금 \xa0 액\n당기말\n전기말\n 현금및현금성자산\n \xa0 현금및요구불예금\nKB국민은행 외\n0.00~0.10\n120,279\n147,107\n \xa0 MMDA 외\nKEB하나은행 외\n0.10~1.80\n1,291,913\n154,655\n소 \xa0 계\n1,412,192\n301,762\n 예치금\n \xa0 기타\nKEB하나은행 외\n-\n2,038\n115,496\n소 \xa0 계\n2,038\n115,496\n합 \xa0 계\n1,414,230\n417,258\n(2) 당기말과 전기말 현재 사용이 제한된 예금 등의 내용은 다음과 같습니다(단위: 백만원).\n구 \xa0 분\n금융기관\n당기말\n전기말\n사용제한 사유\n 당좌개설보증금\n KEB하나은행 외\n6\n6\n 당좌개설 보증\n 보통예금\n 농협은행 외\n-\n78\n 소송관련 사용제한\n7. 당기손익인식유가증권, 매도가능유가증권 및 만기보유증권\n(1) 당기말과 전기말 현재 당기손익인식유가증권의 내역은 다음과 같습니다(단위: 백만원).\n구 \xa0 분\n당기말\n전기말\n 단기매매금융자산\n \xa0 수익증권\n61,011\n151,293\n \xa0 해외유가증권\n836\n1,023\n \xa0 기타유가증권\n1,211,171\n720,312\n단기매매금융자산 계\n1,273,018\n872,628\n 당기손익인식지정금융자산(*)\n \xa0 해외유가증권\n57,743\n-\n \xa0 기타유가증권\n-\n10,227\n당기손익인식지정금융자산 계\n57,743\n10,227\n합 \xa0 계\n1,330,761\n882,855\n(*) 하나 또는 그 이상의 내재파생상품을 포함하고 있는 복합금융상품으로 당사는 복합계약 전체를 당기손익인식금융자산으로 지정하였습니다.\n(2) 당기말과 전기말 현재 매도가능유가증권의 내역은 다음과 같습니다(단위: 백만원).\n구 \xa0 분\n당기말\n전기말\n 지분증권\n \xa0 주식\n658,171\n582,514\n \xa0 출자금\n23,426\n12,487\n \xa0 수익증권\n3,347,226\n3,056,701\n소 \xa0 계\n4,028,823\n3,651,702\n 채무증권\n \xa0 국공채\n942,145\n1,347,706\n \xa0 특수채\n3,619,194\n5,956,999\n \xa0 금융채\n779,011\n1,153,745\n \xa0 회사채\n2,252,200\n4,004,758\n \xa0 기타(*)\n-\n51,498\n소 \xa0 계\n7,592,550\n12,514,706\n 해외유가증권\n11,772,034\n8,512,068\n 기타유가증권\n191,919\n178,121\n합 \xa0 계\n23,585,326\n24,856,597\n(*) 기업회계기준서 제1039호의 제거요건을 충족하지 않는 양도거래로서, 전기말 현재 한국예탁결제원 등에 예탁된 자산에 대한 대여금융자산으로서 당사는 상기자산의 대여를 통하여 수수료수익을 수취하고 있습니다.\n(3) 당기 및 전기 중 매도가능유가증권 손상차손 내역은 다음과 같습니다(단위: 백만원).\n구 \xa0 분\n당 \xa0 기\n전 \xa0 기\n 주식 및 출자금\n \xa0 \xa0 \xa0 \xa0 \xa0 \xa0 \xa0 \xa0 \xa0 \xa0 \xa0 \xa0 \xa0 \xa0 \xa0- \n \xa0 \xa0 \xa0 \xa0 \xa0 \xa0 \xa0 \xa0 \xa0 \xa0 \xa0100,063\n 수익증권\n \xa0 \xa0 \xa0 \xa0 \xa0 \xa0 \xa0 \xa0 \xa0 \xa0 \xa0 \xa0 \xa020\n \xa0 \xa0 \xa0 \xa0 \xa0 \xa0 \xa0 \xa0 \xa0 \xa0 \xa0 \xa0 \xa0320\n 해외유가증권\n \xa0 \xa0 \xa0 \xa0 \xa0 \xa0 \xa0 \xa0 \xa0 \xa0 \xa0 \xa09,101\n \xa0 \xa0 \xa0 \xa0 \xa0 \xa0 \xa0 \xa0 \xa0 \xa0 \xa0 \xa0 \xa0674\n합 \xa0 계\n \xa09,121\n 101,057\n(4) 당기 및 전기 중 매도가능금융자산평가손익의 변동내용은 다음과 같습니다(단위: 백만원).\n1) 당기\n구 \xa0 분\n기초\n평가\n손익반영\n기타(*)\n기말\n 매도가능금융자산평가손익\n520,467\n(304,367)\n(229,351)\n(379)\n(13,630)\n 계약자지분조정 배부금액\n(127,854)\n(60,027)\n 주주지분 배부금액\n392,613\n(73,657)\n \xa0 이연법인세효과\n(102,472)\n18,783 \n 이연법인세효과 차감 후 주주지분\n290,141\n(54,874)\n(*) 당기 중 매도가능유가증권 중 연결대상 수익증권으로의 계정재분류에 따른 조정분입니다.2) 전기\n구 \xa0 분\n기초\n평가\n손익반영\n기타(*)\n기말\n 매도가능금융자산평가손익\n2,232,984\n235,345\n(311,472)\n(1,636,390)\n520,467\n 계약자지분조정 배부금액\n(674,135)\n(127,854)\n 주주지분 배부금액\n1,558,849\n392,613\n \xa0 이연법인세효과\n(377,241)\n(102,472)\n 이연법인세효과 차감 후 주주지분\n1,181,608\n290,141\n(*) 전기 중 매도가능유가증권 중 만기보유유가증권으로의 계정재분류에 따른 조정분입니다.\n(5) 당기말과 전기말 현재 만기보유유가증권의 내역은 다음과 같습니다(단위: 백만원).\n구 \xa0 분\n당기말\n전기말\n 국공채\n11,022,401\n10,214,025\n 특수채\n9,186,720\n8,624,230\n 회사채\n851,400\n625,507\n 해외채권\n11,980,047\n11,851,414\n 기타(*)\n573,485\n132,204\n합 \xa0 계\n33,614,053\n31,447,380\n(*) 기업회계기준서 제1039호의 제거요건을 충족하지 않는 양도거래로서, 당기말과 전기말 현재 한국예탁결제원 등에 예탁된 자산에 대한 대여금융자산으로서 당사는 상기자산의대여를 통하여 수수료수익을 수취하고 있습니다.당사는 전기 중 만기가 고정되었고 지급금액이 확정되었거나 확정될 수 있으며, 만기까지 보유할 적극적인 의도와 능력이 있는 유가증권 27,233,293백만원에 대하여 매도가능유가증권에서 만기보유유가증권으로 계정재분류하였습니다.\n(6) 당기 및 전기 중 만기보유금융자산평가손익의 변동내용은 다음과 같습니다(단위: 백만원).1) 당기\n구 \xa0 분\n기초\n손익반영\n기말\n 만기보유금융자산평가손익\n1,495,923\n(148,162)\n1,347,761\n 계약자지분조정 배부금액\n(447,078)\n(390,249)\n 주주지분 배부금액\n1,048,845\n957,512\n \xa0 이연법인세효과\n(273,749)\n(244,165)\n 이연법인세효과 차감 후 주주지분\n775,096\n713,347\n2) 전기\n구 \xa0 분\n기초\n기타(*)\n손익반영\n기말\n 만기보유금융자산평가손익\n-\n1,636,390\n(140,467)\n1,495,923 \n 계약자지분조정 배부금액\n-\n\u3000\n\u3000\n(447,078)\n 주주지분 배부금액\n-\n\u3000\n\u3000\n1,048,845 \n \xa0 이연법인세효과\n-\n\u3000\n\u3000\n(273,749)\n 이연법인세효과 차감 후 주주지분\n-\n\u3000\n\u3000\n775,096 \n(*) 전기 중 매도가능유가증권 중 만기보유유가증권으로의 계정재분류에 따른 조정분입니다.\n8. 종속기업, 관계기업 및 공동기업\n(1) 당기말과 전기말 현재 당사의 종속기업, 관계기업 및 공동기업에 대한 투자 내역은 다음과 같습니다(단위: 백만원).\n구 \xa0 분\n당기말\n전기말\n 종속기업투자\n5,585,004\n3,786,576\n 관계기업 및 공동기업투자\n175,022\n169,876\n합 \xa0 계\n5,760,026\n3,956,452\n(2) 당기말과 전기말 현재 종속기업투자의 내역은 다음과 같습니다(단위: 백만원).\n구 \xa0 분\n주요 영업활동\n법인설립/소재지\n당기말지분율(%)\n당기말\n전기말\n종속기업\n 한화자산운용㈜\n자산운용업\n대한민국\n100\n82,861\n82,861\n ㈜한화육삼시티\n부동산관리, 서비스 등\n대한민국\n100\n17,592\n17,592\n 한화손해사정㈜\n보험관련 서비스업\n대한민국\n100\n4,248\n4,248\n 한화라이프에셋㈜\n보험대리 및 중개업\n대한민국\n100\n2,615\n2,615\n ㈜한화금융에셋\n보험대리 및 중개업\n대한민국\n100\n3,000\n3,000\n Hanwha Life Insurance Company Limited (Vietnam)(*1)\n생명보험업\n베트남\n100\n243,873\n102,453\n PT. Hanwha Life Insurance Indonesia(*2)\n생명보험업\n인도네시아\n99.6\n142,935\n170,499\n 한화손해보험㈜\n손해보험업\n대한민국\n51.4\n372,669\n372,669\n종속기업 소계\n869,793\n755,937\n연결대상 수익증권\n미래에셋글로벌신재생에너지전문투자형사모특별자산투자신탁2호\n특별자산집합투자기구\n대한민국\n95.0\n254,381\n203,865\n미래에셋맵스 글로벌신재생에너지 사모특별자산투자신탁1호\n특별자산집합투자기구\n대한민국\n90.0\n220,355\n253,149\n시몬느글로벌벤처전문사모투자신탁제1호\n증권집합투자기구\n대한민국\n95.0\n100,233\n87,390\n신한BNPP글로벌솔라에너지사모특별자산투자신탁\n특별자산집합투자기구\n대한민국\n90.0\n32,610\n34,970\n신한BNPP서울문산고속도로전문투자형사모특별자산투자신탁\n특별자산집합투자기구\n대한민국\n83.3\n59,505\n8\n이지스 KORIF 사모부동산 신탁 11-1호\n부동산집합투자기구\n대한민국\n-\n-\n474\n이지스 KORIF 사모부동산 신탁 11-2호\n부동산집합투자기구\n대한민국\n-\n-\n477\n이지스KORIF사모부동산투자신탁17-1호\n부동산집합투자기구\n대한민국\n98.1\n906\n64,018\n이지스KORIF사모부동산투자신탁17-2호\n부동산집합투자기구\n대한민국\n98.1\n861\n64,060\n이지스KORIF사모부동산투자신탁17-3호\n부동산집합투자기구\n대한민국\n98.1\n865\n64,060\n이지스KORIF사모부동산투자신탁17-4호\n부동산집합투자기구\n대한민국\n98.1\n868\n64,060\n파인트리솔쓰리사모부동산투자신탁3호(*3)\n부동산집합투자기구\n대한민국\n45.6\n5,851\n5,980\n파인트리솔쓰리사모부동산투자신탁5호\n부동산집합투자기구\n대한민국\n97.1\n13,789\n14,006\n하나다올HW랜드칩사모부동산자투자신탁1호\n부동산집합투자기구\n대한민국\n98.0\n129,754\n125,184\n한화 PRUDENTIAL U.S. REAL ESTATE DEBT\n부동산집합투자기구\n대한민국\n95.5\n11,271\n21,564\n한화AI GLOBAL CHOICE사모부동산투자신탁1호(재간접형)\n부동산/특별자산집합투자기구\n대한민국\n99.9\n271,862\n295,506\n한화AI GLOBAL CHOICE사모증권투자신탁2호(채권혼합-재간접형)\n증권집합투자기구\n대한민국\n98.9\n145,114\n282,739\n한화CONSUMER CREDIT전문투자형사모특별자산투자신탁1호\n특별자산집합투자기구\n대한민국\n90.0\n52,326\n1,041\n한화DEBT STRATEGY전문투자형사모부동산투자신탁6호\n부동산집합투자기구\n대한민국\n98.4\n342,466\n343,008\n한화LTI사모특별자산투자신탁 2[인프라]\n특별자산집합투자기구\n대한민국\n84.9\n55,212\n57,906\n한화LTI인프라사모특별자산투자신탁1호\n특별자산집합투자기구\n대한민국\n90.0\n350,232\n369,023\n한화트라이써클사모부동산투자신탁17호(리츠)\n부동산집합투자기구\n대한민국\n-\n-\n6,919\n한화트라이써클인프라특별자산1호\n특별자산집합투자기구\n대한민국\n80.0\n138,479\n146,789\n한화트라이써클인프라특별자산3호\n특별자산집합투자기구\n대한민국\n80.0\n42,873\n49,903\n삼성VLCC전문투자형사모투자신탁제1호(*3)\n특별자산집합투자기구\n대한민국\n38.4\n42,185\n42,180\n미래에셋UK가스인프라전문투자형사모특별자산투자신탁1호\n특별자산집합투자기구\n대한민국\n83.8\n219,645\n215,932\n한화 ASIA OPPORTUNITY 전문투자형 사모증권투자신탁 1호\n증권집합투자기구\n대한민국\n90.0\n16,899\n3,691\n한화베트남레전드증권자투자신탁(주식) C-F\n증권집합투자기구\n대한민국\n100\n10,731\n11,398\n한화 GLOBAL INFRASTRUCTURE STRATEGY 전문투자형사모특별자산투자신탁 1호\n특별자산집합투자기구\n대한민국\n90.0\n255,129\n34,091\n한화 GLOBAL CORPORATE PE STRATEGY 사모증권투자신탁 1호\n증권집합투자기구\n대한민국\n98.3\n55,998\n27,664\n한화 GLOBAL REAL ESTATE STRATEGY 전문투자형사모부동산투자신탁1호\n부동산집합투자기구\n대한민국\n95.0\n211,771\n27,170\n교보AXA봉담송산고속도로 전문투자형사모특별자산투자신탁\n특별자산집합투자기구\n대한민국\n73.5\n32,305\n6,073\n한화아세안레전드증권자투자신탁(주식) C-F\n증권집합투자기구\n대한민국\n100\n27,009\n29,496\n한화글로벌리얼에셋혼합자산 자투자신탁(혼합-재간접형) 종류 C-F(*4)\n증권집합투자기구\n대한민국\n99.3\n28,191\n-\n블랙록글로벌토탈솔루션전문투자형사모증권투자신탁1호(채권-재간접형)(*4)\n증권집합투자기구\n대한민국\n92.5\n204,380\n-\n한화 라이프스타일 전문투자형 사모증권투자신탁 1호(*4)\n증권집합투자기구\n대한민국\n97.5\n45,903\n-\n한화 GLOBAL CORPORATE PE STRATEGY 사모증권투자신탁 2호(*4)\n증권집합투자기구\n대한민국\n97.5\n79,827\n-\n한화 GLOBAL REAL ESTATE STRATEGY 전문투자형사모부동산투자신탁2호(*4)\n부동산집합투자기구\n대한민국\n95.0\n110,209\n-\n한화 GLOBAL INFRASTRUCTURE STRATEGY 2호(*4)\n특별자산집합투자기구\n대한민국\n90.0\n274,805\n-\n한화LIFEPLUSTDF2020증권투자신탁C-F(*4)\n증권집합투자기구\n대한민국\n96.2\n4,891\n-\n한화LIFEPLUSTDF2025증권투자신탁C-F(*4)\n증권집합투자기구\n대한민국\n96.2\n4,781\n-\n한화LIFEPLUSTDF2030증권투자신탁C-F(*4)\n증권집합투자기구\n대한민국\n96.2\n4,745\n-\n한화LIFEPLUSTDF2035증권투자신탁C-F(*4)\n증권집합투자기구\n대한민국\n96.2\n4,702\n-\n한화LIFEPLUSTDF2040증권투자신탁C-F(*4)\n증권집합투자기구\n대한민국\n96.2\n4,676\n-\n한화LIFEPLUSTDF2045증권투자신탁C-F(*4)\n증권집합투자기구\n대한민국\n96.2\n4,669\n-\n한화 베트남 OPPORTUNITY 전문투자형 사모증권투자신탁 1호(*4)\n증권집합투자기구\n대한민국\n98.3\n461,363\n-\n한화법인전용글로벌증권자투자신탁(채권)C(*3)(*4)\n증권집합투자기구\n대한민국\n47.4\n50,216\n-\n한화글로벌사업화펀드(*3)\n창업투자조합\n대한민국\n30.0\n2,790\n2,100\n강소신재생에너지혁신펀드\n창업투자조합\n대한민국\n99.0\n76,230\n74,745\n한화환경사랑인프라사모특별자산1호(*5)\n특별자산집합투자기구\n대한민국\n50.0\n13,374\n-\n한화태양광발전사모특별자산투자신탁1호(발전시설)(*5)\n특별자산집합투자기구\n대한민국\n50.0\n2,350\n-\n한화환경사랑인프라사모특별자산2호(*5)\n특별자산집합투자기구\n대한민국\n40.3\n3,787\n-\n한화광주순환도로사모특별자산투자신탁1호(인프라)(*5)\n특별자산집합투자기구\n대한민국\n50.0\n23,876\n-\n한화 태양광발전 사모 특별자산투자신탁 2호(*5)\n특별자산집합투자기구\n대한민국\n50.0\n35,156\n-\nARIRANG 미국나스닥기술주\n증권집합투자기구\n대한민국\n58.8\n4,843\n-\n한화코리아레전드4차산업혁명증권자투자신탁(주식) C-F(*3)(*4)\n증권집합투자기구\n대한민국\n48.9\n3,975\n-\nARIRANG KRX300(*4)\n증권집합투자기구\n대한민국\n54.0\n17,447\n-\nTIGER 우선주\n증권집합투자기구\n대한민국\n52.0\n11,592\n-\n한화 GLOBAL CREDIT STRATEGY 전문투자형 사모특별자산투자신탁 1호(재간접형)(*4)\n특별자산집합투자기구\n대한민국\n96.7\n134,948\n-\n연결대상 수익증권 소계\n4,715,211\n3,030,639\n합 \xa0 계\n5,585,004\n3,786,576\n(*1) 당사는 당기 중 Hanwha Life Insurance Company Limited (Vietnam)의 유상증자에 참여하여 장부금액이 변동하였습니다.(*2) 순자산가치하락 등으로 인하여 손상징후가 발견되었으며, 당기 중 27,564백만원의 손상차손을 인식하였습니다.(*3) 당사와 종속기업이 보유한 지분의 단순합산 지분율이 50%를 초과하여 기업회계기준서 제1110호에 따라 관계기업투자에서 종속기업투자로 분류하였습니다.(*4) 당사는 당기 중 신규로 한화글로벌리얼에셋혼합자산 자투자신탁 (혼합-재간접형) 종류 C-F 외 16개의 수익증권을 취득하여 기업회계기준서 제1110호에 따라 종속기업투자로 분류하였습니다.(*5) 지분율이 50%를 초과하지 않지만, 보유 지분율 및 사실상 대리인 관계를 고려하여 기업회계기준서 제 1110호에 따라 종속기업에 포함되었습니다.\r\n한편, 당기말 현재 당사가 지분율의 과반을 보유하였으나 피투자자의 관련 활동에 대한 실질적인 의사결정을 하지 못한 칸서스인천하수관거사모특별자산투자신탁1호 수익증권에 대하여 기업회계기준서 제1110호에 따라 지배력이 없는 것으로 판단하였으며, 연결대상 종속기업에서 제외하였습니다.\r\n(3) 당기말과 전기말 현재 관계기업 및 공동기업투자의 현황은 다음과 같습니다(단위: 백만원).\r\n회사명\n주요 영업활동\n법인설립/영업소재지\n당기말지분율(%)\n당기말\n전기말\nKoFC교보한화그로쓰챔프2010의6호(*1)\n기업집단 협력업체 투자\n대한민국\n15.0\n1,076\n1,376\nKoFC포스코한화KB동반성장제2호사모투자전문회사\n신성장동력 투자\n대한민국\n20.0\n10,376\n10,376\n에이앤디신용정보㈜(*2)\n신용조사 및 추심대행\n대한민국\n19.5\n2,947\n2,947\n신공항하이웨이㈜(*2)\n도로시설 건설 및 운영\n대한민국\n3.5\n7,992\n7,992\n광주제2순환도로㈜(*2)\n도로시설 건설 및 운영\n대한민국\n15.0\n4,637\n4,637\n울산청천주식회사(*2)\n하수관거 정비 및 관리\n대한민국\n15.0\n1,703\n1,703\n전라선철도주식회사(*2)\n철도시설 건설 및 운영\n대한민국\n11.9\n12,385\n12,385\n푸른아산지키미주식회사(*2)\n하수관거 정비 및 관리\n대한민국\n15.0\n1,407\n1,407\n푸른김해지키미주식회사(*2)\n하수관거 정비 및 관리\n대한민국\n14.0\n1,411\n1,411\n청정상주주식회사(*2)\n하수관거 정비 및 관리\n대한민국\n15.0\n1,323\n1,323\n푸른군산지키미주식회사(*2)\n하수관거 정비 및 관리\n대한민국\n15.0\n1,287\n1,287\n진주청천주식회사(*2)\n하수관거 정비 및 관리\n대한민국\n14.2\n1,201\n1,201\n판교에스디투주식회사(*2)\n부동산 개발 및 임대\n대한민국\n14.2\n16,782\n16,782\n푸른제주지키미주식회사(*2)\n하수관거 정비 및 관리\n대한민국\n13.0\n661\n661\n푸른당진지키미주식회사(*2)\n하수관거 정비 및 관리\n대한민국\n15.0\n736\n736\n푸른여수지키미주식회사(*2)\n하수관거 정비 및 관리\n대한민국\n14.0\n658\n658\n남양강진씨앤지㈜(*2)\n하수관거 정비 및 관리\n대한민국\n15.0\n520\n520\n노원학교관리주식회사(*2)\n학교시설 준공 및 관리\n대한민국\n14.6\n688\n688\n기능대비티엘주식회사(*2)\n학교시설 준공 및 관리\n대한민국\n14.8\n475\n475\n제주엔바이로주식회사(*2)\n하수관거 정비 및 관리\n대한민국\n7.8\n851\n851\n청정서귀포주식회사(*2)\n하수관거 정비 및 관리\n대한민국\n11.4\n1,102\n1,102\nSino Korea Life Insurance Co.,Ltd(China)\n생명보험업\n중국\n50.0\n86,239\n86,239\n케이디비아시아 사모투자합자회사\n외국기업 투자 및 관리\n대한민국\n20.0\n9,019\n5,902\n2018신산업글로벌플러스업펀드\n신성장동력 투자\n대한민국\n30.0\n3,000\n-\n충남-한화중소기업육성펀드\n창업투자조합\n대한민국\n30.0\n3,780\n1,620\n서울글로벌바이오메디컬신성장동력투자펀드(*1)\n신성장동력 투자\n대한민국\n13.3\n2,390\n3,870\n2011 KIF-한화 IT 전문 투자조합(*1)\n창업투자조합\n대한민국\n15.0\n375\n1,727\n합 \xa0 계\n175,021\n169,876\n(*1) 당사와 종속기업의 단순합산 지분율이 20% 이상에 해당하여 관계기업투자로 분류하였습니다.(*2) 피투자회사에 대하여 피투자회사 이사회에서 재무정책과 영업정책에 관한 의사결정에 참여할 수 있는 등 유의적인 영향력이 존재하므로 관계기업투자로 분류하였습니다. \n(4) 당기 및 전기 중 종속기업투자, 관계기업 및 공동기업투자의 변동내역은 다음과 같습니다(단위: 백만원).1) 당기\n회사명\n기초\n취득/대체\n처분\n평가 등\n기말\n종속기업\n 한화자산운용㈜\n82,861\n-\n-\n-\n82,861\n ㈜한화육삼시티\n17,592\n-\n-\n-\n17,592\n 한화손해사정㈜\n4,248\n-\n-\n-\n4,248\n 한화라이프에셋㈜\n2,615\n-\n-\n-\n2,615\n ㈜한화금융에셋\n3,000\n-\n-\n-\n3,000\n Hanwha Life Insurance Company Limited (Vietnam)\n102,453\n141,420\n-\n-\n243,873\n PT. Hanwha Life Insurance Indonesia(*1) \n170,499\n-\n-\n(27,564)\n142,935\n 한화손해보험㈜\n372,669\n-\n-\n-\n372,669\n종속기업 소계\n755,937\n141,420\n-\n(27,564)\n869,793\n연결대상 수익증권\n 미래에셋글로벌신재생에너지전문투자형사모특별자산투자신탁2호\n203,865\n9,500\n(2,736)\n43,752\n254,381\n 미래에셋맵스 글로벌신재생에너지 사모특별자산투자신탁1호\n253,149\n8,100\n(38,866)\n(2,028)\n220,355\n 시몬느글로벌벤처전문사모투자신탁제1호\n87,390\n11,543\n-\n1,300\n100,233\n 신한BNPP글로벌솔라에너지사모특별자산투자신탁\n34,970\n-\n(2,163)\n(197)\n32,610\n 신한BNPP서울문산고속도로전문투자형사모특별자산투자신탁\n8\n58,865\n-\n632\n59,505\n 이지스 KORIF 사모부동산 신탁 11-1호\n474\n-\n(449)\n(25)\n-\n 이지스 KORIF 사모부동산 신탁 11-2호\n477\n-\n(455)\n(22)\n-\n 이지스KORIF사모부동산투자신탁17-1호\n64,018\n-\n(62,950)\n(162)\n906\n 이지스KORIF사모부동산투자신탁17-2호\n64,060\n-\n(62,994)\n(205)\n861\n 이지스KORIF사모부동산투자신탁17-3호\n64,060\n-\n(62,991)\n(204)\n865\n 이지스KORIF사모부동산투자신탁17-4호\n64,060\n-\n(62,988)\n(204)\n868\n 파인트리솔쓰리사모부동산투자신탁3호\n5,980\n-\n(72)\n(57)\n5,851\n 파인트리솔쓰리사모부동산투자신탁5호\n14,006\n-\n(644)\n427\n13,789\n 하나다올HW랜드칩사모부동산자투자신탁1호\n125,184\n-\n0\n4,570\n129,754\n 한화 PRUDENTIAL U.S. REAL ESTATE DEBT\n21,564\n-\n(9,784)\n(509)\n11,271\n 한화AI GLOBAL CHOICE사모부동산투자신탁1호(재간접형)\n295,506\n-\n(18,424)\n(5,220)\n271,862\n 한화AI GLOBAL CHOICE사모증권투자신탁2호(채권혼합-재간접형)\n282,739\n-\n(141,075)\n3,450\n145,114\n 한화CONSUMER CREDIT전문투자형사모특별자산투자신탁1호\n1,041\n59,441\n(7,945)\n(211)\n52,326\n 한화DEBT STRATEGY전문투자형사모부동산투자신탁6호\n343,008\n-\n(1,602)\n1,060\n342,466\n 한화LTI사모특별자산투자신탁 2[인프라]\n57,906\n-\n(2,919)\n225\n55,212\n 한화LTI인프라사모특별자산투자신탁1호\n369,023\n-\n(18,670)\n(121)\n350,232\n 한화트라이써클사모부동산투자신탁17호(리츠)\n6,919\n-\n(5,368)\n(1,551)\n-\n 한화트라이써클인프라특별자산1호\n146,789\n-\n(9,462)\n1,152\n138,479\n 한화트라이써클인프라특별자산3호\n49,903\n-\n(6,888)\n(142)\n42,873\n 삼성VLCC전문투자형사모투자신탁제1호\n42,180\n1,587\n(1,585)\n3\n42,185\n 미래에셋UK가스인프라전문투자형사모특별자산투자신탁1호\n215,932\n-\n-\n3,713\n219,645\n 한화 ASIA OPPORTUNITY 전문투자형 사모증권투자신탁 1호\n3,691\n13,119\n-\n89\n16,899\n 한화베트남레전드증권자투자신탁(주식) C-F\n11,398\n-\n-\n(667)\n10,731\n 한화 GLOBAL INFRASTRUCTURE STRATEGY 전문투자형사모특별자산투자신탁 1호\n34,091\n212,145\n-\n8,894\n255,130\n 한화 GLOBAL CORPORATE PE STRATEGY 사모증권투자신탁 1호\n27,664\n27,837\n-\n497\n55,998\n 한화 GLOBAL REAL ESTATE STRATEGY 전문투자형사모부동산투자신탁1호\n27,170\n187,612\n(125)\n(2,886)\n211,771\n 교보AXA봉담송산고속도로 전문투자형사모특별자산투자신탁\n6,073\n26,230\n-\n2\n32,305\n 한화아세안레전드증권자투자신탁(주식) C-F\n29,496\n-\n-\n(2,487)\n27,009\n 한화글로벌리얼에셋혼합자산 자투자신탁(혼합-재간접형) 종류 C-F\n-\n30,000\n-\n(1,809)\n28,191\n 블랙록글로벌토탈솔루션전문투자형사모증권투자신탁1호(채권-재간접형)\n-\n205,219\n-\n(839)\n204,380\n 한화 라이프스타일 전문투자형 사모증권투자신탁 1호\n-\n46,443\n-\n(540)\n45,903\n 한화 GLOBAL CORPORATE PE STRATEGY 사모증권투자신탁 2호\n-\n79,981\n-\n(154)\n79,827\n 한화 GLOBAL REAL ESTATE STRATEGY 전문투자형사모부동산투자신탁2호\n-\n107,991\n-\n2,218\n110,209\n 한화 GLOBAL INFRASTRUCTURE STRATEGY 2호\n-\n267,922\n-\n6,883\n274,805\n 한화LIFEPLUSTDF2020증권투자신탁C-F\n-\n5,000\n-\n(109)\n4,891\n 한화LIFEPLUSTDF2025증권투자신탁C-F\n-\n5,000\n-\n(219)\n4,781\n 한화LIFEPLUSTDF2030증권투자신탁C-F\n-\n5,000\n-\n(255)\n4,745\n 한화LIFEPLUSTDF2035증권투자신탁C-F\n-\n5,000\n-\n(298)\n4,702\n 한화LIFEPLUSTDF2040증권투자신탁C-F\n-\n5,000\n-\n(324)\n4,676\n 한화LIFEPLUSTDF2045증권투자신탁C-F\n-\n5,000\n-\n(331)\n4,669\n 한화 베트남 OPPORTUNITY 전문투자형 사모증권투자신탁 1호\n-\n464,708\n-\n(3,345)\n461,363\n 한화법인전용글로벌증권자투자신탁(채권)C\n-\n50,000\n-\n216\n50,216\n 한화글로벌사업화펀드\n2,100\n690\n-\n-\n2,790\n 강소신재생에너지혁신펀드\n74,745\n11,385\n(9,900)\n-\n76,230\n 한화환경사랑인프라사모특별자산1호\n-\n13,613\n(525)\n286\n13,374\n 한화태양광발전사모특별자산투자신탁1호(발전시설)\n-\n2,820\n(475)\n5\n2,350\n 한화환경사랑인프라사모특별자산2호\n-\n3,632\n(71)\n226\n3,787\n 한화광주순환도로사모특별자산투자신탁1호(인프라)\n-\n23,981\n(421)\n315\n23,875\n 한화 태양광발전 사모 특별자산투자신탁 2호\n-\n39,156\n(4,118)\n118\n35,156\n ARIRANG 미국나스닥기술주\n-\n4,963\n-\n(120)\n4,843\n 한화코리아레전드4차산업혁명증권자투자신탁(주식) C-F\n-\n5,000\n-\n(1,025)\n3,975\n ARIRANG KRX300\n-\n20,515\n-\n(3,069)\n17,446\n TIGER 우선주\n-\n14,854\n-\n(3,262)\n11,592\n 한화 GLOBAL CREDIT STRATEGY 전문투자형 사모특별자산투자신탁 1호(재간접형)\n-\n136,358\n-\n(1,409)\n134,949\n연결대상 수익증권 소계\n3,030,639\n2,175,210\n(536,665)\n46,027\n4,715,211\n관계기업 및 공동기업투자\n 에이앤디신용정보㈜\n2,947\n-\n-\n-\n2,947\n 신공항하이웨이㈜ 외 17개사\n55,819\n-\n-\n-\n55,819\n Sino Korea Life Insurance Co.,Ltd(China)\n86,239\n-\n-\n-\n86,239\n 케이디비아시아 사모투자합자회사\n5,902\n3,116\n-\n-\n9,018\n KoFC교보한화그로쓰챔프2010의6호\n1,376\n-\n(300)\n-\n1,076\n KoFC포스코한화KB동반성장제2호사모투자전문회사\n10,376\n-\n-\n-\n10,376\n 2018신산업글로벌플러스업펀드\n-\n3,000\n-\n-\n3,000\n 충남-한화중소기업육성펀드\n1,620\n2,160\n-\n-\n3,780\n 서울글로벌바이오메디컬신성장동력투자펀드\n3,870\n-\n(1,480)\n-\n2,390\n 2011 KIF-한화 IT 전문 투자조합\n1,727\n-\n(1,350)\n-\n377\n관계기업 및 공동기업투자 소계\n169,876\n8,276\n(3,130)\n-\n175,022\n합 \xa0 계\n3,956,452\n2,324,906\n(539,795)\n18,463\n5,760,026\n(*1) 순자산가치하락 등으로 인하여 손상징후가 발견되었으며, 당기 중 27,564백만원의 손상차손을 인식하였습니다.2) 전기\r\n회사명\n기초\n취득/대체\n처분\n평가 등\n기말\n종속기업\n\u3000\n\u3000\n\u3000\n\u3000\n\u3000\n 한화자산운용㈜\n82,861\n-\n-\n-\n82,861\n ㈜한화육삼시티\n17,592\n-\n-\n-\n17,592\n 한화손해사정㈜\n4,248\n-\n-\n-\n4,248\n 한화라이프에셋㈜\n2,615\n-\n-\n-\n2,615\n ㈜한화금융에셋\n3,000\n-\n-\n-\n3,000\n Hanwha Life Insurance Company Limited (Vietnam)\n102,453\n-\n-\n-\n102,453\n Hanwha Asset Management(USA) Ltd.(구:Hanwha Life Investment (USA) Ltd.)\n11,837\n-\n(11,837)\n-\n-\n PT. Hanwha Life Insurance Indonesia(*)\n205,664\n-\n-\n(35,165)\n170,499\n 강소신재생에너지혁신펀드\n30,195\n44,550\n-\n-\n74,745\n 한화손해보험㈜\n286,799\n85,870\n-\n-\n372,669\n 한화글로벌사업화펀드\n1,800\n300\n-\n-\n2,100\n종속기업 소계\n749,064\n130,720\n(11,837)\n(35,165)\n832,782\n연결대상 수익증권\n\u3000\n\u3000\n\u3000\n\u3000\n\u3000\n 미래에셋글로벌신재생에너지전문투자형사모특별자산투자신탁2호\n143,889\n61,085\n-\n(1,109)\n203,865\n 미래에셋맵스 글로벌신재생에너지 사모특별자산투자신탁1호\n256,045\n7,407\n(8,225)\n(2,078)\n253,149\n 삼성VLCC전문투자형사모투자신탁제1호\n9,975\n33,868\n(1,583)\n(80)\n42,180\n 삼성배당주사모증권투자신탁제5호(주식)\n9,416\n-\n(9,393)\n(23)\n-\n 스팍스사모증권투자신탁제15호(주식)\n18,994\n-\n(18,911)\n(83)\n-\n 시몬느글로벌벤처전문사모투자신탁제1호\n9,468\n77,438\n-\n484\n87,390\n 신한BNPP글로벌솔라에너지사모특별자산투자신탁\n36,735\n-\n(4,230)\n2,465\n34,970\n 신한BNPP서울문산고속도로전문투자형사모특별자산투자신탁\n8\n-\n-\n-\n8\n 이지스 KORIF 사모부동산 신탁 11-1호\n28,858\n-\n(26,896)\n(1,488)\n474\n 이지스 KORIF 사모부동산 신탁 11-2호\n28,897\n-\n(27,098)\n(1,322)\n477\n 이지스KORIF사모부동산투자신탁17-1호\n65,219\n-\n-\n(1,201)\n64,018\n 이지스KORIF사모부동산투자신탁17-2호\n65,222\n-\n-\n(1,162)\n64,060\n 이지스KORIF사모부동산투자신탁17-3호\n65,223\n-\n-\n(1,163)\n64,060\n 이지스KORIF사모부동산투자신탁17-4호\n65,115\n-\n-\n(1,055)\n64,060\n 파인트리솔쓰리사모부동산투자신탁3호\n7,232\n-\n(1,417)\n165\n5,980\n 파인트리솔쓰리사모부동산투자신탁5호\n16,591\n-\n(2,729)\n144\n14,006\n 하나다올HW랜드칩사모부동산자투자신탁1호\n119,349\n4,998\n-\n837\n125,184\n 한화 Prudential U.S. Real Estate Debt\n38,901\n-\n(18,037)\n700\n21,564\n 한화AI Global Choice사모증권투자신탁1호(채권혼합-재간접형)\n282,800\n-\n-\n12,706\n295,506\n 한화AI Global Choice사모증권투자신탁2호(채권혼합-재간접형)\n278,876\n9,985\n-\n(6,122)\n282,739\n 한화CONSUMER CREDIT전문투자형사모특별자산투자신탁1호\n1,075\n-\n-\n(34)\n1,041\n 한화DEBT STRATEGY전문투자형사모부동산투자신탁6호\n137,573\n207,118\n-\n(1,683)\n343,008\n 한화LTI인프라사모 특별자산투자신탁1호\n387,366\n-\n(17,745)\n(598)\n369,023\n 한화LTI사모특별자산투자신탁2호\n60,726\n-\n(2,662)\n(158)\n57,906\n 한화트라이써클사모부동산투자신탁17호(리츠)\n5,538\n-\n(170)\n1,551\n6,919\n 한화트라이써클인프라특별자산1호\n156,074\n-\n(9,017)\n(268)\n146,789\n 한화트라이써클인프라특별자산3호\n52,765\n-\n(2,830)\n(32)\n49,903\n 현대선박사모특별자산투자신탁2호\n36,939\n-\n(37,070)\n131\n-\n 교보AXA봉담송산고속도로 전문투자형사모특별자산투자신탁\n-\n6,071\n-\n2\n6,073\n 미래에셋UK가스인프라전문투자형사모특별자산투자신탁1호\n-\n218,005\n-\n(2,073)\n215,932\n 한화베트남레전드증권자투자신탁(주식) C-F\n-\n10,000\n-\n1,398\n11,398\n 한화 ASIA OPPORTUNITY 전문투자형 사모증권투자신탁 1호\n-\n3,739\n-\n(48)\n3,691\n 한화아세안레전드증권자투자신탁(주식) C-F\n-\n30,000\n-\n(504)\n29,496\n 한화 GLOBAL REAL ESTATE STRATEGY 전문투자형사모부동산투자신탁1호\n-\n27,084\n-\n86\n27,170\n 한화 GLOBAL CORPORATE PE STRATEGY 전문투자형 사모증권투자신탁1호\n-\n28,097\n-\n(433)\n27,664\n 한화 GLOBAL INFRASTRUCTURE STRATEGY 전문투자형사모특별자산투자신탁 1호\n-\n34,316\n-\n(225)\n34,091\n연결대상 수익증권 소계\n2,384,869\n759,211\n(188,013)\n(2,273)\n2,953,794\n관계기업 및 공동기업투자\n\u3000\n\u3000\n\u3000\n\u3000\n 코에프씨교보한화그로쓰챔프2010의6 사모투자전문회사\n2,051\n-\n(675)\n-\n1,376\n 코에프씨포스코한화케이비동반성장제이호 사모투자전문회사\n18,160\n-\n(7,784)\n-\n10,376\n 충남-한화중소기업육성펀드\n810\n810\n-\n-\n1,620\n Sino Korea Life Insurance Co.,Ltd.(China)\n45,339\n40,900\n-\n-\n86,239\n 에이앤디신용정보㈜\n2,947\n-\n-\n-\n2,947\n 신공항하이웨이㈜ 외 17개사\n55,819\n-\n-\n-\n55,819\n 케이디비아시아 사모투자합자회사\n4,476\n1,426\n-\n-\n5,902\n 한화신성장동력펀드\n508\n-\n(508)\n-\n-\n 서울글로벌바이오메디컬신성장동력투자펀드\n4,910\n-\n(1,040)\n-\n3,870\n 2011 KIF-한화 IT 전문 투자조합\n1,727\n-\n-\n-\n1,727\n관계기업 및 공동기업투자 소계\n136,747\n43,136\n(10,007)\n-\n169,876\n합 \xa0 계\n3,270,680\n933,066\n(209,857)\n(37,438)\n3,956,452\n(*) 순자산가치하락 등으로 인하여 손상징후가 발견되었으며, 전기 중 35,165백만원의 손상차손을 인식하였습니다.(5) 당기말과 전기말 현재 공표된 시장가격이 존재하는 종속기업투자의 공정가치는 다음과 같습니다(단위: 백만원).1) 당기말\n회사명\n소유주식수(주)\n주가(원)\n시장가격\n장부금액\n한화손해보험㈜\n59,957,146\n5,910\n354,347\n372,669\n2) 전기말\n회사명\n소유주식수(주)\n주가(원)\n시장가격\n장부금액\n한화손해보험㈜\n59,957,146\n8,140\n488,051\n372,669\n9. 대출채권 (1) 당기말과 전기말 현재 대출채권의 내역은 다음과 같습니다(단위: 백만원).\r\n구 \xa0 분\n당기말\n전기말\n 보험약관대출\n6,357,746\n6,105,383\n 부동산담보대출\n6,149,599\n5,467,921\n 신용대출\n6,824,309\n6,541,906\n 지급보증대출\n669,979\n648,757\n 기타대출\n588,038\n600,275\n소 \xa0 계\n20,589,671\n19,364,242\n 이연대출부대손익\n34,460\n25,147\n 현재가치할인차금\n(1,736)\n(1,959)\n 대손충당금\n(67,857)\n(67,045)\n합 \xa0 계\n20,554,538\n19,320,385\n(2) 당기말과 전기말 현재 대손충당금의 세부내역은 다음과 같습니다(단위: 백만원).\n구 \xa0 분\n당기말\n전기말\n 보험약관대출\n36\n22\n 부동산담보대출\n1,435\n844\n 신용대출\n66,120\n65,889\n 기타대출\n266\n290\n합 \xa0 계\n67,857\n67,045\n(3) 당기 및 전기 중 대손충당금의 변동내역은 다음과 같습니다(단위: 백만원).1) 당기\r\n구 \xa0 분\n기초\n순전입\n제각\n기타(*)\n기말\n대출채권 대손충당금\n67,045\n26,648\n(33,861)\n8,025\n67,857\n2) 전기 \n구 \xa0 분\n기초\n순전입\n제각\n기타(*)\n기말\n대출채권 대손충당금\n65,675\n18,937\n(30,154)\n12,587\n67,045\n(*) 기타 사항은 Unwinding으로 인한 효과 및 상각채권회수 등의 사항입니다.\n(4) 당기말과 전기말 현재 손상 및 연체된 대출채권의 내역은 다음과 같습니다(단위: 백만원).\n구 \xa0 분(*)\n당기말\n전기말\n 연체되지 않고 손상되지 않은 대출채권\n20,269,666\n19,058,330\n 연체되었으나 손상되지 않은 대출채권\n113,897\n103,384\n 손상된 대출채권\n206,108\n202,528\n합 \xa0 계\n20,589,671\n19,364,242\n(*) 대출채권 원금을 기준으로 분류하였습니다. (5) 당기말과 전기말 현재 연체되었으나 손상되지 않은 대출채권의 연령분석내역은 다음과 같습니다(단위: 백만원).1) 당기말\n구 \xa0 분\n30일 이내\n30일 이상60일 이내\n60일 이상90일 이내\n90일 이상\n합 \xa0 계\n연체되었으나 손상되지 않은 대출채권\n104,378\n5,824\n3,695\n-\n113,897\n2) 전기말\n구 \xa0 분\n30일 이내\n30일 이상60일 이내\n60일 이상90일 이내\n90일 이상\n합 \xa0 계\n연체되었으나 손상되지 않은 대출채권\n97,203\n3,497\n2,684\n-\n103,384\n10. 파생금융상품 및 위험회피회계\n(1) 당기말과 전기말 현재 파생상품 관련 현황은 다음과 같습니다(단위: 백만원).\n1) 당기말\n구 \xa0 분\n매매목적\n위험회피목적\n합 \xa0 계\n자산\n부채\n자산\n부채\n자산 계\n부채 계\n 통화선도\n-\n-\n16,720\n108,880\n16,720\n108,880\n 통화스왑(*)\n-\n553\n302,514\n171,217\n302,514\n171,770\n 신용파생상품\n12,302\n-\n-\n-\n12,302\n-\n합 \xa0 계\n12,302\n553\n319,234\n280,097\n331,536\n280,650\n(*) 당사는 외화채권의 환변동에 따른 미래 공정가치 및 현금흐름의 변동위험을 헤지하기 위하여 통화스왑계약을 체결하고 있으며, 위험에 노출되는 예상 최장기간은 2039년 3월 15일까지 입니다.2) 전기말\r\n구 \xa0 분\n매매목적\n위험회피목적\n합 \xa0 계\n자산\n부채\n자산\n부채\n자산 계\n부채 계\n 통화선도\n-\n-\n154,934\n-\n154,934\n-\n 통화스왑\n-\n-\n967,999\n10,496\n967,999\n10,496\n 신용파생상품\n13,591\n-\n-\n-\n13,591\n-\n합 \xa0 계\n13,591\n-\n1,122,933\n10,496\n1,136,524\n10,496\n(2) 당기 및 전기의 파생상품의 약정금액 및 관련 평가손익은 다음과 같습니다(단위: 백만원).\n1) 당기\n구 \xa0 분\n매매목적\n위험회피목적\n미결제약정금액\n평가이익(PL)\n평가손실(PL)\n미결제약정금액\n평가이익(PL)\n평가손실(PL)\n 통화선도\n-\n-\n-\n4,174,963\n41,741\n129,154\n 통화스왑\n149,352\n-\n553\n19,114,645\n302,058\n636,552\n 신용파생상품\n-\n1,315\n2,605\n-\n-\n-\n합 \xa0 계\n149,352\n1,315\n3,158\n23,289,608\n343,799\n765,706\n2) 전기\n구 \xa0 분\n매매목적\n위험회피목적\n미결제약정금액\n평가이익(PL)\n평가손실(PL)\n미결제약정금액\n평가이익(PL)\n평가손실(PL)\n 통화선도\n-\n-\n-\n3,837,327\n344,913\n87,552\n 통화스왑\n-\n-\n-\n15,730,468\n1,618,435\n309,641\n 신용파생상품\n-\n8,109\n1,902\n-\n-\n-\n합 \xa0 계\n-\n8,109\n1,902\n19,567,795\n1,963,348\n397,193\n(3) 당기와 전기 중 기타포괄손익누계액에 계상된 위험회피목적파생상품평가손익의 증감 내역은 다음과 같습니다(단위: 백만원). \n1) 당기\n구 \xa0 분\n기초\n증감\n기말\n 위험회피목적파생상품평가손익\n38,072\n4,926\n42,998\n 이연법인세효과\n(9,937)\n(1,028)\n(10,965)\n합 \xa0 계\n28,135\n3,898\n32,033\n2) 전기\n구 \xa0 분\n기초\n증감\n기말\n 위험회피목적파생상품평가손익\n22,384\n15,688\n38,072\n 이연법인세효과\n(5,417)\n(4,520)\n(9,937)\n합 \xa0 계\n16,967\n11,168\n28,135\n(4) 현금흐름위험회피회계 적용 시 위험회피에 비효과적인 부분에 해당하여 당기와 전기 중 손익으로 인식한 금액은 각각 5,275백만원 및 5,863백만원입니다.(5) 당기말과 전기말 현재 당사가 파생상품거래와 관련하여 담보로 제공하고 있는 유가증권의 내용은 다음과 같습니다(단위: 백만원).\n제공기관\n유가증권명\n당기말\n전기말\n 중소기업은행 외\n 국공채 등\n382,942\n535,000\n(6) 금융자산과 금융부채의 상계\n당사는 파생상품, 환매조건부채권매매, 유가증권 대차거래 등과 관련하여 파생상품청산약정, 국제표준환매약정, 국제표준증권대여약정 및 금융담보 등의 실행가능한 일괄상계약정 또는 이와 유사한 약정의 적용을 받고 있습니다. \n1) 실행가능한 일괄상계약정 또는 이와 유사한 약정의 적용을 받는 인식된 금융자산의 종류별 내역은 다음과 같습니다(단위: 백만원).\n① 당기말\n구 \xa0 분\n자산총액\n상계된부채총액\n재무상태표표시 순액\n상계되지 않은 금액\n순액\n금융상품\n현금담보\n파생상품자산\n319,234\n-\n319,234\n237,830\n-\n81,404\n② 전기말\n구 \xa0 분\n자산총액\n상계된부채총액\n재무상태표표시 순액\n상계되지 않은 금액\n순액\n금융상품\n현금담보\n파생상품자산\n1,122,933\n-\n1,122,933\n64,667\n-\n1,058,266\n2) 실행가능한 일괄상계약정 또는 이와 유사한 약정의 적용을 받는 인식된 금융부채의 종류별 내역은 다음과 같습니다(단위: 백만원).① 당기말\n구 분\n부채총액\n상계된자산총액\n재무상태표표시 순액\n상계되지 않은 금액\n순액\n금융상품\n현금담보\n파생상품부채\n280,650\n-\n280,650\n280,614\n-\n36\n② 전기말\n구 분\n부채총액\n상계된자산총액\n재무상태표표시 순액\n상계되지 않은 금액\n순액\n금융상품\n현금담보\n파생상품부채\n10,496\n-\n10,496\n10,496\n-\n-\n11. 보험가입자산당기말 현재 당사는 당사가 소유한 건물에 대하여 한화손해보험(주) 등에 화재보험 \xa0 (부보금액 1,412,157백만원(전기말: 1,365,693백만원))에 가입하고 있습니다. 한편, 당사는 한화손해보험(주) 등에 전산기기 등에 대하여 동산종합보험(부보금액 24,121백만원(전기말: 23,804백만원))에 가입하고 있으며, 당사 소유 차량에 대하여 책임보험과 종합보험에 가입하고 있습니다.\n12. 유형자산, 투자부동산 및 무형자산\n(1) 당기말과 전기말 현재 유형자산, 투자부동산 및 무형자산 장부금액의 구성내역은다음과 같습니다(단위: 백만원).1) 당기말\n구 \xa0 분\n내 \xa0 용\n취득금액\n감가상각누계액\n손상차손누계액\n장부금액\n 유형자산\n 토지\n771,745\n-\n(28,497)\n743,248\n 건물\n1,007,588\n(328,662)\n(18,339)\n660,587\n 구축물\n493\n(224)\n(54)\n215\n 차량운반구\n670\n(653)\n-\n17\n 공기구비품\n243,341\n(200,426)\n-\n42,915\n 기타의유형자산\n16,844\n-\n(9,331)\n7,513\n 건설중인자산\n2,247\n-\n-\n2,247\n유형자산 계\n2,042,928\n(529,965)\n(56,221)\n1,456,742\n 투자부동산\n 토지\n1,258,423\n-\n(11,472)\n1,246,951\n 건물\n1,205,209\n(348,133)\n(9,512)\n847,564\n투자부동산 계\n2,463,632\n(348,133)\n(20,984)\n2,094,515\n 무형자산\n 소프트웨어\n66,553\n(53,405)\n-\n13,148\n 개발비\n180,623\n(142,595)\n-\n38,028\n 회원권\n49,864\n(6,460)\n(11,876)\n31,528\n무형자산 계\n297,040\n(202,460)\n(11,876)\n82,704\n합 \xa0 계\n4,803,600\n(1,080,558)\n(89,081)\n3,633,961\n2) 전기말\n구 \xa0 분\n내 \xa0 용\n취득금액\n감가상각누계액\n손상차손누계액\n장부금액\n 유형자산\n 토지\n792,274\n-\n(29,399)\n762,875\n 건물\n935,768\n(312,003)\n(21,024)\n602,741\n 구축물\n493\n(214)\n(54)\n225\n 차량운반구\n768\n(746)\n-\n22\n 공기구비품\n243,852\n(199,581)\n-\n44,271\n 기타의유형자산\n16,844\n-\n(9,331)\n7,513\n 건설중인자산\n65,102\n-\n-\n65,102\n유형자산 계\n2,055,101\n(512,544)\n(59,808)\n1,482,749\n 투자부동산\n 토지\n1,243,784\n-\n(10,570)\n1,233,214\n 건물\n1,140,381\n(315,419)\n(10,206)\n814,756\n투자부동산 계\n2,384,165\n(315,419)\n(20,776)\n2,047,970\n 무형자산\n 소프트웨어\n60,706\n(49,176)\n-\n11,530\n 개발비\n172,942\n(131,112)\n-\n41,830\n 회원권\n49,225\n(6,460)\n(11,876)\n30,889\n무형자산 계\n282,873\n(186,748)\n(11,876)\n84,249\n합 \xa0 계\n4,722,139\n(1,014,711)\n(92,460)\n3,614,968\n(2) 당기 및 전기 중 유형자산, 투자부동산 및 무형자산 변동내역은 다음과 같습니다(단위: 백만원).\n1) 당기\n구 \xa0 분\n내 \xa0 용\n기초\n취득\n처분\n대체\n상각\n손상\n기말\n 유형자산\n 토지\n762,875\n5,947\n(18,923)\n(6,651)\n-\n-\n743,248\n 건물\n602,741\n17,186\n(13,136)\n77,681\n(23,885)\n-\n660,587\n 구축물\n225\n-\n-\n-\n(10)\n-\n215\n 차량운반구\n22\n21\n(13)\n-\n(13)\n-\n17\n 공기구비품\n44,271\n19,488\n(36)\n310\n(21,118)\n-\n42,915\n 기타의유형자산\n7,513\n-\n-\n-\n-\n-\n7,513\n 건설중인자산\n65,102\n86,238\n-\n(149,093)\n-\n-\n2,247\n유형자산 계\n1,482,749\n128,880\n(32,108)\n(77,753)\n(45,026)\n-\n1,456,742\n 투자부동산\n 토지\n1,233,214\n-\n-\n13,737\n-\n-\n1,246,951\n 건물\n814,756\n-\n-\n64,326\n(31,518)\n-\n847,564\n투자부동산 계\n2,047,970\n-\n-\n78,063\n(31,518)\n-\n2,094,515\n 무형자산\n 소프트웨어\n11,530\n5,867\n-\n-\n(4,249)\n-\n13,148\n 개발비\n41,830\n14,460\n-\n-\n(12,452)\n(5,810)\n38,028\n 회원권\n30,889\n900\n(261)\n-\n-\n-\n31,528\n무형자산 계\n84,249\n21,227\n(261)\n-\n(16,701)\n(5,810)\n82,704\n합 \xa0 계\n3,614,968\n150,107\n(32,369)\n310\n(93,245)\n(5,810)\n3,633,961\n2) 전기\n구 \xa0 분\n내 \xa0 용\n기초\n취득\n처분\n대체\n상각\n기말\n 유형자산\n 토지\n762,233\n127\n(33,960)\n34,475\n-\n762,875\n 건물\n590,450\n2,465\n(999)\n34,060\n(23,235)\n602,741\n 구축물\n236\n-\n-\n-\n(11)\n225\n 차량운반구\n186\n-\n(53)\n-\n(111)\n22\n 공기구비품\n39,742\n24,259\n(67)\n916\n(20,579)\n44,271\n 기타의유형자산\n7,513\n-\n-\n-\n-\n7,513\n 건설중인자산\n121,313\n67,973\n-\n(124,184)\n-\n65,102\n유형자산 계\n1,521,673\n94,824\n(35,079)\n(54,733)\n(43,936)\n1,482,749\n 투자부동산\n 토지\n1,267,689\n-\n-\n(34,475)\n-\n1,233,214\n 건물\n759,944\n-\n(5,871)\n90,124\n(29,441)\n814,756\n투자부동산 계\n2,027,633\n-\n(5,871)\n55,649\n(29,441)\n2,047,970\n 무형자산\n 소프트웨어\n14,450\n2,587\n-\n-\n(5,507)\n11,530\n 개발비\n34,266\n18,237\n-\n-\n(10,673)\n41,830\n 회원권\n32,058\n-\n(415)\n-\n(754)\n30,889\n무형자산 계\n80,774\n20,824\n(415)\n-\n(16,934)\n84,249\n합 \xa0 계\n3,630,080\n115,648\n(41,365)\n916\n(90,311)\n3,614,968\n(3) 당기 및 전기 중 투자부동산 관련 임대수익 및 임대비용은 다음과 같습니다(단위: 백만원).\n구 \xa0 분\n당 \xa0 기\n전 \xa0 기\n 임대수익\n126,008\n115,942\n 임대비용 \n(119,686)\n(115,233)\n(4) 당기말 현재 투자부동산의 공정가치는 다음과 같습니다(단위: 백만원).\n구 \xa0 분\n공정가치\n장부금액\n공정가치 비율\n 투자부동산\n2,300,707\n2,094,515\n109.84%\n투자부동산의 공정가치는 해당 지역의 부동산 평가와 관련하여 적절한 자격과 경험을 가지고 있는 외부의 독립적인 부동산평가법인이 수행한 평가에 근거하여 결정되었으며, 공정가치 서열체계상 수준 3으로 분류됩니다.\n(5) 당기말 현재 토지, 건물에 대한 임대보증금과 관련하여 각각 95,247백만원(전기말: 140,369백만원) 및 9,722만원(전기말: 10,182백만원)의 근저당 및 전세권이 설정되어 있습니다.\n13. 기타금융자산(1) 당기말과 전기말 현재 기타금융자산의 내역은 다음과 같습니다(단위: 백만원).\n구 \xa0 분\n당기말\n전기말\n 보험미수금\n72,261\n168,255\n 미수금\n96,120\n127,187\n 미수수익\n703,300\n624,384\n 보증금\n89,304\n90,338\n 현재가치할인차금\n(1,332)\n(1,235)\n 대손충당금\n(84,881)\n(114,359)\n합 \xa0 계\n874,772\n894,570\n(2) 당기 및 전기 중 기타금융자산의 대손충당금 변동내역은 다음과 같습니다(단위: 백만원).1) 당기\r\n구 \xa0 분\n기초\n순전입(환입)\n제각\n기타(*)\n기말\n기타금융자산 대손충당금\n114,359\n467\n(32,689)\n2,744\n84,881\n2) 전기\n구 \xa0 분\n기초\n순전입(환입)\n제각\n기타(*)\n기말\n기타금융자산 대손충당금\n111,058\n3,344\n(42)\n(1)\n114,359\n(*) 기타 사항은 Unwinding으로 인한 효과 및 상각채권회수 등의 사항입니다.\n14. 기타자산(1) 당기말과 전기말 현재 기타자산의 내역은 다음과 같습니다(단위: 백만원).\n구 \xa0 분\n당기말\n전기말\n 재보험자산\n34,591\n \xa0 \xa0 \xa0 \xa0 \xa0 \xa0 \xa0 \xa0 \xa0 \xa0 \xa0 34,226\n 미상각신계약비\n1,693,849\n \xa0 \xa0 \xa0 \xa0 \xa0 \xa0 \xa0 \xa0 \xa0 \xa01,950,102\n 선급비용\n6,306\n \xa0 \xa0 \xa0 \xa0 \xa0 \xa0 \xa0 \xa0 \xa0 \xa0 \xa0 \xa06,908\n 선급금\n321\n \xa0 \xa0 \xa0 \xa0 \xa0 \xa0 \xa0 \xa0 \xa0 \xa0 \xa0 \xa0 \xa0406\n합 \xa0 계\n1,735,067\n \xa0 \xa0 \xa0 \xa0 \xa0 \xa0 \xa0 \xa0 \xa0 \xa01,991,642\n(2) 당기 및 전기 중 재보험자산의 변동내역은 다음과 같습니다(단위: 백만원).\n구 \xa0 분\n당 \xa0 기\n전 \xa0 기\n 기초\n34,226\n34,260\n 증감\n365\n(34)\n 기말\n34,591\n \xa034,226\n(3) 당기 및 전기 중 미상각신계약비의 변동내용은 다음과 같습니다(단위: 백만원).1) 당기\r\n구 \xa0 분\n개인보험\n단체보험\n합 \xa0 계\n생존\n사망\n생사혼합\n 기초\n332,717\n1,550,898\n64,519\n1,968\n1,950,102\n 이연액\n53,808\n640,377\n10,668\n950\n705,803\n 상각액\n(173,346)\n(751,391)\n(36,415)\n(904)\n(962,056)\n 기말\n213,179\n1,439,884\n38,772\n2,014\n1,693,849\n2) 전기\n구 \xa0 분\n개인보험\n단체보험\n합 \xa0 계\n생존\n사망\n생사혼합\n 기초\n456,917\n1,603,798\n99,242\n1,961\n2,161,918\n 이연액\n159,366\n862,991\n37,006\n1,168\n1,060,531\n 상각액\n(283,566)\n(915,891)\n(71,729)\n(1,161)\n(1,272,347)\n 기말\n332,717\n1,550,898\n64,519\n1,968\n1,950,102\n15. 보험계약부채(1) 당기말과 전기말 현재 보험계약부채의 내역은 다음과 같습니다(단위: 백만원).\n구 \xa0 분\n당기말\n전기말\n 보험료적립금\n76,628,595\n73,773,915\n 지급준비금\n2,101,852\n2,064,051\n 미경과보험료적립금\n4,389\n4,782\n 보증준비금\n1,139,487\n1,056,041\n 계약자배당준비금\n295,016\n296,137\n 계약자이익배당준비금\n43,004\n35,660\n 배당보험손실보전준비금\n28,290\n22,848\n합 \xa0 계\n80,240,633\n77,253,434\n(2) 당기 및 전기 중 보험종류별 보험계약부채의 변동내역은 다음과 같습니다(단위: 백만원).1) 당기\n구 \xa0 분\n개인보험\n단체보험\n계약자이익배당준비금 등\n합 \xa0 계\n생존보험\n사망보험\n생사혼합보험\n 기초\n25,492,547\n39,990,987\n10,668,816\n683,967\n417,117\n77,253,434\n 전입(환입)액\n739,055\n1,751,673\n486,522\n(14,192)\n24,141\n2,987,199\n 기말\n26,231,602\n41,742,660\n11,155,338\n669,775\n441,258\n80,240,633\n2) 전기\n구 \xa0 분\n개인보험\n단체보험\n계약자이익배당준비금 등\n합 \xa0 계\n생존보험\n사망보험\n생사혼합보험\n 기초\n24,683,661\n37,708,176\n9,832,521\n694,328\n371,660\n73,290,346\n 전입(환입)액\n808,886\n2,282,811\n836,295\n(10,361)\n45,457\n3,963,088\n 기말\n25,492,547\n39,990,987\n10,668,816\n683,967\n417,117\n77,253,434\n16. 보험계약부채 적정성 평가\n(1) 보험업감독규정 시행세칙 개정보험업감독업무시행세칙 개정에 따라 보험계약부채 적정성 평가 기준이 변경되었으며, 동 시행세칙의 개정은 할인율 산출구조의 변경과 현행 추정치 조정방식 등의 변경사항을 포함하고 있습니다. 당사는 상기 평가 기준의 변경이 미래현금흐름의 현행 추정치에 대하여 더 신뢰성 있고 목적적합한 정보를 제공한다고 보아 회계정책의 변경으로 적용하였으며, 비교표시된 전기말과 전기초의 주석은 재작성되었습니다.보험계약부채적정성평가 기준의 주요 변경사항은 다음과 같습니다.\n구 \xa0 분\n산출근거\n할인율 산출구조 변경\n- 회사별 위험자산 투자비중 배제- 산업스프레드에서 신용위험스프레드 단계적 제거\n책임준비금 현행추정치 조정\n- 책임준비금 현행추정치를 금리시나리오 가중평균으로 단계적 적용\n보험계약대출 현금흐름 반영\n- 보험계약대출 현금흐름을 보험부채 적정성 평가에 반영\n(2) 평가대상 보험계약부채2018년 12월 31일 현재의 보유계약으로서 보험료적립금과 미경과보험료적립금을 대상으로 적정성 평가를 수행하였으며, 보험료적립금은 순보험료식보험료적립금에서 미상각신계약비와 보험계약대출금을 공제한 금액을 대상으로 하였습니다. \n(3) 당사가 부채적정성평가에 적용한 현행 추정치의 가정과 산출근거는 다음과 같습니다.\n구 \xa0 분\n적용가정\n산출근거\n할인율\n평균 3.05%\n금융감독원이 제시한 시나리오(무위험이자율+유동성프리미엄) 적용\n사업비율\n신계약비\n당사의 최근 1년 경험통계를 기초로 채널별, 상품군별, 납입방법별, 회차별로 구분하여 모집수당 규정 등 당사의 관련 규정에 따라 미래에 실제 집행될 금액 기준으로산출\n유지비\n당사의 최근 1년 경험통계를 기초로 하며, 보유계약건수, 수입보험료,예정유지비 등을 기준으로 채널별 유지비율 산출\n해약율\n1.5% ~ 60%\n당사의 최근 5개년 경험통계를 기초로 납입형태별, 채널별, 상품군별,경과기간별건수 기준의 해약율 산출\n위험률\n15% ~ 180%\n당사의 최근 5개년 경험통계를 기초로 생명표별, 상품군별, 배당유형별, 경과기간별 위험보험료 대비 지급보험금의 비율로 산출\n(4) 부채적정성평가는 금리확정 및 배당여부, 변액을 구분하여 보험계약 유형별로 수행하였으며, 당기 중 보험계약부채 적정성평가 제도 개정에 따른 소급효과 및 당기말현재 평가결과에 따른 보험계약 유형별 잉여 및 결손의 내역은 다음과 같습니다(단위: 백만원).\n구 \xa0 분\n잉여액(결손액)\n당기말\n전기말\n전기초\n변경전\n변경후\n변경전\n변경후\n 금리확정형\n 유배당보험\n(8,935,268)\n(6,974,026)\n(8,086,044)\n(7,367,071)\n(8,079,843)\n 무배당보험\n(1,018,136)\n(18,150)\n(686,282)\n(1,442,446)\n(2,176,065)\n 금리연동형\n 유배당보험\n(444,894)\n(278,379)\n(371,605)\n(335,459)\n(393,412)\n 무배당보험\n7,145,101\n9,381,230\n8,082,029\n7,168,502\n6,277,715\n 변액\n4,444,349\n4,962,083\n4,960,514\n4,721,091\n4,535,215\n합 \xa0 계\n1,191,152\n7,072,758\n3,898,612\n2,744,617\n163,610\n평가대상 보험계약부채에 대한 적정성을 검증한 결과 평가기준일 현재 추가로 적립 할 금액은 없으며, 회계정책의 변경에 따라 비교표시 된 재무제표에도 이러한 소급적용에 따른 변경효과를 반영한 결과 재무제표에 미치는 영향은 없습니다. \n17. 계약자지분조정당기말과 전기말 현재 계약자지분조정의 내역은 다음과 같습니다(단위: 백만원).\r\n구 \xa0 분\n당기말\n전기말\n 매도가능금융자산평가손익\n60,027\n127,854\n 만기보유금융자산평가손익\n390,249\n447,078\n 관계ㆍ종속기업기타포괄손익\n14,364\n6,819\n 유형자산재평가이익\n106,520\n115,561\n합 \xa0 계\n571,160\n697,312\n18. 특별계정\n(1) 당기말과 전기말 현재 특별계정자산과 특별계정부채의 내역은 다음과 같습니다 \xa0(단위: 백만원).\n구 \xa0 분\n당기말\n전기말\n 상계전 특별계정자산\n22,575,847\n22,591,634\n 상계전 특별계정미지급금\n(1,120,848)\n(948,359)\n 상계후 특별계정자산\n21,454,999\n21,643,275\n 상계전 특별계정부채\n22,564,926\n22,598,177\n 상계전 특별계정미수금\n(186,182)\n(433,572)\n 상계후 특별계정부채\n22,378,744\n22,164,605\n 특별계정기타포괄손익누계액\n10,921\n(6,543)\n(2) 당기말과 전기말 현재 특별계정 재무상태표는 다음과 같습니다(단위: 백만원).\n과 \xa0 목\n당기말\n전기말\n 자산\n \xa0 I. 현금및예치금\n395,537\n329,675\n \xa0 II. 유가증권\n19,110,829\n19,525,028\n \xa0 III. 대출채권\n1,502,490\n1,300,978\n \xa0 IV. 기타자산\n446,143\n487,594\n \xa0 V. 일반계정미수금\n1,120,848\n948,359\n자산총계\n22,575,847\n22,591,634\n 부채\n \xa0 I. 기타부채\n146,994\n84,508\n \xa0 II. 일반계정미지급금\n186,182\n433,572\n \xa0 III. 보험계약부채\n16,202,819\n16,903,595\n \xa0 IV. 투자계약부채\n6,028,931\n5,176,502\n부채총계\n22,564,926\n22,598,177\n 기타포괄손익누계액\n10,921\n(6,543)\n부채 및 기타포괄손익누계액\n22,575,847\n22,591,634\n(3) 당기 및 전기의 특별계정 손익계산서는 다음과 같습니다(단위: 백만원).\n과 \xa0 목\n당기\n전기\n원리금보장형\n실적배당형\n원리금보장형\n실적배당형\n 수익\n \xa0 보험료수익\n-\n2,521,131\n-\n2,713,052\n \xa0 이자수익\n119,244\n316,335\n117,125\n265,280\n \xa0 배당금수익\n9,651\n89,167\n4,658\n65,343\n \xa0 수수료수익\n16\n1,559\n23\n939\n \xa0 유가증권처분이익\n17,595\n247,114\n14,065\n456,877\n \xa0 유가증권평가이익\n1,938\n196,099\n788\n576,210\n \xa0 파생상품거래이익\n2,529\n169,671\n42,870\n368,687\n \xa0 파생상품평가이익\n7,738\n7\n89,728\n43,711\n \xa0 외환차익\n26,906\n3,784\n37\n2,238\n \xa0 기타수익\n2,962\n25,006\n2,290\n19,085\n합 \xa0 계\n188,579\n3,569,873\n271,584\n4,511,422\n 비용\n \xa0 보험계약부채 및 \xa0 투자계약부채 전입액\n74,795\n(683,877)\n80,105\n1,138,377\n \xa0 지급보험금\n21,485\n1,732,206\n9,092\n1,834,965\n \xa0 최저보증비용\n-\n71,357\n-\n64,953\n \xa0 특별계정운용수수료\n38,800\n1,011,684\n46,013\n929,362\n \xa0 지급수수료\n92\n29,411\n51\n26,865\n \xa0 세금과공과\n223\n14,693\n-\n10,598\n \xa0 유가증권처분손실\n14,289\n514,223\n2,365\n173,962\n \xa0 유가증권평가손실\n-\n577,594\n702\n170,109\n \xa0 파생상품거래손실\n13,796\n234,181\n478\n159,402\n \xa0 파생상품평가손실\n22,312\n64,959\n40,919\n4,516\n \xa0 외환차손\n2,474\n2,065\n91,699\n4,262\n \xa0 기타비용\n313\n1,377\n160\n(5,949)\n합 \xa0 계\n188,579\n3,569,873\n271,584\n4,511,422\n실적배당형 특별계정의 수익과 비용은 일반계정 포괄손익계산서에 표시하지 않으며,원리금보장형 특별계정의 수익과 비용은 특별계정수익과 특별계정비용의 과목으로 하여 총액으로 일반계정 포괄손익계산서에 계상하고 있습니다. 한편, 당기 및 전기 중 원리금보장형 상품에서 발생한 법인세비용차감후 특별계정기타포괄손익은 각각 \xa017,464만원 및 (-)45,062백만원입니다.\n(4) 당기말 현재 상기 특별계정자산 중 지분증권 25,793백만원(전기말: 149,646백만원)과 채무증권 159,901백만원(전기말: 110,057백만원)이 특별계정 파생상품 거래와 관련하여 담보로 제공되어 있습니다.\n19. 순확정급여부채(자산)(1) 당기말과 전기말 현재 순확정급여부채(자산)의 구성내역은 다음과 같습니다(단위: 백만원).\n구 \xa0 분\n당기말\n전기말\n 확정급여채무의 현재가치\n323,330\n316,670\n 사외적립자산의 공정가치\n(336,529)\n(341,919)\n 재무상태표상 부채(자산)\n(13,199)\n(25,249)\n(2) 당기 및 전기 중 확정급여제도에 따른 확정급여채무의 변동내역은 다음과 같습니다(단위: 백만원).\n구 \xa0 분 \n당기\n전기\n 기초금액\n316,670\n333,528\n 당기근무원가\n24,498\n27,187\n 이자비용\n12,515\n11,837\n 과거근무원가\n(2,507)\n-\n 급여지급액\n(39,625)\n(39,366)\n 재측정요소: \n\u3000\n \xa0 - 재무적가정의 변동으로 인한 보험수리적손익\n13,665\n(11,483)\n \xa0 - 경험적조정으로 인한 보험수리적손익\n(1,281)\n(5,242)\n 계열사로부터의 전출입에 대한 효과\n(605)\n209\n 기말금액\n323,330\n316,670\n(3) 당기 및 전기 중 확정급여제도에 따른 사외적립자산의 변동내역은 다음과 같습니다(단위: 백만원).\n구 \xa0 분 \xa0\n당기 \n전기 \n 기초금액\n341,919\n320,707\n 이자수익\n13,501\n11,335\n 사용자의 기여금\n20,000\n50,000\n 급여지급액\n(31,380)\n(33,135)\n 운용관리수수료\n(700)\n(685)\n 재측정요소:\n \xa0 - 사외적립자산의 수익(이자수익에 포함된 금액 제외)\n(7,406)\n(6,521)\n 계열사로부터의 전출입에 대한 효과\n595\n218\n 기말금액\n336,529\n341,919\n(4) 당기말과 전기말 현재 사외적립자산 구성내역은 다음과 같습니다(단위: 백만원).\n구 \xa0 분\n당기말\n전기말\n금액\n구성비(%)\n금액\n구성비(%)\n 원리금보장 금융상품 등\n335,565 \n99.71\n340,950\n99.72\n 국민연금전환금\n964 \n0.29\n969\n0.28\n합 \xa0 계\n336,529 \n100.00\n341,919\n100.00\n(5) 당사의 확정급여제도에 따른 퇴직급여채무를 산출함에 있어 사용한 가정은 다음과 같습니다.\n구 \xa0 분\n당기말\n전기말\n 할인율\n3.54%\n4.06%\n 기대임금인상률\n4.46%\n4.52%\n(6) 당기말 현재 다른 모든 가정이 유지될 때, 유의적인 보험수리적 가정이 발생가능한 합리적인 범위 내에서 변동할 경우 확정급여채무에 미치는 영향은 다음과 같습니다(단위: 백만원).\n구 \xa0 분\n증가\n감소\n 할인율의 1% 변동\n(25,440)\n29,043 \n 기대임금상승률의 1% 변동\n29,071 \n(25,930)\n(7) 미래현금흐름에 대한 확정급여제도의 영향당기말 현재 할인되지 않은 퇴직급여 예상지급액의 만기 분석은 아래와 같습니다(단위: 백만원).\n구 분\n1년 미만\n1년~2년 미만\n2년~5년 미만\n5년 이상\n합계\n 급여지급액\n16,949\n39,720\n74,364\n716,385\n847,418\n당기말 현재 당사의 확정급여채무 가중평균만기는 8.69년입니다.\n(8) 확정기여형 퇴직급여제도당사는 자격을 갖춘 종업원들을 위하여 확정기여형 퇴직급여제도를 운영하고 있습니다. 사외적립자산은 수탁자의 관리하에서 기금형태로 당사의 자산들로부터 독립적으로 운용되고 있으며, 종업원들이 확정기여형의 가득조건을 충족하기 전에 퇴사하는 경우에 당사가 지불해야 할 기여금은 상실되는 기여금만큼 감소하게 됩니다. 당기 및전기 중 확정기여형 퇴직급여제도와 관련하여 인식한 비용은 각각 5,402백만원 및  4,096백만원입니다.(9) 기타장기종업원급여당사는 일정기간 이상 근무한 장기 근속 임직원에 게 기타장기종업원급여를 제공하고있습니다. 이러한 급여의 예상원가는 확정급여형 퇴직급여제도에서 사용된 것과 동일한 회계처리방법을 사용하여 근무기간 동안 인식되며, 보험수리적 가정의 변경 및 보험수리적 가정과 실제로 발생한 결과의 차이로 인해 발생하는 재측정요소는 발생한 기간에 당기손익으로 인식하고 있습니다. 또한, 이러한 채무는 매년 적격성이 있는 독립적인 보험계리인에 의하여 평가되고 있습니다.당기말 현재 기타장기종업원급여와 관련하여 19,556백만원(전기말: 17,403백만원)의 부채를 계상하고 있으며, 당기 중 3,716백만원(전기: 2,352백만원)을 당기손익으로 인식하였습니다.\n당사의 장기 근속에 따른 기타장기종업원급여를 산출함에 있어 사용한 가정은 다음과 같습니다.\n구 \xa0 분\n당기말\n전기말\n할인율\n2.96%\n3.71%\n당기말 현재 다른 모든 가정이 유지될 때, 유의적인 보험수리적 가정이 발생가능한 합리적인 범위 내에서 변동할 경우 기타장기종업원급여채무에 미치는 영향은 다음과같습니다(단위: 백만원).\n구 \xa0 분\n증 \xa0 가\n감 \xa0 소\n할인율의 1% 변동\n(1,235)\n1,374\n20. 충당부채당기 및 전기 중 충당부채의 변동내역은 다음과 같습니다(단위: 백만원).(1) 당기\r\n구 \xa0 분\n기초\n증가\n감소\n대체\n기말\n 복구충당부채\n10,476\n458\n(644)\n310\n10,600\n 기타\n6\n607\n(6)\n-\n607\n합 \xa0 계\n10,482\n1,065\n(650)\n310\n11,207\n(2) 전기\n구 \xa0 분\n기초\n증가\n감소\n기말\n 복구충당부채\n10,155\n1,483\n(1,162)\n10,476\n 기타\n7\n-\n(1)\n6\n합 \xa0 계\n10,162\n1,483\n(1,163)\n10,482\n21. 기타금융부채당기말과 전기말 현재 기타금융부채의 내역은 다음과 같습니다(단위: 백만원).\n구 \xa0 분\n당기말\n전기말\n 보험미지급금\n44,446\n43,739\n 미지급금\n127,628\n121,570\n 미지급비용\n221,935\n236,438\n 예수금\n10,836\n4,019\n 보증금\n132,423\n169,357\n합 \xa0 계\n537,268\n575,123\n22. 기타부채\n당기말과 전기말 현재 기타부채의 내역은 다음과 같습니다(단위: 백만원).\n구 \xa0 분\n당기말\n전기말\n 부가세예수금\n1,112\n550\n 선수금\n9,225\n16,203\n 선수수익\n2,107\n4,351\n 선수보험료\n83,638\n118,980\n합 \xa0 계\n96,082\n140,084\n23. 자본금 및 기타불입자본(1) 당기말과 전기말 현재 자본금의 내용은 다음과 같습니다.\r\n구 \xa0 분\n당기말\n전기말\n 발행할 주식의 총수\n1,500,000,000주\n1,500,000,000주\n 1주의 금액\n5,000원\n5,000원\n 보통주발행주식수\n868,530,000주\n868,530,000주\n 보통주자본금\n4,342,650백만원\n4,342,650백만원\n(2) 당기말과 전기말 현재 기타불입자본의 내역은 다음과 같습니다(단위: 백만원).\n구 \xa0 분\n당기말\n전기말\n 주식발행초과금\n485,281\n485,281\n 자기주식\n(924,085)\n(924,085)\n합 \xa0 계\n(438,804)\n(438,804)\n24. 신종자본증권당기말과 전기말 현재 신종자본증권의 내역은 다음과 같습니다(단위: 백만원).\n구 \xa0 분\n발행일\n만기일\n이자율\n당기말\n전기말\n무기명식 이권부 무보증 신종자본증권\n2017-04-13\n2047-04-13\n4.582%\n500,000\n500,000\n외화신종자본증권\n2018-04-23\n2048-04-23\n4.700%\n1,067,300\n-\n 발행비용\n(9,300)\n(2,070)\n합 \xa0계\n1,558,000\n497,930\n상기 신종자본증권은 발행 후 5년 시점 부터 당사가 조기상환을 할 수 있으며, 발행일로부터 10년 경과 후 1회에 한하여 이자율이 조정됩니다. 한편, 만기일이 도래한 경우, 당사의 선택에 따라 동일한 발행조건으로 본 신종자본증권의 만기를 계속하여 연장할 수 있습니다.\n25. 기타자본구성요소당기말과 전기말 현재 기타자본구성요소의 내역은 다음과 같습니다(단위: 백만원).\r\n구 \xa0 분\n당기말\n전기말\n 매도가능금융자산평가손익\n(54,874)\n290,141\n 만기보유금융자산평가손익\n713,347\n775,096\n 관계ㆍ종속기업의 기타포괄손익누계액\n53,653\n23,394\n 위험회피목적파생상품평가손익\n32,033\n28,135\n 특별계정기타포괄손익누계액\n10,921\n(6,543)\n 유형자산재평가이익\n404,817\n406,645\n 확정급여제도의 재측정요소\n(117,446)\n(101,875)\n합 \xa0 계\n1,042,451\n1,414,993\n26. 이익잉여금(1) 당기말과 전기말 현재 이익잉여금의 내역은 다음과 같습니다(단위: 백만원).\r\n구 \xa0 분\n당기말\n전기말\n 이익준비금\n116,570\n106,050\n 대손준비금\n166,958\n157,216\n 미처분이익잉여금\n3,074,645\n2,889,052\n합 \xa0 계\n3,358,173\n3,152,318\n(2) 당기와 전기의 대손준비금 적립예정금액 내역은 다음과 같습니다(단위: 백만원). \n구 \xa0 분\n당기말\n전기말\n대손준비금 적립예정금액\n13,956\n 9,741\n(3) 당기 및 전기 중 대손준비금의 적립 후 조정이익은 다음과 같습니다(단위: 백만원).\r\n구 \xa0 분\n당 \xa0 기\n전 \xa0 기\n 당기순이익\n359,269\n525,472\n 대손준비금 적립 예정금액\n13,956\n9,741\n 대손준비금 적립 후 순이익\n345,313\n515,731\n 대손준비금 적립 후 주당순이익\n460원\n686원\n(4) 당기 및 전기의 이익잉여금처분계산서는 다음과 같습니다(단위: 백만원).\n과 \xa0 목\n제 70 (당)기(처분예정일 : 2019년 3월 25일)\n제 69 (전)기(처분확정일 : 2018년 3월 26일)\n I. 미처분이익잉여금\n3,074,645\n\u3000\n2,889,052\n \xa0 1. 전기이월미처분이익잉여금\n2,763,596\n2,356,322\n\u3000\n \xa0 2. 당기순이익\n359,269\n 525,472\n\u3000\n \xa0 3. 재평가잉여금\n11,452\n23,693\n\u3000\n \xa0 4. 신종자본증권 배당\n(59,672)\n\u3000\n(16,435)\n II. 이익잉여금처분액\n96,609\n\u3000\n125,456\n \xa0 1. 이익준비금\n7,514\n10,520\n\u3000\n \xa0 2. 배당금 \xa0 \xa0 (현금배당 주당배당금(률): \xa0 \xa0  당기 : 100원(2.0%) \xa0 \xa0 \xa0전기 : 140원(2.8%)) \n75,139\n105,195\n\u3000\n \xa0 3. 대손준비금\n13,956\n9,741\n\u3000\n III. 차기이월미처분이익잉여금\n2,978,036\n\u3000\n 2,763,596\n(5) 당기 및 전기 중 배당금 지급의 세부내역은 다음과 같습니다.\n구 \xa0 분\n당 \xa0 기\n전 \xa0 기\n 1주당 배당금(배당률)\n140원(2.8%)\n80원(1.6%)\n 발행주식수(주)(*)\n751,390,250\n751,390,250\n 배당금총액\n105,195백만원\n 60,111백만원\n(*) 총 발행주식에서 주주명부폐쇄일 보유 중인 자기주식 117,139,750주(전기 : 117,139,750주)가 차감되었습니다.\n27. 금융상품 범주별 순손익\n당기와 전기 중 당사의 금융상품으로부터 발생한 손익의 내용은 다음과 같습니다(단위: 백만원).\n1) 당기\n구 \xa0 분\n계정구분\n이자수익\n배당금수익\n수수료수익\n평가손익\n처분(상환)손익\n손상환입(차손)\n외환거래 및환산손익\n합 \xa0 계\n 현금및현금성자산\n9,170\n-\n-\n-\n-\n-\n38,630\n47,800\n 대여금 및 수취채권\n 예치금\n195\n-\n-\n-\n-\n-\n-\n195\n 대출채권\n1,077,366\n-\n9,998\n-\n-\n(26,648)\n5,720\n1,066,436\n 기타금융자산\n3,139\n-\n972\n-\n-\n(467)\n6,214\n9,858\n 유가증권\n 당기손익인식금융자산\n1,322\n200\n-\n3,151\n14,420\n-\n(662)\n18,431\n 매도가능금융자산\n591,587\n217,504\n2,438\n-\n183,374\n(9,121)\n230,094\n1,215,876\n 만기보유금융자산\n947,179\n-\n155\n-\n-\n-\n462,063\n1,409,397\n 파생상품\n-\n-\n-\n(423,750)\n(270,515)\n-\n-\n(694,265)\n합 \xa0 계\n2,629,958\n217,704\n13,563\n(420,599)\n(72,721)\n(36,236)\n742,059\n3,073,728\n2) 전기\n구 \xa0 분\n계정구분\n이자수익\n배당금수익\n수수료수익\n평가손익\n처분(상환)손익\n손상환입(차손)\n외환거래 및환산손익\n합 \xa0 계\n 현금및현금성자산\n4,552\n-\n-\n-\n-\n-\n(4,359)\n193\n 대여금 및 수취채권\n 예치금\n216\n-\n-\n-\n-\n-\n-\n216\n 대출채권\n1,040,666\n-\n9,131\n-\n-\n(18,937)\n(26,473)\n1,004,387\n 기타금융자산\n1,623\n-\n624\n-\n-\n(3,344)\n(8,167)\n(9,264)\n 유가증권\n 당기손익인식금융자산\n1,235\n1,252\n-\n1,457\n15,510\n-\n(6,742)\n12,712\n 매도가능금융자산\n728,999\n233,159\n1,060\n-\n403,089\n(101,057)\n(926,304)\n338,946\n 만기보유금융자산\n855,785\n-\n66\n-\n-\n-\n(1,152,616)\n(296,765)\n 파생상품\n-\n-\n-\n1,572,362\n521,694\n-\n-\n2,094,056\n합 \xa0 계\n2,633,076\n234,411\n10,881\n1,573,819\n940,293\n(123,338)\n(2,124,661)\n3,144,481\n28. 보험료수익당기 및 전기 중 발생한 보험료수익의 종류별 내용은 다음과 같습니다(단위: 백만원).\r\n구 \xa0 분\n보험종류\n당 \xa0 기\n전 \xa0 기\n 개인보험\n 생존보험\n2,086,396\n2,230,126\n 사망보험\n5,410,773\n5,381,568\n 생사혼합보험\n1,634,438\n1,884,517\n소 \xa0 계\n9,131,607\n9,496,211\n 단체보험\n 단체보험\n92,476\n90,535\n합 \xa0 계\n9,224,083\n9,586,746\n29. 재보험\n당기 및 전기 중 발생한 재보험종류별 주요 수익 및 비용의 내용은 다음과 같습니다 \xa0(단위: 백만원).1) 당기\n구 \xa0 분\n재보험수익\n재보험비용\n재보험금수익\n재보험수수료수익\n합 \xa0 계\n재보험료비용\n재보험수수료비용\n합 \xa0 계\n 개인보험\n132,341\n31,830\n164,171\n(171,618)\n- \n(171,618)\n 단체보험\n148\n-\n148\n(226)\n- \n(226)\n합 \xa0 계\n132,489\n31,830\n164,319\n(171,844)\n- \n(171,844)\n2) 전기\n구 \xa0 분\n재보험수익\n재보험비용\n재보험금수익\n재보험수수료수익\n합 \xa0 계\n재보험료비용\n재보험수수료비용\n합 \xa0 계\n 개인보험\n132,711\n29,000\n161,711\n(169,783)\n-\n(169,783)\n 단체보험\n155\n-\n155\n(221)\n-\n(221)\n합 \xa0 계\n132,866\n29,000\n161,866\n(170,004)\n-\n(170,004)\n30. 기타수익당기 및 전기 중 발생한 기타수익의 내용은 다음과 같습니다(단위: 백만원).\n구 \xa0 분\n당 \xa0 기\n전 \xa0 기\n 수수료수익\n13,563\n10,881\n 배당금수익\n217,704\n234,411\n 임대료수익\n126,008\n115,942\n 기타\n127\n115\n합 \xa0 계\n357,402\n361,349\n31. 지급보험금\n당기 및 전기 중 발생한 지급보험금의 내용은 다음과 같습니다(단위: 백만원).\n구 \xa0 분\n당 \xa0 기\n전 \xa0 기\n 보험금비용\n1,339,408\n1,128,479\n 환급금비용\n6,453,365\n5,719,051\n 배당금비용\n39,604\n34,922\n합 \xa0 계\n7,832,377\n6,882,452\n32. 사업비\n당기 및 전기 중 발생한 사업비의 내용은 다음과 같습니다(단위: 백만원).\n구 \xa0 분\n세부내역\n당 \xa0 기\n전 \xa0 기\n신계약비\n 비례수당\n553,963\n621,732\n 점포운영비\n79,686\n89,791\n 판매촉진비\n83,873\n74,841\n 기타\n246,009\n272,798\n 이연신계약비\n(705,803)\n(1,060,531)\n소 \xa0 계\n257,728\n(1,369)\n유지비\n 급여 및 상여\n291,370\n276,813\n 퇴직급여\n33,460\n30,760\n 복리후생비\n77,749\n71,750\n 지급임차료\n44,823\n45,774\n 전산비\n33,092\n32,331\n 통신비\n9,998\n9,231\n 기타\n436,767\n417,759\n소 \xa0 계\n927,259\n884,418\n합 \xa0 계\n1,184,987\n883,049\n33. 재산관리비당기 및 전기 중 발생한 재산관리비의 내용은 다음과 같습니다(단위: 백만원).\r\n구 \xa0 분\n당 \xa0 기\n전 \xa0 기\n 급여 및 상여\n17,836\n19,365\n 퇴직급여\n1,741\n1,710\n 복리후생비\n3,474\n3,624\n 통신비\n3,836\n3,165\n 수선비\n6,295\n11,425\n 수수료\n49,689\n62,289\n 기타\n110,199\n104,664\n합 \xa0 계\n193,070\n206,242\n34. 기타비용당기 및 전기 중 발생한 기타비용의 내용은 다음과 같습니다(단위: 백만원).\n구 \xa0 분\n당 \xa0 기\n전 \xa0 기\n 부동산감가상각비\n31,518\n29,441\n 무형자산상각비\n16,701\n16,934\n 할인료\n2,605\n2,632\n 기타\n4,339\n4,657\n합 \xa0 계\n55,163\n53,664\n35. 영업외수익 및 영업외비용당기 및 전기 중 발생한 영업외수익 및 영업외비용의 내용은 다음과 같습니다(단위: 백만원).\r\n구 \xa0 \xa0분\n당 \xa0 기\n전 \xa0 기\n 영업외수익\n \xa0 관계ㆍ종속기업투자처분이익\n7,345\n13,040\n \xa0 관계ㆍ종속기업투자배당이익\n233,357\n161,056\n \xa0 유형자산 및 투자부동산처분이익\n144\n2,498\n \xa0 무형자산처분이익\n-\n550\n \xa0 잡이익\n19,862\n57,458\n합 \xa0 계\n260,708\n234,602\n 영업외비용\n \xa0 관계ㆍ종속기업투자처분손실\n941\n-\n \xa0 관계ㆍ종속기업투자손상차손\n29,064\n35,164\n \xa0 유형자산 및 투자부동산처분손실\n10,565\n5,940\n \xa0 무형자산처분손실\n107\n-\n \xa0 무형자산손상차손\n5,810\n-\n \xa0 기부금\n5,246\n10,296\n \xa0 잡손실\n2,420\n84,178\n합 \xa0 계\n54,153\n135,578\n36. 법인세비용(1) 당기 및 전기의 법인세비용의 주요 구성내용은 다음과 같습니다(단위: 백만원).\r\n구 \xa0 분\n당 \xa0 기\n전 \xa0 기\n 법인세 부담액\n453,323\n48,972\n 자본에 직접 가감되는 당기법인세\n4,219\n150\n 일시적차이로 인한 이연법인세 변동액\n(314,998)\n116,811\n 법인세비용\n142,544\n165,933\n(2) 당기 및 전기의 회계이익과 법인세비용의 관계는 다음과 같습니다(단위: 백만원).\n구 \xa0 분\n당 \xa0 기\n전 \xa0 기\n 법인세비용차감전순이익\n501,813\n691,405\n 적용세율에 따른 법인세비용\n122,082\n167,320\n 조정사항 :\n\u3000\n \xa0 비과세수익으로 인한 효과\n(30,666)\n(9,789)\n \xa0 비공제비용으로 인한 효과\n1,086\n768\n \xa0 기타효과\n50,042\n7,634\n 법인세비용\n142,544\n165,933\n유효법인세율\n28.4%\n24.0%\n(3) 당기말과 전기말 현재 이연법인세자산(부채)의 내용은 다음과 같습니다(단위: 백만원).\r\n구 \xa0 분\n당기말\n전기말\n변동액\n 일시적차이에 대한 이연법인세자산(부채)\n346,774\n31,776\n314,998\n 자본에 직접 반영된 이연법인세자산(부채)\n(387,692)\n(521,935)\n134,243\n합 \xa0 계\n(40,918)\n(490,159)\n449,241\n당기말 및 전기말 현재 재무상태표상의 이연법인세부채 37,180백만원(전기말: 492,470백만원)과의 차이는 특별계정기타포괄손익누계액에 대한 이연법인세효과에 해당하는 금액이며, 특별계정 재무상태표 상 기타부채로 반영되어 있습니다.\r\n(4) 당기 및 전기의 이연법인세자산(부채)의 증감내용은 다음과 같습니다(단위: 백만원).\n구 \xa0 분\n당 \xa0 기\n전 \xa0 기\n기초\n증감\n기말\n기초\n증감\n기말\n 퇴직급여부채\n(2,756)\n(855)\n(3,611)\n1,471\n(4,227)\n(2,756)\n 수취채권\n(4,497)\n(3,681)\n(8,178)\n(1,060)\n(3,437)\n(4,497)\n 미수수익\n(95,202)\n7,017\n(88,185)\n(104,087)\n8,885 \n(95,202)\n 유가증권\n255,474\n(32,175)\n223,299\n(187,647)\n443,121 \n255,474\n 보험계약부채\n281,590\n14,996\n296,586\n271,789\n9,801 \n281,590\n 유형자산\n(146,974)\n10,842\n(136,132)\n(133,117)\n(13,857)\n(146,974)\n 파생상품\n(317,235)\n323,878\n6,643\n240,612\n(557,847)\n(317,235)\n 미지급비용\n33,971\n2,492\n36,463\n30,852\n3,119 \n33,971\n 기타\n27,405\n(7,516)\n19,889\n29,774\n(2,369)\n27,405\n합 \xa0 계\n31,776\n314,998\n346,774\n148,587\n(116,811)\n31,776\n(5) 당기 및 전기에 자본에 직접 가산되거나 차감된 법인세 효과는 다음과 같습니다 \xa0(단위: 백만원).\n구 \xa0 분\n당 \xa0 기\n전 \xa0 기\n 자본에 직접 가감되는 당기법인세\n \xa0 확정급여제도의 재측정요소\n4,219\n150\n 자본에 직접 반영된 이연법인세\n \xa0 매도가능금융자산평가손익\n121,254\n274,769\n \xa0 만기보유금융자산평가손익\n29,584\n(273,749)\n \xa0 관계ㆍ종속기업의 기타포괄손익누계액\n(10,101)\n1,323\n \xa0 위험회피목적파생상품평가손익\n(1,028)\n(4,520)\n \xa0 특별계정기타포괄손익누계액\n(6,049)\n14,609\n \xa0 유형자산재평가손익\n583\n2,383\n 자본에 직접 반영된 이연법인세 소계\n134,243\n14,815\n(6) 당기말과 전기말 현재 이연법인세자산으로 인식되지 않은 차감할 일시적차이의 내역은 다음과 같습니다(단위: 백만원).\n구 \xa0 분\n당기말\n전기말\n관계기업 및 종속기업 투자\n127,160\n96,314\n37. 주당이익당기 및 전기의 기본주당순이익의 내역은 다음과 같습니다(단위: 백만원).\n구 \xa0 분\n당 \xa0 기\n전 \xa0 기\n 당기순이익\n359,269\n525,472\n 신종자본증권 배당금\n(59,672)\n(16,435)\n 보통주 순이익\n299,597\n509,037\n 가중평균유통보통주식수(*1)\n751,390,250주\n \xa0 \xa0751,390,250주\n 기본주당순이익(*2)\n399원\n \xa0 \xa0 \xa0 \xa0 \xa0 \xa0 \xa0 \xa0 \xa0 \xa0 \xa0 \xa0 \xa0 677원\n(*1) 가중평균유통보통주식수 계산 시 보유 중인 자기주식수를 차감하여 계산하였습니다.(*2) 당사에는 희석성 잠재적보통주가 존재하지 않으므로 기본주당순이익과 희석주당순이익이 동일합니다.\n38. 특수관계자 및 대규모기업집단 계열회사와의 거래\n(1) 당기말과 전기말 현재 당사의 특수관계자 및 대규모기업집단 계열회사의 현황은 다음과 같습니다.1) 당기말\r\n구 \xa0 분\n특수관계자\n지배기업\n㈜한화\n유의적 영향력 행사기업\n㈜한화건설\n종속기업\n한화자산운용㈜, ㈜한화육삼시티, 한화손해사정㈜, ㈜한화금융에셋, 한화투자유한관리공사, 한화라이프에셋㈜, Hanwha Life Insurance Company Ltd. (Vietnam), Hanwha Life Investment (USA) Ltd., PT. Hanwha Life Insurance Indonesia,Hanwha Asset Management Pte., Ltd., 한화손해보험㈜\n연결대상 수익증권\n강소신재생에너지혁신펀드, 한화글로벌사업화펀드, 파인트리솔쓰리사모부동산투자신탁3호 외 53개 수익증권\n관계기업 및 공동기업\n신공항하이웨이㈜ 외 28개사\n기타 및 대규모기업집단 계열회사\n한화에어로스페이스㈜(*), 한화투자증권㈜, ㈜한화갤러리아, 한화호텔앤드리조트㈜ 등\n(*) 한화테크윈㈜은 2018년 4월 중 한화에어로스페이스㈜(분할존속기업) 및 한화테크윈㈜(분할신설기업)으로 분할하였습니다.2) 전기말\n구 \xa0 분\n특수관계자\n지배기업\n㈜한화\n유의적 영향력 행사기업\n㈜한화건설\n종속기업\n한화자산운용㈜, ㈜한화육삼시티, 한화손해사정㈜, ㈜한화금융에셋, 한화투자관리유한공사, 한화라이프에셋㈜, Hanwha Life Insurance Company Ltd. (Vietnam), Hanwha Asset Management(USA) Ltd. (구:Hanwha Life Investment (USA) Ltd.), PT. Hanwha Life Insurance Indonesia,Hanwha Asset Management Pte., Ltd., ㈜한화에스테이트, 강소신재생에너지혁신펀드, 한화손해보험㈜, 한화글로벌사업화펀드\n연결대상 수익증권\n파인트리솔쓰리사모부동산투자신탁3호 외 34개 수익증권\n관계기업 및 공동기업\n신공항하이웨이㈜ 외 25개사\n기타 및 대규모기업집단 계열회사\n한화테크윈㈜, 한화투자증권㈜, ㈜한화갤러리아, 한화호텔앤드리조트㈜ 등\n(2) 당기 및 전기 중 특수관계자 및 대규모기업집단 계열회사와의 주요 거래내역은 다음과 같습니다(단위: 백만원).\n1) 당기\n구 \xa0 분\n회사의 명칭\n영업수익 등\n영업비용 등\n임대료수익\n이자수익\n기타수익(*)\n합 \xa0 계\n보험금비용\n사업비 및재산관리비\n유무형자산취득\n합 \xa0 계\n지배기업\n㈜한화\n10,214\n-\n57\n10,271\n131\n59,187\n186\n59,504\n유의적영향력행사기업\n㈜한화건설\n884\n1,241\n32\n2,157\n106\n-\n83,212\n83,318\n종속기업 및 연결대상 수익증권\n㈜한화육삼시티\n933\n-\n14\n947\n178\n91,597\n-\n91,775\n한화자산운용㈜\n3,677\n-\n21,940\n25,617\n(55)\n28,607\n-\n28,552\n한화손해사정㈜\n543\n-\n78\n621\n180\n35,552\n-\n35,732\n한화라이프에셋㈜\n5\n-\n16\n21\n56\n32,005\n-\n32,061\n㈜한화금융에셋\n2\n-\n1\n3\n3\n11,802\n-\n11,805\n한화손해보험㈜\n6,486\n-\n9,665\n16,151\n2,092\n1,447\n-\n3,539\n㈜한화에스테이트\n400\n-\n70\n470\n268\n-\n-\n268\n파인트리솔쓰리사모부동산투자신탁3호 외 55개 수익증권\n-\n-\n194,246\n194,246\n-\n20\n-\n20\n소 \xa0 계\n12,046\n-\n226,030\n238,076\n2,722\n201,030\n-\n203,752\n관계기업 및공동기업\n전라선철도㈜\n-\n3,317\n-\n3,317\n-\n-\n-\n-\n신공항하이웨이㈜\n-\n1,276\n4,550\n5,826\n-\n-\n-\n-\n에이앤디신용정보㈜\n-\n-\n49\n49\n-\n7,847\n-\n7,847\n판교에스디투주식회사\n-\n1,360\n1,413\n2,773\n-\n-\n-\n-\n기 \xa0 타\n-\n5,668\n2,206\n7,874\n-\n-\n-\n-\n소 \xa0 계\n-\n11,621\n8,218\n19,839\n-\n7,847\n-\n7,847\n기타 및 대규모기업집단집단계열회사\n한화에어로스페이스㈜ \n1,189\n-\n71\n1,260\n381\n-\n-\n381\n한화투자증권㈜\n1,000\n-\n61\n1,061\n276\n378\n-\n654\n㈜한화갤러리아\n2,155\n-\n7\n2,162\n8\n2,516\n-\n2,524\n한화호텔앤드리조트㈜\n12,204\n-\n69\n12,273\n62\n2,572\n840\n3,474\n기 \xa0 타\n32,303\n53\n1,447\n33,803\n6,897\n56,321\n-\n63,218\n소 \xa0 계\n48,851\n53\n1,655\n50,559\n7,624\n61,787\n840\n70,251\n합 \xa0 계\n71,995\n12,915\n235,992\n320,902\n10,583\n329,851\n84,238\n424,672\n(*) 관계ㆍ종속기업으로부터의 배당금 수익이 포함되어 있습니다.\n2) 전기\n구 \xa0 분\n회사의 명칭\n영업수익 등\n영업비용 등\n임대료수익\n이자수익\n기타수익(*)\n합 \xa0 계\n보험금비용\n사업비 및재산관리비\n유무형자산취득\n합 \xa0 계\n지배기업\n㈜한화\n9,540\n-\n62\n9,602\n143\n54,555\n-\n54,698\n유의적영향력행사기업\n㈜한화건설\n611\n2,613\n34\n3,258\n115\n-\n58,392\n58,507\n종속기업 및 연결대상 수익증권\n㈜한화육삼시티\n1,149\n-\n32\n1,181\n65\n87,222\n-\n87,287\n한화자산운용㈜\n3,007\n-\n6,977\n9,984\n261\n45,520\n-\n45,781\n한화손해사정㈜\n579\n-\n91\n670\n243\n35,274\n-\n35,517\n한화라이프에셋㈜\n7\n-\n12\n19\n50\n34,670\n-\n34,720\n㈜한화금융에셋\n2\n-\n1\n3\n1\n13,590\n-\n13,591\n한화손해보험㈜\n6,107\n-\n5,146\n11,253\n1,751\n1,430\n-\n3,181\n㈜한화에스테이트\n459\n-\n38\n497\n240\n-\n-\n240\n파인트리솔쓰리사모부동산투자신탁3호 외 34개 수익증권\n-\n2,289\n140,781\n143,070\n-\n-\n-\n-\n소 \xa0 계\n11,310\n2,289\n153,078\n166,677\n2,611\n217,706\n-\n220,317\n관계기업 및공동기업\n전라선철도㈜\n-\n2,923\n-\n2,923\n-\n-\n-\n-\n신공항하이웨이㈜\n-\n857\n5,600\n6,457\n-\n-\n-\n-\n에이앤디신용정보㈜\n-\n-\n59\n59\n-\n8,063\n-\n8,063\n판교에스디투주식회사\n-\n939\n1,329\n2,268\n-\n-\n-\n-\n기 \xa0 타\n-\n3,996\n1,450\n5,446\n-\n-\n-\n-\n소 \xa0 계\n-\n8,715\n8,438\n17,153\n-\n8,063\n-\n8,063\n기타 및 대규모기업집단집단계열회사\n한화테크윈㈜ \n3,159\n-\n182\n3,341\n646\n-\n-\n646\n한화투자증권㈜\n1,073\n-\n48\n1,121\n226\n423\n-\n648\n㈜한화갤러리아\n2,087\n-\n8\n2,095\n10\n2,845\n-\n2,855\n한화호텔앤드리조트㈜\n11,801\n-\n85\n11,886\n71\n3,368\n-\n3,439\n기 \xa0 타\n28,327\n-\n2,804\n31,131\n4,113\n52,518\n-\n56,631\n소 \xa0 계\n46,447\n-\n3,127\n49,574\n5,066\n59,154\n-\n64,220\n합 \xa0 계\n67,908\n13,617\n164,739\n246,264\n7,935\n339,478\n58,392\n405,805\n(*) 관계ㆍ종속기업으로부터의 배당금 수익이 포함되어 있습니다.\n(3) 당기 및 전기 중 특수관계자 및 대규모기업집단 계열회사와의 주요 자금거래 및 지분거래 내역은 다음과 같습니다(단위: 백만원).1) 당기\n구 \xa0 분\n회사의 명칭\n자금대여거래\n현금출자거래\n배당거래\n대여\n회수\n출자\n회수\n지급\n수취\n지배기업\n㈜한화\n-\n-\n-\n-\n22,064\n-\n유의적영향력행사기업\n㈜한화건설(*)\n-\n50,000\n-\n-\n30,509\n-\n종속기업\nHanwha Life Insurance Company Limited. ( Vietnam )\n-\n-\n141,421\n-\n-\n-\n한화자산운용㈜\n-\n-\n-\n-\n-\n21,900\n한화손해보험㈜\n-\n-\n-\n-\n-\n8,994\n소 \xa0 계\n-\n-\n141,421\n-\n-\n30,894\n연결대상 수익증권\n강소신재생에너지혁신펀드\n-\n-\n11,385\n9,900\n-\n-\n한화글로벌사업화펀드\n-\n-\n690\n-\n-\n-\n한화 GLOBAL REAL ESTATE STRATEGY전문투자형사모부동산투자신탁1호\n-\n-\n187,612\n126\n-\n1,900\n한화 GLOBAL INFRASTRUCTURE STRATEGY 전문투자형사모특별자산투자신탁 1호\n-\n-\n212,144\n-\n-\n-\n미래에셋맵스글로벌신재생에너지사모특별자산투자신탁1호\n-\n-\n8,100\n39,334\n-\n7,856\n한화AI GLOBAL CHOICE사모증권투자신탁2호(채권혼합-재간접형)\n-\n-\n-\n142,707\n-\n5,042\n한화베트남 OPPORTUNITY전문투자형사모증권투자신탁 1호\n-\n-\n464,708\n-\n-\n-\n기 \xa0 타\n-\n-\n1,194,272\n351,001\n-\n179,447\n소 \xa0 계\n-\n-\n2,078,911\n543,068\n-\n194,245\n관계기업 및 공동기업\n푸른김해지키미\n-\n943\n-\n-\n-\n-\n전라선철도㈜\n-\n8,662\n-\n-\n-\n-\n울산청천주식회사\n-\n1,141\n-\n-\n-\n-\n신공항하이웨이㈜\n-\n398\n-\n-\n-\n4,550\n판교에스디투주식회사\n-\n-\n-\n-\n-\n1,413\n기 \xa0 타\n-\n8,227\n8,276\n3,130\n-\n2,255\n소 \xa0 계\n-\n19,371\n8,276\n3,130\n-\n8,218\n기타 및 대규모기업집단집단계열회사\n㈜한화갤러리아타임월드\n-\n-\n-\n-\n2,129\n-\n합 \xa0 계\n-\n69,371\n2,228,608\n546,198\n54,702\n233,357\n(*) 당기 중 종속기업인 한화에스테이트㈜를 한화건설㈜에 매각하였으며, 그 대가로 21,811백만원을 수령하였습니다.\n2) 전기\n구 \xa0 분\n회사의 명칭\n자금대여거래\n현금출자거래\n배당거래\n대여\n회수\n출자\n회수\n지급\n수취\n지배기업\n㈜한화\n-\n-\n-\n-\n12,608\n-\n유의적영향력행사기업\n㈜한화건설\n-\n-\n-\n-\n19,731\n-\n종속기업\n한화손해보험㈜\n-\n-\n85,870\n-\n-\n4,878\n한화자산운용㈜\n-\n-\n-\n-\n-\n6,960\nHanwha Asset Management(USA) Ltd. (구:Hanwha Life Investment (USA) Ltd.)(*1)\n-\n-\n-\n11,837\n-\n-\n소 \xa0 계\n-\n-\n85,870\n11,837\n-\n11,838\n연결대상 수익증권\n강소신재생에너지혁신펀드\n-\n-\n44,550\n-\n-\n-\n한화글로벌사업화펀드\n-\n-\n300\n-\n-\n-\n미래에셋UK가스인프라전문투자형사모특별자산투자신탁1호\n-\n-\n218,005\n-\n-\n8,440\n한화DEBT STRATEGY전문투자형사모부동산투자신탁6호\n-\n-\n207,118\n-\n-\n6,318\n이지스 KORIF 사모부동산 신탁 11-1호\n-\n-\n-\n28,529\n-\n17,983\n이지스 KORIF 사모부동산 신탁 11-2호\n-\n-\n-\n28,529\n-\n17,805\n기 \xa0 타\n-\n151,531\n334,087\n135,207\n-\n90,234\n소 \xa0 계\n-\n151,531\n804,060\n192,265\n-\n140,780\n관계기업 및 공동기업\nSino Korea Life Insurance Co.,Ltd.(China)\n-\n-\n40,900\n-\n-\n-\n푸른김해지키미\n-\n705\n-\n-\n-\n-\n전라선철도㈜\n-\n5,777\n-\n-\n-\n-\n울산청천주식회사\n-\n893\n-\n-\n-\n-\n신공항하이웨이㈜\n-\n331\n-\n-\n-\n5,600\n판교에스디투주식회사\n40,000\n30,000\n-\n-\n-\n1,329\n한화신성장동력펀드(*2)\n-\n-\n-\n1,045\n-\n-\n기 \xa0 타\n-\n6,553\n2,236\n9,499\n-\n1,509\n소 \xa0 계\n40,000\n44,259\n43,136\n10,544\n-\n8,438\n기타 및 대규모기업집단집단계열회사\n㈜한화갤러리아타임월드\n-\n-\n-\n-\n1,216\n-\n합 \xa0 계\n40,000\n195,790\n933,066\n214,646\n33,555\n161,056\n(*1) 전기 중 당사의 종속기업인 한화자산운용㈜에 보유 지분 전량을 매각하였습니다.(*2) \xa0청산 및 잔여재산분배가 완료됨에 따라 회수된 지분거래내역입니다(4) 당기말과 전기말 현재 특수관계자 및 대규모기업집단 계열회사 관련 채권ㆍ채무 잔액은 다음과 같습니다(단위: 백만원).\n1) 당기말\n구 \xa0 분\n회사의 명칭\n채 \xa0 권\n채 \xa0 무\n유가증권\n대출채권\n기타채권\n합 \xa0 계\n임대보증금\n기타채무\n합 \xa0 계\n지배기업\n㈜한화\n-\n-\n116\n116\n7,216\n16,005\n23,221\n유의적영향력행사기업\n㈜한화건설\n-\n-\n83\n83\n-\n4,795\n4,795\n종속기업\n㈜한화육삼시티\n-\n-\n-\n-\n420\n9,098\n9,518\n한화자산운용㈜\n-\n-\n-\n-\n2,387\n17,274\n19,661\n한화손해사정㈜\n-\n-\n-\n-\n20\n9,765\n9,785\n한화라이프에셋㈜\n-\n-\n-\n-\n-\n3,984\n3,984\n한화손해보험㈜\n-\n-\n-\n-\n12,884\n111,058\n123,942\n㈜한화금융에셋\n-\n-\n-\n-\n-\n249\n249\n소 \xa0 계\n-\n-\n-\n-\n15,711\n151,428\n167,139\n관계기업 및공동기업\n전라선철도㈜\n-\n85,520\n9\n85,529\n-\n55\n55\n신공항하이웨이㈜\n-\n13,404\n121\n13,525\n-\n-\n-\n에이앤디신용정보㈜\n-\n-\n202\n202\n-\n1,576\n1,576\n판교에스디투주식회사\n-\n40,000\n30\n40,030\n-\n-\n-\n울산청천주식회사\n-\n12,541\n1\n12,542\n-\n-\n-\n기 \xa0 타\n-\n112,331\n182\n112,513\n-\n383\n383\n소 \xa0 계\n-\n263,796\n545\n264,341\n-\n2,014\n2,014\n기타 및대규모기업집단계열회사\n한화에어로스페이스㈜\n-\n-\n-\n-\n170\n12,479\n12,649\n한화투자증권㈜\n-\n-\n2,490\n2,490\n1,141\n18,204\n19,345\n㈜한화갤러리아\n-\n-\n35\n35\n1,079\n610\n1,689\n한화호텔앤드리조트㈜\n-\n-\n16,548\n16,548\n5,399\n2,981\n8,380\n기 \xa0 타\n-\n-\n1,971\n1,971\n15,824\n383,165\n398,989\n소 \xa0 계\n-\n-\n21,044\n21,044\n23,613\n417,439\n441,052\n합 \xa0 계\n-\n263,796\n21,788\n285,584\n46,540\n591,681\n638,221\n2) 전기말\n구 \xa0 분\n회사의 명칭\n채 \xa0 권\n채 \xa0 무\n유가증권\n대출채권\n기타채권\n합 \xa0 계\n임대보증금\n기타채무\n합 \xa0 계\n지배기업\n㈜한화\n-\n-\n18\n18\n7,245\n6,800\n14,045\n유의적영향력 행사기업\n㈜한화건설\n50,000\n-\n65\n50,065\n-\n28,991\n28,991\n종속기업\n㈜한화육삼시티\n-\n-\n6\n6\n538\n8,730\n9,268\n한화자산운용㈜\n-\n-\n-\n-\n1,369\n24,788\n26,157\n한화손해사정㈜\n-\n-\n-\n-\n32\n14,366\n14,398\n한화라이프에셋㈜\n-\n-\n-\n-\n-\n3,622\n3,622\n한화손해보험㈜\n-\n-\n-\n-\n12,101\n103,786\n115,887\n㈜한화에스테이트\n-\n-\n-\n-\n216\n14,574\n14,790\n㈜한화금융에셋\n-\n-\n-\n-\n-\n143\n143\n소 \xa0 계\n-\n-\n6\n6\n14,256\n170,009\n184,265\n관계기업 및공동기업\n전라선철도㈜\n-\n94,182\n775\n94,957\n-\n76\n76\n신공항하이웨이㈜\n-\n13,802\n123\n13,925\n-\n-\n-\n에이앤디신용정보㈜\n-\n-\n118\n118\n-\n1,657\n1,657\n판교에스디투주식회사\n-\n40,000\n37\n40,037\n-\n-\n-\n울산청천주식회사\n-\n13,682\n110\n13,792\n-\n-\n-\n기 \xa0 타\n-\n121,500\n908\n122,408\n-\n447\n447\n소 \xa0 계\n-\n283,166\n2,071\n285,237\n-\n2,180\n2,180\n기타 및대규모기업집단계열회사\n한화테크윈㈜ \n-\n-\n22\n22\n807\n19,650\n20,457\n한화투자증권㈜\n-\n-\n41,679\n41,679\n1,294\n13,301\n14,595\n㈜한화갤러리아\n-\n-\n28\n28\n1,079\n548\n1,627\n한화호텔앤드리조트㈜\n-\n-\n16,487\n16,487\n5,199\n3,556\n8,755\n기 \xa0 타\n-\n-\n150\n150\n14,810\n325,366\n340,176\n소 \xa0 계\n-\n-\n58,366\n58,366\n23,189\n362,421\n385,610\n합 \xa0 계\n50,000\n283,166\n60,526\n393,692\n44,690\n570,401\n615,091\n(5) 당기 및 전기 중 당사의 주요 특수관계자를 통하여 채권을 매매한 내역은 다음과 같습니다.(단위: 백만원)1) 당기\n회사명\n매도\n매수\n 한화투자증권\n598,135\n810,662\n2) 전기\n회사명\n매도\n매수\n 한화투자증권\n572,376\n1,141,660\n(6) 당사는 기업 활동의 계획ㆍ운영ㆍ통제에 대하여 중요한 권한과 책임을 가진 등기임원을 주요 경영진으로 판단하였으며, 당기 및 전기 중 주요 경영진에 대한 보상을 위해 비용으로 반영한 금액은 다음과 같습니다(단위: 백만원).\n구 \xa0 분\n당 \xa0 기\n전 \xa0 기\n 단기종업원급여\n1,442\n1,766\n 퇴직급여\n255\n310\n합 \xa0 계\n1,697\n2,076\n(7) 당기와 전기 중 최대주주와 주요 경영진에게 지급한 배당금은 각각 30,524백만원및 19,736백만원입니다.\n39. 우발채무와 약정사항(1) 진행 중인 소송사건당기말 현재 당사가 피고로서 계류 중인 소송사건은 보험금지급청구소송(소송가액 \xa07,047백만원)을 포함한 103건으로 총 소송가액은 10,498백만원입니다. 또한, 당사가원고로서 계류 중인 소송사건은 손해배상청구소송(소송가액 2,210백만원)을 포함한 216건으로 총 소송가액은 20,310백만원입니다. 이러한 소송사건의 결과는 현재로서는 예측할 수 없습니다.\n(2) 당좌차월약정당사는 당기말 현재 신한은행, KEB하나은행 및 한국스탠다드차타드은행과 일중당좌차월약정(한도액 130,000백만원)을 맺고 있으며, 이와 관련하여 국공채가 담보(담보설정금액: 140,000백만원)로 제공되어 있습니다.(3) 기타약정사항\n1) 당기말 현재 당사가 지급보증을 제공받고 있는 내역은 다음과 같습니다(단위: 백만원).(전기말: 7,853백만원)\n제공받는자\n지급보증액\n지급보증처\n내용\n한화생명보험(주)\n8,037\n서울보증보험(주)\n공탁금 등\n2) 당기말 현재 유형자산 및 투자부동산 관련하여 발생하지 않은 자본적지출 약정 금액은 78,580백만원(전기말: 135,746백만원)입니다. \n(4) 운용리스1) 당기말과 전기말 현재 당사가 체결하고 있는 해지불능운용리스의 내역과 미래 최소리스료 지급 계획은 다음과 같습니다(단위: 백만원).\n구 \xa0분\n당기말\n전기말\n 1년이내\n18,974\n25,970\n 1년초과 5년이내\n7,903\n16,909\n 합 계\n26,877\n42,879\n2) 당기말과 전기말 현재 당사는 부동산 임대 관련 해지불능운용리스계약을 체결하고 있습니다. 동 계약에 따른 미래 최소리스료 수취 계획은 다음과 같습니다(단위: 백만원).\r\n구 \xa0분\n당기말\n전기말\n 1년이내\n72,979\n46,334\n 1년초과 5년이내\n84,207\n54,508\n 5년초과\n14,032\n17,929\n 합 계\n171,218\n118,771\n(5) 당기말 현재 당사가 과거 판매한 즉시연금상품 중 일부의 생존연금 지급과 관련하여 논란이 있으며, 동 건의 지급금액 및 지급시기에 대해서는 현재 예측할 수 없습니다.\n40. 현금흐름 관련 사항 (1) 당기 및 전기 중 영업활동으로 인한 현금흐름의 비용 및 수익 조정내역은 다음과 같습니다(단위: 백만원).\r\n구 \xa0 분\n당 \xa0 기\n전 \xa0 기\n 보험계약부채전입액\n2,986,834\n3,963,122\n 신계약비상각비\n962,056\n1,272,347\n 퇴직급여\n21,705\n27,689\n 대손상각비\n27,116\n22,281\n 감가상각비\n76,544\n73,377\n 무형자산상각비\n16,701\n16,934\n 무형자산손상차손\n5,810\n-\n 유가증권평가 및 처분손실\n67,563\n47,839\n 매도가능금융자산손상차손\n9,121\n101,057\n 외화환산손실\n95,094\n2,031,277\n 파생상품평가 및 거래손실\n1,084,826\n430,792\n 이자비용\n4,345\n4,659\n 유형자산 및 투자부동산처분손실\n10,565\n5,940\n 무형자산처분손실\n107\n-\n 복구공사손실\n38\n149\n 관계ㆍ종속기업투자관련손실\n30,005\n35,164\n 법인세비용\n142,544\n165,933\n 이자수익\n(2,629,958)\n(2,633,076)\n 배당금수익\n(217,704)\n(234,411)\n 유가증권평가 및 처분이익\n(268,510)\n(467,895)\n 외화환산이익\n(779,511)\n(12,155)\n 파생상품평가 및 거래이익\n(390,561)\n(2,524,849)\n 유형자산 및 투자부동산처분이익\n(144)\n(2,498)\n 무형자산처분이익\n-\n(550)\n 관계ㆍ종속기업투자관련이익\n(240,702)\n(174,095)\n합 \xa0 계\n1,013,884\n2,149,031\n(2) 당기 및 전기 중 영업활동으로 인한 자산부채 변동 내역은 다음과 같습니다(단위:백만원).\r\n구 \xa0 분\n당 \xa0 기\n전 \xa0 기\n 예치금의 변동\n113,459\n(25,488)\n 당기손익인식금융자산의 변동\n(431,091)\n226,154\n 대출채권의 변동\n(1,244,879)\n(655,073)\n 파생상품자산의 변동\n6,170\n2,656\n 기타금융자산의 변동\n96,090\n(1,836)\n 기타자산의 변동\n(704,629)\n(1,059,607)\n 특별계정자산의 변동\n211,788\n(1,825,601)\n 파생상품부채의 변동\n(6,996)\n(3,535)\n 순확정급여부채(자산)의 변동\n(20,191)\n(55,555)\n 기타금융부채의 변동\n(58,580)\n(48,130)\n 충당부채의 변동\n(43)\n(1,164)\n 기타부채의 변동\n(44,289)\n(60,415)\n 특별계정부채의 변동\n214,139\n1,295,259\n합 \xa0 계\n(1,869,052)\n(2,212,335)\n(3) 당기 및 전기 중 현금의 유입과 유출이 없는 거래 중 중요한 거래의 내용은 다음과 같습니다(단위: 백만원).\r\n구 \xa0 분\n당 \xa0 기\n전 \xa0 기\n 건설중인자산의 본계정대체\n149,093\n124,184\n 유형자산의 투자부동산 순대체\n78,063\n55,649\n 계약자지분조정의 변동\n(126,152)\n(115,614)\n 자본에 부과된 이연법인세의 변동\n(140,291)\n9,986\n 매도가능금융자산평가손익의 변동\n(345,015)\n(891,467)\n 만기보유금융자산평가손익의 변동\n(61,750)\n775,097\n 위험회피목적파생상품평가손익의 변동\n3,898\n11,168\n 관계ㆍ종속기업의 기타포괄손익지분 변동\n30,259\n(6,629)\n 특별계정기타포괄손익의 변동\n17,464\n(45,062)\n 유형자산재평가이익의 변동\n(1,827)\n(7,464)\n 대출채권 및 기타수취채권의 제각\n66,551\n30,196\n 매도가능유가증권의 만기보유유가증권 대체\n-\n27,233,293\n41. 위험관리\n(1) 위험관리정책\n1) 개요보험계약의 장기성을 특징으로 하는 생명보험회사는 위험보장 기능을 제공하는 금융기관으로써 금융시장 내에서 중요한 역할을 차지합니다. 당사는 더욱 복잡해져 가는 금융환경 속에서 위험관리 원칙에 따라 보험, 금리, 신용, 시장, 유동성, 운영리스크에 대한 지속적인 관리를 통하여 당사의 안정적 성장과 주주 및 계약자 이익 창출을 위해 노력하고 있습니다.2) 위험관리목적변동하는 금융환경 및 경영활동 과정에서 발생하는 각종 불확실성 또는 손실발생 가능성을 사전에 예방하고 이를 효과적으로 평가, 관리함으로써 회사 가치의 극대화 및지속적이고 안정적인 성장확보를 추구하는데 있습니다.3) 위험관리전략단기적으로 발생가능한 회사 전체의 리스크 수준이 가용자본(리스크가 손실로 실현될 경우 당사의 Buffer로 사용되는 자본)의 일정 수준 이내로 유지될 수 있도록 허용한도를 설정, 관리하고 있으며, 보험상품 개발 및 투자 활동에 대해서도 리스크 관리절차를 시행하고 있습니다.\r\n한편, 중장기적으로 경영계획 및 자산운용계획 내에 ALM(Asset & Liability Management) 투자전략(보험상품의 특성을 반영한 자산운용 전략)을 반영하여 수익중심의 경영전략과 더불어 회사 가치 극대화를 추구하며, 리스크관리 조직과 보고체계는 독립성 및 견제와 균형기능을 유지하고 있습니다.\n4) 위험관리 관련 조직의 구조와 기능당사는 위험관리위원회, 위험관리협의회(보험부문/자산부문/공통부문), 리스크관리팀이 있으며, 현업 업무와 관련하여 \xa0자산운용협의회, 공시이율협의회, 상품개발협의회, 사차손익관리협의회, 재보험관리협의회를 운영함으로써 다각적으로 회사 리스크를 관리하고 있습니다.가. 위험관리위원회위험관리위원회 위원은 이사회 결의로 선임한 3인 이상의 이사로 구성되며, 리스크관리의 기본방침 및 대책 수립과 리스크 한도의 승인, 리스크관리규정의 제(개)정, 기타 리스크 관리에 필요하다고 이사회가 인정하는 사항 등의 업무를 수행합니다.나. 위험관리협의회리스크관리팀장의 주관하에 리스크담당 부서장(현업 실무부서장)을 위원으로 하며,위험관리위원회 의결사항의 실행상태 점검, 리스크관리세칙의 심의, 기타 위험관리위원회로부터 위임받은 사항, 다른 규정에서 협의회의 심의사항으로 정한 사항 등의 업무를 수행합니다.리스크관리 담당 제 위원회의 종류 및 기능은 다음과 같습니다.\r\n위원회\n주요기능\n 자산운용협의회\n분기별 자산운용 전략, 목표 포트폴리오 설정관리와 투융자거래에 대한 거래 취급, 관련 지침, 자산운용위탁회사 선정 및 관련 기준 등의 심의\n 공시이율협의회\n공시이율의 결정에 관한 사항을 심의\n 상품개발협의회\n보험상품 개발, 개정 및 판매 관련 사항, 기타 상품개발과 관련한 심의\n 사차손익관리협의회\n사차손익 관련 부문별 협의 및 조정 체제를 구축하여 당사의 사차익관리 강화\n 재보험관리협의회\n재보험 출재ㆍ수재의 타당성, 출재(대상)위험의 결정, 출재 조건 검토, 재보험사 선정, 재보험거래 현황 분석 등 중요 사항의 협의 및 조정\n5) 내부 자본 적정성 평가 및 관리절차당사는 감독기관에서 규정하고 있는 지급여력비율을 산출하고 있습니다. 지급여력 비율은 보험회사의 위험기준 자기자본제도로서 금융회사에 예상하지 못한 손실이 발생하더라도 이를 충당할 수 있는 자기자본을 보유하도록 하는 제도입니다.지급여력비율은 가용자본 대비 요구자본의 비율을 의미하고, 가용자본은 자본금, 자본잉여금, 이익잉여금 등으로 구성되며, 요구자본은 보험, 금리, 신용, 시장, 운영리스크를 분산효과를 고려해 산출합니다.\n감독당국에서는 재무제표기준으로 지급여력비율 100% 이상 유지할 것을 의무화 하고 있으며, 지급여력비율이 100%에 미달되는 경우 다음과 같이 지급여력비율별로 적기시정조치를 통해 부실심화를 방지하고 있습니다. \n지급여력비율\n개선조치\n 경영개선권고(100%~50%)\n 자본금의 증액 또는 감액, 신규업무 진출 제한 등\n 경영개선요구(50%~0%)\n 임원진 교체요구, 영업의 일부정지 등\n 경영개선명령(0% 미만)\n 주식소각, 영업양도, 합병 및 계약이전 등\n당사는 요구자본 산출을 위해서 리스크를 보험, 금리, 신용, 시장, 운영리스크로 구분하여 산출하고, 포트폴리오 전략 수립 시 지급여력비율 영향도를 감안하고 있으며, 보험, 금리, 신용, 시장리스크에 대한 내부관리모형으로 내부리스크량을 측정하고 있습니다.\n(2) 보험위험관리1) 개념보험회사의 고유업무인 보험계약의 인수 및 보험금 지급과 관련하여 발생하는 위험으로 보험가격리스크와 준비금리스크로 구분되며, 보험가격리스크란 보험계약자에게 받은 \xa0보험료와 실제 지급된 보험금 간의 차이 등으로 손실이 발생할 위험이며, 준비금리스크는 지급준비금과 미래의 실제 보험금지급액의 \xa0차이로 인해 \xa0손실이 \xa0발생할 \xa0위험을 의미합니다. 일반적으로 준비금리스크는 손해보험회사의 일반손해보험계약을 대상으로 하며, 생명보험은 주로 정액 급부형태이기 때문에 사고지급준비금의 변동이 작고, 사고발생 후 보험금 지급까지의 기간이 길지 않아 준비금리스크 측정 실익이 적어 보험가격리스크를 측정ㆍ관리하고 있습니다.\n2) 보험위험 익스포져 현황보험위험액은 보험계약자에게 받은 보험료와 실제 지급된 보험금간의 차이 등으로 인한 손실발생 가능성으로 당기말과 전기말 현재 당사의 위험기준자기자본(RBC)제도에 의한 익스포져 현황은 다음과 같습니다(단위: 백만원).\n구 \xa0 분\n당기말\n전기말\n 사망\n626,061\n641,108\n 장해\n54,163\n56,483\n 입원\n337,519\n341,371\n 수술, 진단\n765,957\n735,143\n 실손의료비\n228,851\n207,936\n 기타\n82,225\n79,708\n합 \xa0 계\n2,094,776\n2,061,749\n3) 측정방법보험리스크는 표준방법 및 내부모형을 동시에 사용하여 측정하고 있습니다. 표준방법(보험업감독규정 제7-2조 제2항)은 금융감독원의 위험기준자기자본제도에 따른 보험위험액 산출을 말하며, 준비금리스크는 감독규정 제1-2조 제11호에 의한 일반손해보험계약을 대상으로 산출하므로 측정에서 제외됩니다.\n당사가 운영하는 내부모형에 의한 보험리스크량은 보유계약을 대상으로 경험통계를 적용하여 향후 10년간의 위험보험료를 예상하고, 지급보험금의 최대 발생 가능수준과 평균수준의 차이를 보험리스크로 측정하며, 확률론적 시나리오를 적용한 VaR \xa0 \xa0 (Value at Risk) 방식으로 산출하고 있습니다.4) 관리방법보험리스크량을 측정하기 위하여 ALM 시스템과 보험리스크 측정시스템을 운영하고분기별로 산출한 보험리스크량의 결과를 리스크분석보고서 형태로 위험관리위원회에 보고하고 있습니다.5) 재보험정책보험계약자에 대한 보험금 지급능력 제고를 목적으로 리스크 노출 정도 및 효율적인리스크 분산 등을 고려하여 재보험을 관리하고 있습니다.\r\n가. 당기말과 전기말 현재 당사의 상위 5대 재보험사 편중도 현황은 다음과 같습니다(단위: 백만원).\n구 \xa0 분\n당기말\n전기말\nAA- 이상\nA+ ~ A-\nBBB+ 이하\nAA- 이상\nA+ ~ A-\nBBB+ 이하\n 출재보험료\n164,675\n-\n-\n162,785\n-\n-\n나. 당기말과 전기말 현재 당사의 재보험사군별 출재보험료의 내용은 다음과 같습니다(단위: 백만원).\n구 \xa0 분\n당기말\n전기말\nAA- 이상\nA+ ~ A-\nBBB+ 이하\nAA- 이상\nA+ ~ A-\nBBB+ 이하\n 출재보험료\n171,844\n-\n-\n170,004\n-\n-\n6) 변액보험보증위험액 현황당기말과 전기말 현재 당사의 변액보험보증위험액 현황은 다음과 같습니다(단위: 백만원).가. 당기말\n구 \xa0 분\n보험료수익\n계약자적립금\n보증준비금\n최저보증위험액\n 변액종신보험\n62,594\n390,423\n116,556\n18,605\n 변액연금보험\n1,214,221\n7,803,343\n61,495\n106,277\n 변액유니버셜보장성보험\n908,286\n2,294,926\n194,725\n144,076\n 변액유니버셜저축성보험\n167,121\n1,277,490\n3,158\n3,308\n 기타\n714,654\n4,261,989\n702,151\n151,727\n합 \xa0 계\n3,066,876\n16,028,171\n1,078,085\n423,993\n나. 전기말\n구 \xa0 분\n보험료수익\n계약자적립금\n보증준비금\n최저보증위험액\n 변액종신보험\n48,554\n381,818\n138,679\n9,978\n 변액연금보험\n1,374,419\n8,336,933\n65,486\n113,759\n 변액유니버셜보장성보험\n933,000\n2,246,285\n175,305\n104,717\n 변액유니버셜저축성보험\n201,433\n1,487,537\n756\n1,475\n 기타\n745,408\n4,254,244\n644,493\n106,409\n합 \xa0 계\n3,302,814\n16,706,817\n1,024,719\n336,338\n7) 당기말과 전기말 현재 보험계약부채의 잔존계약만기에 따른 분석결과는 다음과 같습니다(단위: 백만원).가. 당기말\n구 \xa0 분\n1년 미만\n1년 이상 ~5년 미만\n5년 이상 ~10년 미만\n10년 이상\n합 \xa0 계\n보험료적립금(*)\n1,082,940\n8,409,847\n7,396,128\n58,318,749\n75,207,664\n(*) 해약식적립금 기준으로 작성되었습니다. \n나. 전기말\n구 \xa0 분\n1년 미만\n1년 이상 ~5년 미만\n5년 이상 ~10년 미만\n10년 이상\n합 \xa0 계\n보험료적립금(*)\n931,815\n7,242,962\n8,519,101\n55,493,173\n72,187,051\n(*) 해약식적립금 기준으로 작성되었습니다. \n(3) 금리위험관리1) 개념금리리스크는 미래 시장금리변동 및 자산과 부채의 만기구조 차이로 인하여 경제적 손실이 발생할 위험으로 당사의 순자산가치가 감소할 위험을 의미합니다.\n2) 측정방법금리리스크는 표준방법 및 당사 내부모형을 동시에 사용하여 측정하고 있습니다.표준방법(보험업감독규정 제7-2조 제3항)은 금융감독원의 위험기준자기자본(RBC)제도에 따라 금리위험액을 산출하고 있습니다.당사 내부모형은 일반계정, 연금저축보험계약, 자산연계형보험계약의 자산 및 부채를 대상으로 합니다. 금리리스크량은 자산 및 부채의 미래 예상 현금흐름을 직접 산출하여, 자산과 부채의 가치 및 유효듀레이션을 이용한 듀레이션 갭(Duration Gap) 방식과 확률론적 시나리오를 적용한 최대 순자산가치 변동 예상액(확률론적 금리 \xa0 VaR) 방식으로 산출하고 있습니다.\n3) 관리방법가. 당사는 듀레이션 갭 방식으로 산출한 금리리스크량과 확률론적 시나리오를 적용한 금리리스크량을 분기 단위로 산출하여 위험관리위원회에 보고하고 있습니다. 특히, 듀레이션 갭 방식으로 산출한 금리리스크량에 대해서는 허용한도를 설정하여 추가적인 관리를 하고 있습니다.\n나. 당사는 채권 자산에 대한 목표 듀레이션을 설정하여 장기 국고채 등 중장기 안전자산 편입을 확대하고, 금리연동형 상품 판매 비중 관리 등을 통해 자산과 부채의 듀레이션 미스 매치를 축소하기 위해 노력하고 있습니다.\n다. 당사는 보험부채의 현금흐름 속성을 반영한 ALM투자전략을 통하여 중장기 목표포트폴리오를 설정하고, 보험상품에 적용하는 금리에 대해 시장금리 등을 반영한 가이드라인을 설정하고 있습니다.라. ALM투자전략 및 공시기준이율의 설정은 위험관리위원회를 통해 결정되며, 적용이율(연동형 상품의 최저보증이율 포함) 및 공시이율 가이드라인은 위험관리협의회의 심의를 거친 후 담당 본부장 전결로 결정됩니다.마. 설정된 가이드라인에 따라 적용이율(연동형 상품의 최저보증이율 포함)은 상품개발협의회, 공시이율은 공시이율협의회의 심의를 거친 후 담당본부장 전결로 결정하고 있습니다.\n4) 최저보증이율별 금리연동형 부채 현황당기말과 전기말 현재 위험기준자기자본(RBC)제도에 의한 금리연동형 부채의 최저보증이율 수준별 익스포져 현황은 다음과 같습니다(단위: 백만원).가. 당기말\n구 \xa0 분\n0% 이하(*1)\n0% 초과~2% 이하\n2% 초과~3% 이하\n3% 초과~4% 이하\n4% 초과\n합 \xa0 계\n금리연동형부채(*2)\n155,919\n13,003,383\n12,007,322\n10,071,898\n2,682,701\n37,921,223\n나. 전기말\n구 \xa0 분\n0% 이하(*1)\n0% 초과~2% 이하\n2% 초과~3% 이하\n3% 초과~4% 이하\n4% 초과\n합 \xa0 계\n금리연동형부채(*2)\n164,126\n10,299,265\n12,934,112\n9,632,262\n2,584,164\n35,613,929\n(*1) 최저보증옵션이 없는 적립금은 \'0% 이하\'로 분류하여 표시하였습니다.(*2) 금리연동형과 금리확정형의 형태를 복합적으로 가지고 있는 부채의 경우는 작성시점을 기준으로 판단하였습니다.\n(4) 신용위험관리\n1) 개념신용리스크란 거래상대방의 채무불이행이나, 신용등급 하락 등으로 인하여 손실이 발생할 위험을 의미합니다.2) 측정방법신용리스크의 측정은 표준방법 및 내부모형을 동시에 사용하고 있습니다. 표준방법 \xa0(보험업감독규정 제7-2조 제4항)은 금융감독원 위험기준자기자본(RBC)제도에 따라신용위험액을 산출하고 있으며, 내부모형의 경우 MSCI사가 제공하는 신용리스크 측정엔진인 Credit Manager (Credit Metrics 측정방법)를 통하여 포트폴리오 신용리스크를 산출하고 있습니다. Credit Manager는 전세계 250여 Client가 사용하고 있으며, JP Morgan, Moody\'s, S&P, KMV, Royal Bank of Canada 등 20여개 글로벌 기업에서 리스크 산출을 위해 사용되고 있는 방법입니다.3) 관리방법가. 허용한도를 통한 관리당사는 차주, 투자상품의 부도 및 등급하락의 변화에 당사 보유 포트폴리오에 최대로발생할 수 있는 미예상 손실액(99% 신뢰수준 하)인 VaR를 월별로 산출하여 한도를 부여하여 최대 미예상 손실액이 당사 가용자본을 넘지 않도록 관리하고 있습니다.\n나. 개별 차주 및 투자상품에 대한 개별 심사를 통한 관리당사는 자산 운용 시 개별 차주 및 투자상품에 대하여 관련업무 부서에서 정밀 분석을 통한 자체심사를 실시하고 있으며, 이 결과를 바탕으로 투자 가능한 차주 및 투자상품에 대하여 투자를 실시하고 있습니다.\n다. 분산투자 및 운용한도를 통한 관리당사는 투자 시 발생할 수 있는 집중도 리스크를 방지하기 위하여 산업별, 그룹별, 차주별, 상품별 한도 등을 설정하여 관리하고 있으며, 위험도가 높다고 판단되는 저등급 자산에 대한 한도관리를 하고 있습니다.라. 고위험자산에 대한 중첩적 관리고위험자산(파생상품 및 대체투자)은 신규 투자 시 관련업무 부서의 리스크분석 실시, 심사담당 관련부서의 원리금상환능력 분석을 실시하는 등 저위험 자산에 비해 보다 강도 높은 분석을 실시하고 있습니다.\n4) 신용리스크 최대노출정도당기말과 전기말 현재 신용위험에 노출된 금융자산의 최대노출정도는 다음과 같습니다(단위: 백만원).\n구 \xa0 분\n당기말\n전기말\n 현금성자산\n1,412,187\n301,757\n 예치금\n2,038\n115,496\n 매도가능유가증권\n18,030,697\n19,981,414\n 만기보유유가증권\n33,614,053\n31,447,380\n 대출채권\n20,554,538\n19,320,385\n 기타금융자산\n874,772\n894,570\n 파생상품자산\n331,536\n1,136,524\n합 \xa0 계\n74,819,821\n73,197,526\n5) 신용등급별 익스포져 현황당기말과 전기말 현재 당사가 보유한 채무증권 및 대출채권의 신용등급별 익스포져 현황은 다음과 같습니다(단위: 백만원).가. 채무증권\n① 당기말\n구 \xa0 분\n무위험\nAAA\nAA+~AA-\nA+~BBB-\nBBB- 미만\n기타\n합 \xa0 계\n 국공채\n12,052,172\n-\n-\n-\n-\n-\n12,052,172\n 특수채\n5,201,954\n7,510,469\n93,490\n-\n-\n-\n12,805,913\n 금융채\n-\n170,376\n608,636\n-\n-\n-\n779,012\n 회사채\n-\n1,677,636\n1,385,449\n40,514\n-\n-\n3,103,599\n 외화유가증권\n7,135,263\n10,031,639\n4,736,020\n1,001,132\n -\n-\n22,904,054\n합 \xa0 계\n24,389,389\n19,390,120\n6,823,595\n1,041,646\n-\n-\n51,644,750\n② 전기말\n구 \xa0 분\n무위험\nAAA\nAA+~AA-\nA+~BBB-\nBBB- 미만\n기타\n합 \xa0 계\n 국공채\n11,745,432\n-\n-\n-\n-\n-\n11,745,432\n 특수채\n6,046,266\n8,464,226\n70,737\n-\n-\n-\n14,581,229\n 금융채\n-\n387,933\n765,812\n-\n-\n-\n1,153,745\n 회사채\n-\n2,090,522\n2,197,944\n341,800\n-\n-\n4,630,266\n 외화유가증권\n6,162,905\n7,665,501\n4,696,623\n793,093\n-\n-\n19,318,122\n합 \xa0 계\n23,954,603\n18,608,182\n7,731,116\n1,134,893\n-\n-\n51,428,794\n나. 대출채권\n① 당기말\n구 \xa0 분(*)\n무위험\nAAA\nAA+~AA-\nA+~BBB-\nBBB- 미만\n무등급\n기타\n합 \xa0 계\n 콜론,신용대출,어음할인대출 지급보증대출\n2,250,414\n81,908\n270,687\n112,445\n-\n2,933,418\n1,845,416\n7,494,288\n 부동산담보대출\n-\n225,073\n-\n-\n-\n842,037\n5,082,489\n6,149,599\n 보험약관대출\n-\n-\n-\n-\n-\n-\n6,357,746\n6,357,746\n 기타대출\n185,750\n100,000\n70,000\n50,000\n-\n130,000\n52,288\n588,038\n합 \xa0 계\n2,436,164\n406,981\n340,687\n162,445\n-\n3,905,455\n13,337,939\n20,589,671\n(*) 대출채권 원금을 기준으로 분류하였습니다.② 전기말\n구 \xa0 분(*)\n무위험\nAAA\nAA+~AA-\nA+~BBB-\nBBB- 미만\n무등급\n기타\n합 \xa0 계\n 콜론,신용대출,어음할인대출 지급보증대출\n2,302,388\n-\n91,500\n116,628\n-\n2,830,521\n1,849,625\n7,190,662\n 유가증권담보대출\n-\n-\n-\n-\n-\n-\n-\n-\n 부동산담보대출\n-\n-\n-\n-\n-\n1,959,349\n3,508,572\n5,467,921\n 보험약관대출\n-\n-\n-\n-\n-\n-\n6,105,383\n6,105,383\n 기타대출\n156,985\n100,000\n132,071\n50,000\n-\n160,000\n1,219\n600,275\n합 \xa0 계\n2,459,373\n100,000\n223,571\n166,628\n-\n4,949,870\n11,464,799\n19,364,241\n(*) 대출채권 원금을 기준으로 분류하였습니다.\n6) 산업별 편중도당기말 및 전기말 현재 당사가 보유한 채무증권 및 대출채권의 산업별 편중도 현황은다음과 같습니다(단위: 백만원).\r\n가. 당기말\n구 \xa0 분\n국가 및 공공기관(국공채,지방채)\n금융 및 보험업\n전기,가스,증기및 수도업\n건설업\n부동산업 및임대업\n기타\n합 \xa0 계\n 채무증권\n17,843,265\n13,912,687\n4,790,041\n2,252,762\n1,599,209\n11,246,786\n51,644,750\n 대출채권(*)\n-\n2,164,799\n862,278\n100,756\n3,239,574\n14,222,264\n20,589,671\n합 \xa0 계\n17,843,265\n16,077,486\n5,652,319\n2,353,518\n4,838,783\n25,469,050\n72,234,421\n(*) 대출채권 원금을 기준으로 분류하였습니다.나. 전기말\n구 \xa0 분\n국가 및 공공기관(국공채,지방채)\n금융 및 보험업\n전기,가스,증기및 수도업\n건설업\n부동산업 및임대업\n기타\n합 \xa0 계\n 채무증권\n16,356,642\n14,290,878\n5,707,187\n2,089,251\n1,432,155\n11,552,681\n51,428,794\n 대출채권(*)\n-\n1,822,544\n548,041\n857,816\n2,270,011\n13,865,829\n19,364,241\n합 \xa0 계\n16,356,642\n16,113,422\n6,255,228\n2,947,067\n3,702,166\n25,418,510\n70,793,035\n(*) 대출채권 원금을 기준으로 분류하였습니다.(5) 시장위험관리1) 개념시장리스크란 금융시장에서 금리, 주가 및 환율 등의 불리한 가격변동으로 인하여 손실이 발생하는 위험을 의미합니다.2) 측정방법시장리스크의 측정은 표준방법 및 내부모형을 동시에 사용하고 있습니다.표준방법(보험업감독규정 제7-2조 제5항)은 금융감독원 위험기준자기자본제도에 따라 일반시장위험과 변액연금보험의 보증위험 모두 위험계수를 이용하여 위험액을 측정하고 있습니다. 내부모형은 MSCI사가 제공하는 시장리스크 측정엔진의 Risk Manager를 통하여 산출하고 있습니다.\n3) 관리방법가. VaR 허용한도주가, 금리, 환율 변화에 따라 지배기업 보유 포트폴리오에 발생할 수 있는 최대 미예상손실액(99% 신뢰수준 하)인 VaR를 일별로 산출하며, 이에 한도를 부여함으로써 최대 미예상손실액(VaR)이 지배기업 가용자본을 넘지 않도록 관리하고 있습니다.\n나. 손실한도트레이딩성 자산 및 고위험 자산에 대해 손실한도를 설정하여 손실이 일정 수준을 넘어서면 매각을 통해 추가 손실을 방지하고, 손실이 정해진 범위를 넘지 않도록 관리하고 있습니다.다. 운용한도상품군별로 투자 가능한 범위인 운용한도를 설정하여 특정 상품군에 투자가 집중되는 것을 방지하고 있습니다.\n4) 시장위험 대상별 익스포져 현황위험기준자기자본(RBC)제도상의 시장위험은 일반시장위험대상 익스포져와 변액연금보험의 보증위험대상 익스포져로 구분하고 있습니다. 일반시장위험대상 익스포져는 금융시장에서 금리, 주가 및 환율 등의 불리한 가격변동으로 손익이 변동하는 단기매매금융자산 중 주식, 채권, 수익증권 등의 자산을 포함합니다. 변액연금보험의 보증위험대상 익스포져는 변액연금보험의 계약자적립금을 대상으로 합니다.\n5) 금리 등 위험요인에 대한 민감도 분석당사는 역사적 시나리오 및 사용자 지정 시나리오 등 약 50개의 시나리오에 대해 일별, 주간, 월별, 분기별로 민감도 테스트를 시행하고 있습니다. 시나리오 테스트 결과에 따른 영향 정도를 분석이 용이하도록 환율, 금리, 주가를 기준으로 민감도 분석을 실시한 결과는 다음과 같습니다(단위: 백만원).\n구 \xa0 분\n변동요인\n손익영향(*2)\n자본영향(*2)\n 환율(*1)\n 원/달러 환율 100원 증가\n62,401\n5,857\n 원/달러 환율 100원 감소\n(62,401)\n(5,857)\n 이자율\n 금리 100bp의 증가\n(2,323)\n(715,681)\n 금리 100bp의 감소\n2,352\n860,534\n 주가\n 주가지수 10%의 증가\n63\n132,137\n 주가지수 10%의 감소\n(63)\n(132,137)\n(*1) 환율변동에 따른 민감도는 외화자산부채 및 파생상품의 변동에 따른 손익과 자본에 미치는 영향이 포함되어 있습니다.(*2) 당사 보유 자산 중 당기손익인식금융자산 및 매매목적 파생상품의 경우에는 손익영향으로, 매도가능금융자산의 경우에는 자본영향으로 구분하여 작성하였습니다.\n(6) 유동성위험관리1) 개념유동성리스크란 \xa0자산과 \xa0부채의 \xa0만기구조 \xa0불일치나 \xa0급격한 \xa0현금흐름의 변동으로 유동성 자금의 과부족이 발생하여 예상치 못한 손실이 발생할 위험을 의미합니다.2) 관리방법당사는 월별 보험의 현금흐름계획을 고려한 유동성자산의 관리와 더불어 일별 자금흐름의 예측 및 관리에도 만전을 기하고 있습니다.\n3) 당기말 및 전기말 현재 해당기간의 잔여 만기별 부채 내역은 다음과 같습니다(단위: 백만원).\n가. 당기말\n구 \xa0 분\n1년 미만\n1년 이상~ 5년 미만\n5년 이상~ 10년 미만\n10년 이상\n합 \xa0 계\n 기타금융부채\n537,268\n-\n-\n-\n537,268\n 파생상품부채\n173,335\n106,788\n-\n527\n280,650\n합 \xa0 계\n710,603\n106,788\n-\n527\n817,918\n나. 전기말 \n구 \xa0 분\n1년 미만\n1년 이상~ 5년 미만\n5년 이상~ 10년 미만\n10년 이상\n합 계\n 기타금융부채\n575,123\n-\n-\n-\n575,123\n 파생상품부채\n2,720\n7,776\n-\n-\n10,496\n합 \xa0 계\n577,843\n7,776\n-\n-\n585,619\n(7) 운영위험관리1) 개념운영리스크는 부적절한 내부절차, 인력, 시스템 또는 외부사건, 평판 및 법률규제 등으로 인해 발생할 수 있는 재무적 손실과 비재무적 손실 가능성을 의미합니다. 운영리스크 관리는 내부통제의 취약점을 파악, 체계의 보완을 통해 당사의 안전성과 건전성을 제고하는 역할을 수행합니다.\n2) 관리방법당사는 운영리스크를 사건 유형별(내외부 사취, 사업장 안전, 고객 및 상품영업실무, 물적자원손실, 업무마비와 시스템장애, 처리절차 관리 등), 발생 원인별, 업무 유형별로 분류하여 손실데이터를 축적하고 있으며, 이를 기초로 Op-VaR 를 측정하여 리스크관리위원회에 보고하고 있습니다. 또한 부적격계약지수, 불완전판매 반송률, 납입최고 및 해지 관련 반송률, 대내민원건수, 내부통제 위반건수, 불완전판매율, 신규 소송건수, 비우호기사 발생건수 등 KRI(핵심위험지표)를 설정하여 모니터링하고 있으며, 이를 매분기 위험관리위원회에 보고하고 있습니다.\n42. 부문별정보당사는 보험업이 주사업목적인 단일 영업부문으로 구성되어 있으며, 한국채택국제회계기준 제1108호 \'영업부문\'에 따라 영업부문과 관련된 공시사항을 연결재무제표에 공시하고 있습니다.\n6. 기타 재무에 관한 사항\n가. 재무제표 재작성 등 유의사항(1) (연결)재무제표를 재작성한 경우 재작성사유, 내용 및 (연결)재무제표에 미치는 영향 : 해당사항 없음나. 대손충당금 설정현황(1) 계정과목별 대손충당금 설정내역\n \xa0 (단위:백만원,%)\n구 분 \n계정과목 \n채권 총액 \n대손충당금 \n대손충당금 설정률\n 제70기 \n콜론\n \xa0 \xa0 \xa0 \xa0 \xa0 \xa0 \xa0 \xa0 - \n \xa0 \xa0 \xa0 \xa0 \xa0 \xa0 \xa0 - \n0.00\n보험약관대출금\n \xa0 \xa0 \xa07,326,592 \n \xa0 \xa0 \xa0 \xa0 \xa0 \xa0214 \n0.00\n유가증권담보대출금\n \xa0 \xa0 \xa0 \xa0 \xa0 \xa0 \xa0 \xa0 - \n \xa0 \xa0 \xa0 \xa0 \xa0 \xa0 \xa0 - \n0.00\n부동산담보대출금\n \xa0 \xa0 \xa07,814,310 \n \xa0 \xa0 \xa0 \xa0 2,066 \n0.03\n신용대출금\n \xa0 \xa0 \xa07,862,316 \n \xa0 \xa0 \xa0 \xa071,044 \n0.90\n지급보증대출금\n \xa0 \xa0 \xa0 \xa0672,617 \n \xa0 \xa0 \xa0 \xa0 \xa0 \xa0 \xa0 - \n0.00\n기타대출금\n \xa0 \xa0 \xa03,284,637 \n \xa0 \xa0 \xa0 \xa018,171 \n0.55\n재보험자산\n \xa0 \xa0 \xa0 \xa0637,918 \n \xa0 \xa0 \xa0 \xa0 \xa0 \xa0 \xa0 - \n0.00\n보험미수금\n \xa0 \xa0 \xa0 \xa0421,598 \n \xa0 \xa0 \xa0 \xa0 4,759 \n1.13\n미수금\n \xa0 \xa0 \xa0 \xa0160,869 \n \xa0 \xa0 \xa0 \xa086,084 \n53.51\n미수수익\n \xa0 \xa0 \xa0 \xa0822,364 \n \xa0 \xa0 \xa0 \xa0 \xa0 \xa0824 \n0.10\n보증금\n \xa0 \xa0 \xa0 \xa0139,106 \n \xa0 \xa0 \xa0 \xa0 2,429 \n1.75\n매출채권\n \xa0 \xa0 \xa0 \xa0 \xa0 \xa04,603 \n \xa0 \xa0 \xa0 \xa0 \xa0 \xa0 10 \n0.22\n합 \xa0 계\n \xa0 \xa029,146,930 \n \xa0 \xa0 \xa0185,601 \n0.64\n제69기\n콜론 \n31,600\n-\n0.00\n보험약관대출금\n6,911,254\n175\n0.00\n유가증권담보대출금\n-\n-\n0.00\n부동산담보대출금 \n7,450,159\n975\n0.01\n신용대출금 \n7,306,670\n71,136\n0.97\n지급보증대출금 \n652,678\n-\n0.00\n기타대출금 \n3,127,303\n19,763\n0.63\n재보험자산\n580,074\n-\n0.00\n보험미수금 \n546,822\n8,932\n1.63\n미수금 \n194,523\n115,701\n59.48\n미수수익 \n721,370\n762\n0.11\n보증금\n139,356\n2,438\n1.75\n매출채권\n18,697\n109\n0.58\n합 \xa0 계 \n27,680,506\n219,991\n0.79\n제68기\n콜론 \n2,865\n-\n0.00\n보험약관대출금\n6,562,957\n154\n0.00\n유가증권담보대출금\n1,905\n-\n0.00\n부동산담보대출금 \n7,236,947\n1,716\n0.02\n신용대출금 \n7,102,250\n71,119\n1.00\n지급보증대출금 \n560,433\n-\n0.00\n기타대출금 \n2,967,613\n13,941\n0.47\n재보험자산\n521,869\n-\n0.00\n보험미수금 \n392,172\n9,649\n2.46\n미수금 \n186,407\n113,309\n60.79\n미수수익 \n661,127\n713\n0.11\n보증금\n140,471\n2,455\n1.75\n매출채권\n22,670\n109\n0.48\n합 \xa0 계 \n26,359,686\n213,165\n0.81\n주) 일반계정기준이며, 연결재무제표 기준입니다.\n(2) 최근 3사업연도의 대손충당금 변동현황\n \xa0 (단위:백만원)\n \xa0 \xa0 \xa0 \xa0 \xa0 \xa0구 \xa0 \xa0분\n제70기\n제69기\n제68기\n대출채권\n수취채권\n합 \xa0계\n대출채권\n수취채권\n합 \xa0계\n대출채권\n수취채권\n합 \xa0계\n기초잔액\n92,049\n127,942\n219,991\n86,930\n126,235\n213,165\n84,377\n112,325\n196,702\n(±)순전입액(환입액)\n28,934\n(374)\n28,560\n26,554\n2,869\n29,423\n43,387\n(1)\n43,386\n(-)제각 등\n(35,871)\n(35,598)\n(71,469)\n(32,795)\n(1,159)\n(33,954)\n(64,091)\n(279)\n(64,370)\n(-)기타\n6,383\n2,136\n8,519\n11,360\n(3)\n11,357\n23,257\n14,190\n37,447\n기말잔액\n91,495\n94,106\n185,601\n92,049\n127,942\n219,991\n86,930\n126,235\n213,165\n주) 일반계정기준이며, 연결재무제표 기준입니다.(3) 매출채권관련 대손충당금 설정방침연결실체는 매출채권 등에 대하여 개별분석 및 과거의 대손경험률을 토대로 회수가능성이없거나 회수가 의문시 되는 추산액을 대손충당금으로 계상하고 있습니다.(가) 대손경험률 및 대손추산액 산정근거- 대손경험률 : 과거 3개년 평균채권잔액에 대한 실제 대손 발생액을 근거로 대손 \xa0 \xa0 \xa0 \xa0 \xa0 \xa0 \xa0 \xa0 \xa0 \xa0 \xa0 \xa0 \xa0 \xa0경험률을 산정하여 설정.- 대손추산액 : 채무자의 파산, 강제집행, 사망, 실종등으로 회수가 불투명한 채권 \xa0 \xa0 \xa0 \xa0 \xa0 \xa0 \xa0 \xa0 \xa0 \xa0 \xa0 \xa0 \xa0 \xa0 의 경우 회수가능성, 담보설정여부등을 고려하여 채권잔액의 1%초 \xa0 \xa0 \xa0 \xa0 \xa0 \xa0 \xa0 \xa0 \xa0 \xa0 \xa0 \xa0 과~ 100% 범위에서 합리적인 대손 추산액 설정(나) 대손처리기준- 파산, 부도, 강제집행, 사업의 폐지, 채무자의 사망, 실종, 행방불명으로 인해 채권  \xa0 의 회수불능이 객관적으로 입증된 경우- 소송에 패소하였거나 법적 청구권이 소멸한 경우- 외부 채권회수 전문기관이 회수가 불가능하다고 통지한 경우- 담보설정 부실채권, 보험가입 채권은 담보물을 처분하거나 보험사로부터 보험금을 \xa0수령한 경우- 회수에 따른 비용이 채권금액을 초과하는 경우- 채권회수에 대한 분쟁이 3년 이상 \xa0지속된 경우(4) 경과기간별 매출채권 잔액 현황 \n \xa0 (단위:백만원)\n계정과목\n구 \xa0 \xa0분\n제70기\n제69기\n제68기\n매출채권\n채권원금\n4,603\n18,697\n22,670\n대손충당금\n(10)\n(109)\n(109)\n소 \xa0 \xa0계\n4,593\n18,588\n22,561\n다. 재고자산 현황 등 \n \xa0해당사항 없음라. 수주계약 현황 \xa0해당사항 없음마. 공정가치평가 내역(1) 금융상품의 공정가치와 그 평가방법(가) 분류당사는 금융상품을 그 취득 목적과 성격에 따라 당기손익인식금융자산과 당기손익인식금융부채, 대출채권 및 수취채권, 매도가능금융자산, 만기보유금융자산 및 상각후원가로 측정하는 기타금융부채 등으로 분류하고 있습니다. 경영진은 최초 인식시점에서 이러한 금융상품의 분류를 결정하고 있습니다.- 당기손익인식금융자산과 당기손익인식금융부채당기손익인식금융자산과 당기손익인식금융부채는 단기매매목적의 금융상품입니다.주로 단기간 내에 매각하거나 재매입할 목적으로 취득하거나 부담할 목적으로 취득한 금융자산과 금융부채를 당기손익인식금융자산과 당기손익인식금융부채로 분류합니다. 또한, 위험회피회계의 대상이 아닌 파생상품이나 복합금융상품에서 분리된 내재파생상품도 당기손익인식금융자산 또는 당기손익인식금융부채로 분류합니다.한편, 단기매매목적 이외의 금융자산에 하나 또는 그 이상의 내재파생상품을 포함하고 있고 기업회계기준서 제1039호 \'금융상품 : 인식과 측정\'에 따라 당기손익인식금융자산 지정이 허용되는 복합계약인 경우, 당기손익인식금융자산으로 지정할 수 있습니다.- 대출채권 및 수취채권\r\n대출채권 및 수취채권은 지급금액이 확정되었거나 확정될 수 있으며 활성시장에서 거래되지 않는 비파생금융자산입니다. - 만기보유금융자산 만기보유금융자산은 만기가 고정되었고 지급금액이 확정되었거나 확정될 수 있는 비파생금융자산으로서, 당사가 만기까지 보유할 적극적인 의도와 능력이 있는 경우의 금융자산입니다. 만약 당사가 중요한 금액 이상의 만기보유금융자산을 매각하는 경우 전체 분류는 훼손되어 매도가능금융자산으로 분류변경됩니다.\n- 매도가능금융자산\n매도가능금융자산은 매도가능금융자산으로 지정하거나, 다른 범주에 포함되지 않은 비파생금융상품입니다.- 상각후원가로 측정하는 금융부채\n당사는 당기손익인식금융부채, 금융보증계약, 금융자산의 양도가 제거조건을 충족하지 못하는 경우에 발생하는 금융부채를 제외한 모든 비파생금융부채를 상각후원가로측정하는 금융부채로 분류하고 있습니다. \n(나) 인식과 측정금융자산의 정형화된 매매거래는 매매일에 인식하고 있습니다. 당기손익인식금융자산을 제외한 모든 금융자산은 최초 인식시점의 공정가치에 거래원가를 가산하여 인식하고 있습니다. 당기손익인식금융자산의 경우에는 최초에 공정가치로 인식하고 거래원가는 연결포괄손익계산서에 당기 비용처리하고 있습니다. 당사는 금융자산으로부터 받을 현금흐름에 대한 권리가 소멸하거나 이전되고, 소유에 따른 위험과 보상의 대부분을 이전한 경우에 당해 금융자산을 제거하고 있습니다. 매도가능금융자산과 당기손익인식금융자산은 후속적으로 공정가치로 측정하고 있습니다. 대출채권 및 수취채권과 만기보유금융자산은 유효이자율법을 적용하여 상각후원가로 측정하고 있습니다.\n당기손익인식금융자산의 공정가치 변동에 따른 손익은 이자수익을 포함하고 있으며 발생기간에 연결포괄손익계산서상 당기손익인식금융자산관련손익으로 표시됩니다.당기손익인식금융자산의 배당수익은 당사가 배당금에 대한 권리가 확정되는 시점에 연결포괄손익계산서에 배당금수익의 일부로 인식하고 있습니다.\n매도가능금융자산을 처분하거나 손상차손을 인식하는 때, 자본에 인식된 누적 공정가치 조정 금액은 매도가능금융자산관련손익으로 연결포괄손익계산서에 표시하고 있습니다. 유효이자율법을 적용하여 계산한 매도가능금융자산 및 만기보유금융자산의 이자는 이자수익의 일부로 연결포괄손익계산서에 인식되며, 매도가능금융자산의 배당금은 당사의 배당금 수취 권리가 확정되는 시점에 배당금수익의 일부로 인식하고 있습니다.\n(다) 상계금융자산과 금융부채는 인식한 자산과 부채에 대해 법적으로 집행가능한 상계 권리를 현재 보유하고 있고 순액으로 결제하거나 자산을 실현하는 동시에 부채를 결제할 의도를 가지고 있는 경우 상계하고 연결재무상태표에 순액으로 표시됩니다.(라) 금융자산의 손상- 상각후원가로 측정하는 자산당사는 금융자산 또는 금융자산집합의 손상 발생에 대한 객관적인 증거가 있는지를 매 보고기간 말에 평가합니다. 금융자산 또는 금융자산의 집합은 최초인식 후 하나 이상의 사건(""손상사건"")이 발생한 결과 손상되었다는 객관적인 증거가 있으며 손상사건이 신뢰성 있게 추정할 수 있는 금융자산의 추정 미래현금흐름에 영향을 미친 경우에는 손상차손을 인식하고 있습니다.\n당사가 금융자산이 손상되었다는 객관적인 증거를 판단하는데 적용하는 기준은 다음을 포함합니다.\nㆍ금융자산의 발행자나 지급의무자의 유의적인 재무적 어려움\nㆍ 이자지급이나 원금상환의 불이행이나 지연 등의 계약 위반\nㆍ 차입자의 재무적 어려움에 관련된 경제적 또는 법률적 이유로 인한 당초 차입조건 \xa0 \xa0의 불가피한 완화\nㆍ 차입자의 파산이나 기타 재무구조조정의 가능성이 높은 상태\nㆍ 재무적 어려움으로 당해 금융자산에 대한 활성시장의 소멸\nㆍ 금융자산의 집합에 포함된 개별 금융자산의 추정미래현금흐름의 감소를 식별할 \xa0 \xa0 \xa0수는 없지만, 최초 인식 후 당해 금융자산 집합의 추정미래현금흐름에 측정가능한 \xa0 \xa0감소가 있다는 것을 시사하는 관측가능한 자료\n손상차손은 당해 자산의 장부금액과 최초의 유효이자율로 할인한 추정미래현금흐름의 현재가치의 차이로 측정합니다(아직 발생하지 아니한 미래의 대손은 제외함). 손상차손은 당해 자산의 장부금액에서 차감하고 당기손익으로 인식합니다. 당사는 관측가능한 시장가격을 사용한 금융상품의 공정가치에 근거하여 손상차손을 측정할 수있습니다. 대출채권 및 기타수취채권의 손상차손은 대손충당금계정을 사용하여 차감하고, 동 금융자산이 회수불가능하다고 판단되는 경우 대손충당금에서 상각합니다.\n후속기간 중 손상차손의 금액이 감소하고 그 감소가 손상을 인식한 후에 발생한 사건과 객관적으로 관련된 경우(예: 채무자의 신용등급 향상)에는 이미 인식한 손상차손을 직접 환입하여 당기손익으로 인식하고 있습니다.\n- 매도가능금융자산당사는 금융자산 또는 금융자산의 집합의 손상 발생에 대한 객관적인 증거가 있는지를 매 보고기간 말에 평가합니다. 채무상품의 경우 상기 (1)에서 언급한 기준에 근거한 회계처리를 합니다. 매도가능금융자산으로 분류한 지분상품의 경우, 그 공정가치가 원가 이하로 유의적 또는 지속적으로 하락하는 경우는 손상이 발생하였다는 객관적인 증거가 됩니다. 매도가능금융자산에 대해 손상발생의 객관적인 증거가 있는 경우, 취득원가와 현재 공정가치의 차이를 기타포괄손익으로 인식한 누적손실 중 이전 기간에 이미 당기손익으로 인식한 손상차손을 제외한 부분을 자본에서 재분류조정하여 당기손익으로 인식합니다. 매도가능지분상품에 대하여 당기손익으로 인식한 손상차손은 향후 당기손익으로 환입하지 아니합니다. 매도가능채무상품의 공정가치가 증가하고 그 증가가 손상차손을 인식한 사건과 객관적으로 관련된 경우에는 환입하여 당기손익으로 인식합니다.(마) 제거당사는 금융자산을 양도한 경우라도 채무자의 채무불이행시의 소구권 등으로 양도한금융자산의 소유에 따른 위험과 보상의 대부분을 당사가 보유하는 경우에는 이를 제거하지 않고 그 양도자산 전체를 계속하여 인식하되, 수취한 대가를 금융부채로인식하고 있습니다. 해당 금융부채는 재무상태표에 ""차입금""으로 분류됩니다.(바) 파생상품파생상품은 파생상품계약 체결시점에 공정가치로 최초 인식하며 이후 공정가치를 재측정하고 있습니다. 관련 손익의 인식방법은 파생상품이 위험회피수단으로 지정되었는지 여부 및 위험회피대상의 성격에 따라 달라집니다. 당기손익인식금융상품에 해당하는 파생상품 관련 손익은 ""파생상품평가 및 거래손익""으로 당기손익으로 인식하고 있습니다.당사는 특정 파생상품을 아래와 같이 지정하고 있습니다.- 공정가치 위험회피 : 인식된 자산, 부채 또는 확정계약의 공정가치에 대한 위험회피- 현금흐름 위험회피 : 인식된 자산, 부채 또는 발생가능성이 매우 높은 예상거래와연관된 특정 위험에 대한 위험회피 당사는 거래 개시시점에 위험회피수단과 위험회피대상의 관계, 위험관리목적 및 다양한 위험회피거래전략에 대하여 문서화하고 있으며, 또한 위험회피거래에 사용된 파생상품이 위험회피대상의 공정가치 또는 현금흐름의 변동을 상쇄시키는데 매우 효과적인지를 위험회피 개시시점과 이후 지속적으로 평가하여 문서화하고 있습니다.위험회피목적으로 사용하는 다양한 파생상품의 공정가치는 주석11에서 공시하고 있으며, 기타포괄손익에 인식한 위험회피평가손익의 변동은 주석11에서 표시하고 있습니다.\n- 공정가치 위험회피 공정가치 위험회피로 지정되었고 적용요건을 충족하는 파생상품의 공정가치 변동은 회피대상위험으로 인한 위험회피대상자산(부채)의 공정가치 변동과 함께 당기손익으로 인식하고 있습니다. 위험회피회계의 적용요건을 더 이상 충족하지 못한다면 위험회피대상의 장부금액 조정분을 유효이자율법을 사용하여 만기까지 상각하여 손익으로 인식하고 있습니다.\n- 현금흐름 위험회피 현금흐름 위험회피로 지정되어 적용요건을 충족하는 파생상품의 공정가치 변동 중 효과적인 부분은 기타포괄손익으로 인식하고, 비효과적인 부분은 당기손익으로 즉시포괄손익계산서에 인식하고 있습니다.자본에 누적된 금액은 위험회피대상이 손익에 영향을 미치는 기간(예를 들어, 위험회피대상인 예상수익이 발생한 시점)에 포괄손익계산서에 인식하고 있습니다. 한편, 위험회피대상인 예상거래에 따라 비금융자산을 인식하게 되는 경우 이전 기간에 자본으로 이연한 손익은 자본에서 제거하고 관련 자산의 최초 원가에 포함하고 있습니다. 위험회피수단이 소멸하거나 매각된 경우 또는 위험회피회계의 적용요건을 더 이상 충족하지 못하는 경우, 자본으로 인식한 누적평가손익은 자본에 인식하였다가 예상거래가 포괄손익계산서에 인식될 때 당기손익으로 인식하고 있습니다. 예상거래가 더 이상 발생하지 않을 것으로 기대되는 경우에는 자본으로 인식한 누적손익을 즉시 당기손익으로 인식하고 있습니다.\n(사) 공정가치 서열체계공정가치로 측정되거나 공정가치가 공시되는 금융상품을 공정가치 서열체계에 따라 구분하며 정의된 수준은 다음과 같습니다.\n구 \xa0 분\n투입변수의 유의성\n수준 1\n동일한 자산이나 부채에 대한 활성시장의 공시가격\n수준 2\n직접적으로 또는 간접적으로 관측가능한, 자산이나 부채에 대한 투입변수 \xa0단, 수준 1에 포함된 공시가격은 제외함\n수준 3\n관측가능한 시장자료에 기초하지 않은, 자산이나 부채에 대한 투입변수\n활성시장에서 거래되는 자산 및 부채의 공정가치는 보고기간말 현재 고시되는 시장가격에 기초하여 산정됩니다. 거래소, 판매자, 중개인, 산업집단, 평가기관 또는 감독기관을 통해 공시가격이 용이하게 그리고 정기적으로 이용가능하고, 그러한 가격이 독립된 당사자 사이에서 정기적으로 발생한 실제 시장거래를 나타낸다면, 이를 활성시장으로 간주하며, 이러한 자산 및 부채들은 수준 1에 포함됩니다. 활성시장에서 거래되지 아니하는 자산 및 부채의 공정가치는 평가기법을 사용하여 결정하고 있습니다. 이러한 평가기법은 가능한 한 관측가능한 시장정보를 최대한 사용하고 기업특유정보를 최소한으로 사용합니다. 이 때, 해당 자산 및 부채의 공정가치측정에 요구되는 모든 유의적인 투입변수가 관측가능하다면 해당 자산 및 부채는 수준 2에 포함됩니다.\n만약 하나 이상의 유의적인 투입변수가 관측가능한 시장정보에 기초한 것이 아니라면 해당 자산 및 부채는 수준 3에 포함됩니다. \n활성시장에서 거래되지 않는 금융상품의 공정가치는 평가기법을 사용하여 결정하고 있습니다. 회사는 보고기간말 현재 주요한 시장상황에 기초하여, 다양한 평가기법의 선택 및 가정에 대한 판단을 하고 있습니다.\n금융상품의 공정가치를 측정하는 데에 사용되는 평가기법은 다음과 같습니다.\n구 \xa0 분\n공정가치 측정방법\n유가증권\n상장주식 등 활성시장에서 거래되는 유가증권의 경우 공시되는 가격을 사용하고 있으며, 공시가격이 없는 경우 외부전문평가기관에 의해 산출된 공정가치를 사용하고 있습니다. 외부전문평가기관은 DCF모형(Discounted Cash Flow Model), IMV모형(Imputed Market Value Model), FCFE(Free Cash Flow to Equity Model), 배당할인모형, 위험조정할인율법, 순자산가치법 중평가대상의 특성을 고려하여 적합하다고 판단된 1개 이상의 평가방법을 사용하여 공정가치를 산정하고 있습니다.\n대출채권\n대출채권의 경우 DCF모형을 사용하여 공정가치를 산출하고 있습니다. DCF모형 적용시 계약조건에 따라 산출한 계약현금흐름에 중도상환위험을 반영한 조기상환율을 적용하여 기대현금흐름을 적용한 후 각 구간에 대응하는 적절한 할인율로 할인하여 공정가치를 산출합니다. 대출채권 중 결산일기준 잔존 만기가 3개월 이하이거나, 변동금리상품 중 금리변경주기가 3개월 이하인 상품은 장부금액을 공정가치로 간주합니다.\n파생상품\n장내파생상품의 경우 활성시장에서 거래될 경우 공시되는 가격을 사용하며, 장외파생상품의 경우 평가기법을 사용하여 측정한 공정가치를 사용하고 있습니다. 시장에서 관측 가능한 투입 변수에 기초한 옵션, 이자율스왑,통화스왑 등과 같은 보편적인 장외파생상품의 공정가치 결정에는 시장참여자가 일반적으로 사용하는 평가기법을 이용한 자체 평가모형을 사용합니다. 그러나 모델에 투입되는 일부 혹은 모든 변수들이 시장에서 관측 불가능하여 어떠한 가정에 기초한 평가기법에의해 공정가치를 측정해야 하는 일부 복잡한 금융상품의 경우 독립적인 외부전문평가기관의 평가결과를 사용하고 있습니다.\n당기말과 전기말 현재 재무상태표에서 공정가치로 후속 측정되는 금융상품의 공정가치를 공정가치 서열체계 수준별로 분류한 내역은 다음과 같습니다(단위:백만원).- 당기말\n구 \xa0 분\n금융상품\n수준 1\n수준 2\n수준 3\n합 \xa0 계\n금융자산\n 당기손익인식유가증권\n148,872\n2,354,230\n3,126,063\n5,629,165\n 매도가능유가증권\n4,416,644\n18,073,212\n5,597,368\n28,087,224\n 파생상품자산\n-\n377,183\n-\n377,183\n합 \xa0 계\n4,565,516\n20,804,625\n8,723,431\n34,093,572\n금융부채\n 파생상품부채\n-\n322,195\n-\n322,195\n- 전기말\n구 \xa0 분\n금융상품\n수준 1\n수준 2\n수준 3\n합 \xa0 계\n금융자산\n당기손익인식유가증권\n430\n1,358,882\n1,807,604\n3,166,916\n매도가능유가증권\n5,622,626\n20,706,196\n4,936,606\n31,265,428\n파생상품자산\n-\n1,313,852\n-\n1,313,852\n합 \xa0 계\n5,623,056\n23,378,930\n6,744,210\n35,746,196\n금융부채\n파생상품부채\n-\n26,557\n-\n26,557\n당기말과 전기말 현재 활성시장에서 공시되는 시장가격이 없고 공정가치를 신뢰성 있게 측정할 수 없어 원가로 측정한 지분상품은 각각 127,690백만원 및 62,062백만원입니다.당해 지분증권은 가치창출규모를 계량화하기 어려워 추정현금흐름의 편차가 유의적이고 다양한 추정치의 발생 확률을 신뢰성 있게 평가할 수 없는 등의 이유로 원가법으로 측정하였습니다. 또한, 당사는 동 지분증권 등에 대해서는 단기적으로 처분할 계획은 없으며, 투자대상 기업의 프로젝트 진행경과 등에 따라 공정가치를 신뢰성있게 측정할 수 있게 되는 때에 공정가치로 측정할 예정입니다.당기 중 수준 1과 수준 2 간의 유의적인 이동은 없으며, 당기 및 전기 중 수준 3의 변동내역은 다음과 같습니다(단위: 백만원).\n- 당기\n구 \xa0 분\n당기손익인식유가증권\n매도가능유가증권\n합 \xa0 계\n기초\n1,807,604\n4,936,606\n6,744,210\n취득\n1,850,384\n1,111,845\n2,962,229\n처분\n(550,474)\n(506,250)\n(1,056,724)\n평가\n8,991\n131,059\n140,050\n손상\n-\n(5,176)\n(5,176)\n대체\n9,558\n(70,716)\n(61,158)\n기말\n3,126,063\n5,597,368\n8,723,431\n- 전기\n구 \xa0 분\n당기손익인식유가증권\n매도가능유가증권\n합 \xa0 계\n기초\n1,280,375\n4,394,705\n5,675,080\n취득\n841,735\n1,063,265\n1,905,000\n처분\n(153,437)\n(467,083)\n(620,520)\n평가\n(161,069)\n52,250\n(108,819)\n손상\n-\n(107,831)\n(107,831)\n대체\n-\n1,300\n1,300\n기말\n1,807,604\n4,936,606\n6,744,210\n수준 3으로 분류된 금융상품 공정가치의 민감도 분석 결과금융상품의 민감도 분석은 관측 불가능한 투입변수의 변동이 금융상품의 가치 변동에 미치는 영향을 유리한 변동과 불리한 변동으로 구분하여 이루어집니다. 두 개 이상의 투입변수에 공정가치가 영향을 받는 경우에는 가장 유리하거나 또는 가장 불리한 상황을 가정하여 산출됩니다. 민감도 분석대상으로 수준 3으로 분류되는 금융상품 중 해당 공정가치 변동이 당기손익으로 인식되는 금융상품이 있고, 공정가치 변동이 당기손익 혹은 기타포괄손익으로 인식되는 지분증권 및 수익증권이 있습니다.각 금융상품별 투입변수의 변동에 따른 세전 손익효과에 대한 민감도 분석 결과는 아래와 같습니다(단위: 백만원).\n구 \xa0 분\n당 \xa0기\n전 \xa0기\n당기손익으로 인식\n기타포괄손익으로 인식\n당기손익으로 인식\n기타포괄손익으로 인식\n유리한 변동\n불리한 변동\n유리한 변동\n불리한 변동\n유리한 변동\n불리한 변동\n유리한 변동\n불리한 변동\n 당기손익인식금융자산(*1)\n31,261\n(31,261)\n-\n-\n18,076\n(18,076)\n-\n-\n 매도가능금융자산(*1),(*2)\n-\n-\n57,562\n(56,948)\n-\n-\n49,909\n(49,572)\n(*1) 수익증권 및 기타유가증권은 주요 관측불가능한 변수인 신탁재산 또는 부동산의 가격변동 등을 1% 만큼 증가 또는 감소시킴으로써 공정가치 변동을 산출하고 있습니다.(*2) 지분증권은 주요 관측불가능한 투입변수인 성장률(0~1%)과 할인율 또는 청산가치(-1~1%)와 할인율을 증가 또는 감소시킴으로써 공정가치 변동을 산출하고 있습니다.당기말과 전기말 현재 공정가치로 후속측정되지 않는 금융자산 및 부채의 내역은 다음과 같습니다(단위: 백만원).\r\n구 \xa0 분\n금융상품\n당기말\n전기말\n장부금액\n공정가치\n장부금액\n공정가치\n금융자산\n현금및현금성자산\n1,838,710\n(*)\n582,203\n(*)\n예치금\n792,175\n(*)\n640,408\n(*)\n만기보유유가증권\n36,741,795\n36,992,416\n31,529,786\n31,120,157\n대출채권\n26,915,013\n27,010,479\n25,426,145\n25,420,490\n기타금융자산\n1,452,151\n(*)\n1,490,621\n(*)\n금융부채\n기타금융부채\n2,002,451\n(*)\n1,631,828\n(*)\n(*) 대부분 단기성으로 장부금액이 공정가치의 합리적인 근사치인 금액은 공정가치공시에서 제외했습니다.당기말과 전기말 현재 공정가치를 공시하는 금융상품의 공정가치 서열체계는 다음과같습니다(단위: 백만원).\n- 당기말\n구 \xa0 분\n수준 1\n수준 2\n수준 3\n합 \xa0 계\n금융자산\n \xa0 만기보유유가증권\n13,602,202\n23,390,214\n-\n36,992,416\n \xa0 대출채권\n-\n-\n27,010,479\n27,010,479\n- 전기말\n구 \xa0 분\n수준 1\n수준 2\n수준 3\n합 \xa0 계\n금융자산\n \xa0 만기보유유가증권\n11,224,137\n19,896,020\n-\n31,120,157\n \xa0 대출채권\n-\n-\n25,420,490\n25,420,490\n장부금액을 공정가치의 합리적인 근사치로 보아 장부금액을 공정가치로 공시한 항목과 관련한 공정가치 서열체계는 공시하지 않습니다.당기말과 전기말 현재 공정가치 서열체계에서 수준 2와 수준 3으로 분류되는 반복적인 공정가치측정치, 비반복적인 공정가치측정치, 공시되는 공정가치에 대해 다음의 가치평가기법과 투입변수를 사용하고 있습니다(단위: 백만원).\n- 당기말\n구 \xa0 분\n공정가치\n수준\n가치평가기법\n주요 투입변수\n비관측투입변수추정범위(%)\n 금융자산\n \xa0 당기손익인식유가증권\n2,354,230\n2\n할인된현금흐름법\n할인율\n-\n3,126,063\n3\n할인된현금흐름법 등\n할인율\n-\n \xa0 매도가능유가증권\n18,073,212\n2\n할인된현금흐름법 등\n할인율\n-\n5,597,368\n3\n할인된현금흐름법/유사기업비교법/과거거래이용법/순자산가치법\n성장률\n0.00 ~ 1.00\n할인율\n3.18 ~ 11.61\n청산가치\n-\n \xa0만기보유유가증권(*)\n23,390,214\n2\n할인된현금흐름법\n할인율\n-\n \xa0 파생상품자산\n377,183 \n2\n할인된현금흐름법/내재선도금리산출법 등\n할인율\n-\n \xa0 대출채권(*)\n27,010,479 \n3\n할인된현금흐름법\n신용스프레드,조기상환율\n-\n 금융부채\n \xa0 파생상품부채\n322,195 \n2\n할인된현금흐름법/내재선도금리산출법 등\n할인율\n-\n(*) 장부금액은 상각후원가로 측정하고, 공정가치는 공시만 하는 금융자산의 경우에는 투입변수의 범위 공시를 생략하였습니다.\n- 전기말\n구 \xa0 분\n공정가치\n수준\n가치평가기법\n주요 투입변수\n비관측투입변수추정범위(%)\n 금융자산\n \xa0 당기손익인식유가증권\n1,358,882\n2\n할인된현금흐름법\n할인율\n-\n1,807,604\n3\n할인된현금흐름법 등\n할인율\n-\n \xa0 매도가능유가증권\n20,706,196\n2\n할인된현금흐름법 등\n할인율\n-\n4,936,606\n3\n할인된현금흐름법/유사기업비교법/과거거래이용법/순자산가치법\n성장률\n0.00 ~ 1.00\n할인율\n2.77 ~ 14.43\n청산가치\n-\n \xa0 만기보유유가증권(*)\n19,896,020\n2\n할인된현금흐름법\n할인율\n-\n \xa0 파생상품자산\n1,313,852\n2\n할인된현금흐름법/내재선도금리산출법 등\n할인율\n-\n \xa0 대출채권(*)\n25,420,490\n3\n할인된현금흐름법\n신용스프레드,조기상환율\n-\n 금융부채\n \xa0 파생상품부채\n26,557\n2\n할인된현금흐름법/내재선도금리산출법 등\n할인율\n-\n(*) 장부금액은 상각후원가로 측정하고, 공정가치는 공시만 하는 금융자산의 경우에는 투입변수의 범위 공시를 생략하였습니다.\n(아) 범주별 금융상품당기말과 전기말 현재 당사의 범주별 금융상품의 구성내역은 다음과 같습니다(단위: 백만원).[금융자산]- 당기말\n구 \xa0 분\n당기손익인식금융자산\n매도가능금융자산\n만기보유금융자산\n대여금 및수취채권\n위험회피목적파생금융자산\n합 \xa0 계\n현금및현금성자산\n-\n-\n-\n1,838,710\n-\n1,838,710\n예치금\n-\n-\n-\n792,175\n-\n792,175\n유가증권\n5,629,165\n28,214,914\n36,741,795\n-\n-\n70,585,874\n대출채권\n-\n-\n-\n26,915,013\n-\n26,915,013\n파생상품자산\n30,901\n-\n-\n-\n346,282\n377,183\n기타금융자산\n-\n-\n-\n1,452,151\n-\n1,452,151\n합 \xa0 계\n5,660,066\n28,214,914\n36,741,795\n30,998,049\n346,282\n101,961,106\n- 전기말\n구 \xa0 분\n당기손익인식금융자산\n매도가능금융자산\n만기보유금융자산\n대여금 및수취채권\n위험회피목적파생금융자산\n합 \xa0 계\n 현금및현금성자산\n-\n-\n-\n582,203\n-\n582,203\n 예치금\n-\n-\n-\n640,408\n-\n640,408\n 유가증권\n3,166,916\n31,327,490\n31,529,786\n\u3000-\n-\n66,024,192\n 대출채권\n-\n-\n-\n25,426,145\n-\n25,426,145\n 파생상품자산\n107,781\n-\n-\n-\n1,206,071\n1,313,852\n 기타금융자산\n-\n-\n-\n1,490,621\n-\n1,490,621\n합 \xa0 계\n3,274,697\n31,327,490\n31,529,786\n28,139,377\n1,206,071\n95,477,421\n[금융부채]- 당기말\n구 \xa0 분\n당기손익인식금융부채\n위험회피목적파생금융부채\n상각후 원가로측정되는 금융부채\n합 \xa0 계\n 파생상품부채\n16,864\n305,331\n-\n322,195\n 기타금융부채\n-\n-\n2,002,451\n2,002,451\n합 \xa0 계\n16,864\n305,331\n2,002,451\n2,324,646\n- 전기말\n구 \xa0 분\n당기손익인식금융부채\n위험회피목적파생금융부채\n상각후 원가로측정되는 금융부채\n합 \xa0 계\n파생상품부채\n14,357\n12,200\n-\n26,557\n기타금융부채\n-\n-\n1,631,828\n1,631,828\n합 \xa0 계\n14,357\n12,200\n1,631,828\n1,658,385\n(2) 유형자산의 공정가치와 그 평가방법당사가 보유 중인 토지에 대하여 전환일 현재의 공정가치를 측정하고 간주원가로 사용하였습니다. 연결실체는 전환일 현재 보유 중인 본사 건물 외 45건의 토지를 재평가(가람동국감정평가법인)하고 1,533,564백만원(과거회계기준에 따른 장부금액 876,499백만원)을 간주원가로 사용하였으며, 당기말 현재 640,581백만원의 재평가이익을 주주지분과 계약자지분으로 계상하였습니다.\n바. 채무증권 발행실적 등(1) 채무증권 발행실적\n채무증권 발행실적\n(기준일 : \n2018년 12월 31일\n)\n(단위 : 백만원, %)\n발행회사\n증권종류\n발행방법\n발행일자\n권면총액\n이자율\n평가등급(평가기관)\n만기일\n상환여부\n주관회사\n한화생명보험\n신종자본증권\n공모\n2018.04.23\n1,067,300\n4.700%\nA- (Fitch),A3 (Moody`s)\n2048년 04월 23일\n미상환\nJ.P. Morgan, Nomura, BofA Merrill Lynch,UBS, 한화투자증권\n한화손해보험\n신종자본증권\n사모\n2018.07.31\n190,000\n5.60%\nA+(NICE신용평가)\n2048.07.31\n미상환\n현대차증권/SK증권\n한화손해보험\n회사채\n공모\n2018.10.31\n350,000\n4.50%\nAA-(한국기업평가/NICE신용평가)\n2028.10.31\n미상환\nNH투자증권\n합 \xa0계\n-\n-\n-\n1,607,300\n-\n-\n-\n-\n-\n(2) 사채관리계약 주요내용 및 충족여부 등\n(작성기준일 : \n2018년 12월 31일\n)\n(단위 : 백만원, %)\n채권명\n발행일\n만기일\n발행액\n사채관리계약체결일\n사채관리회사\n한화생명보험신종자본증권1\n2017년 04월 13일\n2047년 04월 13일\n500,000\n2017년 04월 03일\n한국증권금융\n(이행현황기준일 : \n2018.06.30\n)\n재무비율 유지현황\n계약내용\n해당사항 없음\n이행현황\n해당사항 없음\n담보권설정 제한현황\n계약내용\n해당사항 없음\n이행현황\n해당사항 없음\n자산처분 제한현황\n계약내용\n해당사항 없음\n이행현황\n해당사항 없음\n지배구조변경 제한현황\n계약내용\n해당사항 없음\n이행현황\n해당사항 없음\n이행상황보고서 제출현황\n이행현황\n2018. 08. 24\n* 이행현황기준일은 이행현황 판단 시 적용한 회계감사인의 감사의견(확인 및 의견표시)이 표명된 가장 최근의 재무제표의 작성기준일이며, 지배구조변경 제한현황은 공시서류작성기준일임.\n(3) 채무증권 미상환잔액\n[한화생명보험(주) 별도]\n기업어음증권 미상환 잔액\n(기준일 : \n2018년 12월 31일\n)\n(단위 : 백만원)\n잔여만기\n10일 이하\n10일초과30일이하\n30일초과90일이하\n90일초과180일이하\n180일초과1년이하\n1년초과2년이하\n2년초과3년이하\n3년 초과\n합 계\n미상환 잔액\n공모\n-\n-\n-\n-\n-\n-\n-\n-\n-\n사모\n-\n-\n-\n-\n-\n-\n-\n-\n-\n합계\n-\n-\n-\n-\n-\n-\n-\n-\n-\n전자단기사채 미상환 잔액\n(기준일 : \n2018년 12월 31일\n)\n(단위 : 백만원)\n잔여만기\n10일 이하\n10일초과30일이하\n30일초과90일이하\n90일초과180일이하\n180일초과1년이하\n합 계\n발행 한도\n잔여 한도\n미상환 잔액\n공모\n-\n-\n-\n-\n-\n-\n-\n-\n사모\n-\n-\n-\n-\n-\n-\n-\n-\n합계\n-\n-\n-\n-\n-\n-\n-\n-\n회사채 미상환 잔액\n(기준일 : \n2018년 12월 31일\n)\n(단위 : 백만원)\n잔여만기\n1년 이하\n1년초과2년이하\n2년초과3년이하\n3년초과4년이하\n4년초과5년이하\n5년초과10년이하\n10년초과\n합 계\n미상환 잔액\n공모\n-\n-\n-\n-\n-\n-\n-\n-\n사모\n-\n-\n-\n-\n-\n-\n-\n-\n합계\n-\n-\n-\n-\n-\n-\n-\n-\n신종자본증권 미상환 잔액\n(기준일 : \n2018년 12월 31일\n)\n(단위 : 백만원)\n잔여만기\n1년 이하\n1년초과5년이하\n5년초과10년이하\n10년초과15년이하\n15년초과20년이하\n20년초과30년이하\n30년초과\n합 계\n미상환 잔액\n공모\n-\n-\n-\n-\n-\n1,567,300\n-\n1,567,300\n사모\n-\n-\n-\n-\n-\n-\n-\n-\n합계\n-\n-\n-\n-\n-\n1,567,300\n-\n1,567,300\n조건부자본증권 미상환 잔액\n(기준일 : \n2018년 12월 31일\n)\n(단위 : 백만원)\n잔여만기\n1년 이하\n1년초과2년이하\n2년초과3년이하\n3년초과4년이하\n4년초과5년이하\n5년초과10년이하\n10년초과20년이하\n20년초과30년이하\n30년초과\n합 계\n미상환 잔액\n공모\n-\n-\n-\n-\n-\n-\n-\n-\n-\n-\n사모\n-\n-\n-\n-\n-\n-\n-\n-\n-\n-\n합계\n-\n-\n-\n-\n-\n-\n-\n-\n-\n-\n[한화생명보험(주) 연결] \xa0 \xa0 \xa0 \xa0 \xa0 \xa0 \xa0 \xa0 \xa0 \xa0 \xa0 \xa0 \xa0 \xa0 \xa0 \xa0 \xa0 \xa0 \xa0 \xa0기업어음증권 미상환 잔액\n(기준일 : \n2018년 12월 31일\n)\n(단위 : 백만원)\n잔여만기\n10일 이하\n10일초과30일이하\n30일초과90일이하\n90일초과180일이하\n180일초과1년이하\n1년초과2년이하\n2년초과3년이하\n3년 초과\n합 계\n미상환 잔액\n공모\n-\n-\n-\n-\n-\n-\n-\n-\n-\n사모\n-\n-\n-\n-\n-\n-\n-\n-\n-\n합계\n-\n-\n-\n-\n-\n-\n-\n-\n-\n \xa0 \xa0 \xa0 \xa0 \xa0 \xa0 \xa0 \xa0 \xa0 \xa0 \xa0 \xa0 \xa0 \xa0 \xa0 \xa0 \xa0 \xa0 \xa0 \xa0 전자단기사채 미상환 잔액\n(기준일 : \n2018년 12월 31일\n)\n(단위 : 백만원)\n잔여만기\n10일 이하\n10일초과30일이하\n30일초과90일이하\n90일초과180일이하\n180일초과1년이하\n합 계\n발행 한도\n잔여 한도\n미상환 잔액\n공모\n-\n-\n-\n-\n-\n-\n-\n-\n사모\n-\n-\n-\n-\n-\n-\n-\n-\n합계\n-\n-\n-\n-\n-\n-\n-\n-\n \xa0 \xa0 \xa0 \xa0 \xa0 \xa0 \xa0 \xa0 \xa0 \xa0 \xa0 \xa0 \xa0 \xa0 \xa0 \xa0 \xa0 \xa0 \xa0 \xa0 회사채 미상환 잔액\n(기준일 : \n2018년 12월 31일\n)\n(단위 : 백만원)\n잔여만기\n1년 이하\n1년초과2년이하\n2년초과3년이하\n3년초과4년이하\n4년초과5년이하\n5년초과10년이하\n10년초과\n합 계\n미상환 잔액\n공모\n90,000\n-\n-\n-\n128,000\n350,000\n-\n568,000\n사모\n-\n-\n-\n-\n-\n-\n-\n-\n합계\n90,000\n-\n-\n-\n128,000\n350,000\n-\n568,000\n \xa0 \xa0 \xa0 \xa0 \xa0 \xa0 \xa0 \xa0 \xa0 \xa0 \xa0 \xa0 \xa0 \xa0 \xa0 \xa0 \xa0 \xa0 \xa0 \xa0신종자본증권 미상환 잔액\n(기준일 : \n2018년 12월 31일\n)\n(단위 : 백만원)\n잔여만기\n1년 이하\n1년초과5년이하\n5년초과10년이하\n10년초과15년이하\n15년초과20년이하\n20년초과30년이하\n30년초과\n합 계\n미상환 잔액\n공모\n-\n-\n-\n-\n-\n1,567,300\n-\n1,567,300\n사모\n-\n-\n-\n-\n-\n220,000\n-\n220,000\n합계\n-\n-\n-\n-\n-\n1,787,300\n-\n1,787,300\n \xa0 \xa0 \xa0 \xa0 \xa0 \xa0 \xa0 \xa0 \xa0 \xa0 \xa0 \xa0 \xa0 \xa0 \xa0 \xa0 \xa0 \xa0 \xa0 \xa0조건부자본증권 미상환 잔액\n(기준일 : \n2018년 12월 31일\n)\n(단위 : 백만원)\n잔여만기\n1년 이하\n1년초과2년이하\n2년초과3년이하\n3년초과4년이하\n4년초과5년이하\n5년초과10년이하\n10년초과20년이하\n20년초과30년이하\n30년초과\n합 계\n미상환 잔액\n공모\n-\n-\n-\n-\n-\n-\n-\n-\n-\n-\n사모\n-\n-\n-\n-\n-\n-\n-\n-\n-\n-\n합계\n-\n-\n-\n-\n-\n-\n-\n-\n-\n-\n']"
