text
"['\n3. 연결재무제표 주석\n제 51 3분기 2022년 01월 01일부터 2022년 09월 30일까지\n제 50 3분기 2021년 01월 01일부터 2021년 09월 30일까지\n선도전기주식회사와 그 종속기업\n1. 일반적인 사항(1) 지배기업의 개요선도전기 주식회사(이하 ""지배기업""이라 함)는 경기도 안산시 단원구 원시로 86에 소재하고 있습니다. 1972년 1월 22일에 설립되어, 전기 및 전자기기와 그 부품의 제조ㆍ판매 등을 주요 사업목적으로 하고 있습니다. 보고기간종료일 현재 지배기업의 자본금은 9,000 백만원이며, 주요 주주는 다음과 같습니다.\n주주명\n소유주식\n지분비율\n전동준\n4,153,085주\n23.07%\n마진산업(주)\n1,334,369주\n7.41%\n기타주주\n12,381,565주\n68.79%\n자기주식\n130,981주\n0.73%\n합 \xa0 \xa0 \xa0계\n18,000,000주\n100.00%\n(2) 종속기업의 현황1) 연결대상 종속기업의 개요 에스디벤처캐피탈(주)에스디벤처캐피탈주식회사는 중소기업창업지원법 및 중소기업창업지원업무운용규정에 따라 창업자에 대한 투자, 벤처기업육성에관한특별조치법에 의한 벤처기업에 대한 투자, 창업투자조합의 결성 및 업무의 집행 등 중소기업 창업지원을 주 사업목적으로 1999년 12월 3일에 설립되었으며, 동법의 규정에 의하여 1999년 12월 20일에 중소기업창업투자회사로 등록하였습니다. 종속기업은 서울특별시 강남구 학동로 31길 18(논현동)에 본사를 두고 있습니다.② 농업회사법인 주식회사 전원농업회사법인 주식회사 전원은 기업적 농업경영을 통하여 생산성을 향상시키거나 생산된 농산물의 유통, 가공, 판매와 농어촌 관광 휴양 사업 등을 통해 농업의 부가가치를 높이고 노동력의 부족 등으로 농업경영이 곤란한 농업인의 농작법의 전부 또는 일부를 비농업인이 대행하여 영농의 편의를 도모함을 주 사업목적으로 2019년 7월 18일에 설립되었습니다. 종속기업은 충청남도 보령시 천북면 학성리 2-1에 본사를 두고 있습니다③ 에스디파트너스 주식회사에스디파트너스주식회사는 상법 및 자본시장과 금융투자업에 관한 법률(이하 ""자본시장법"") 제249조의13에 의하여 설립된 법인으로서 자본시장법상 허용되는 다른 회사 등의 주식 또는 지분 등에 투자, 주식 및 지분 취득에 관한 자문, 금융투자에 관한 컨설팅을 주 사업목적으로 2020년 9월 24일에 설립되었습니다. 종속기업은 경기도 안산시 단원구 시화벤처로 444에 본사를 두고 있습니다.\n④ (주)주빅스주식회사 주빅스는 IP-USN, Zigbee, M2M(CDMA, 3G) 등의 무선기술을 이용한 M2M/IoT 솔루션 보유 기업으로서 기상사업, 전력/수도/가스 원격검침, 항만, 농어촌 등의 산업전반에서 편리하게 사용되어지는 무선 기술 제품을 제공하는 업체입니다. 해당 기업은 2012년 9월에 설립되었으며, 경기도 군포시 고산로 148번길17 B동(808, 809호)에 본사를 두고 있습니다.\n2) 보고기간종료일 현재 종속기업의 재무현황 등은 다음과 같습니다.① 당분기\n(단위:천원)\n회사명\n결산월\n자산\n부채\n자본\n매출액\n분기순이익\n포괄손익\n투자주식수\n투자비율\n에스디벤처캐피탈(주)\n12월\n19,716,080\n923,858\n18,792,222\n463,312\n(2,857,767)\n(4,704,564)\n1,801,800주\n99.00%\n농업회사 주식회사 전원\n12월\n1,723,417\n2,151,917\n(428,500)\n-\n(26,491)\n(26,491)\n54,000주\n90.00%\n에스디파트너스 주식회사\n12월\n6,132,631\n2,260,113\n3,872,518\n63,643\n63,334\n63,334\n91,000주\n50.00%\n주식회사 주빅스\n12월\n3,684,102\n2,052,881\n1,631,221\n3,548,195\n58,395\n58,395\n343,915주\n54.96%\n② 전기\n(단위:천원)\n회사명\n결산월\n자산\n부채\n자본\n매출액\n당기순이익\n포괄손익\n투자주식수\n투자비율\n에스디벤처캐피탈(주)\n12월\n24,698,125\n2,035,305\n22,662,820\n4,944,257\n1,096,488\n835,431\n1,801,800주\n99.00%\n농업회사 주식회사 전원\n12월\n1,725,208\n2,127,217\n(402,009)\n153,984\n(336,638)\n(336,638)\n54,000주\n90.00%\n에스디파트너스 주식회사\n12월\n5,127,373\n1,311,401\n3,815,972\n315,104\n265,537\n265,537\n91,000주\n50.00%\n주식회사 주빅스\n12월\n3,397,421\n1,825,205\n1,572,216\n2,781,997\n(291,164)\n(291,164)\n343,915주\n54.96%\n3) 연결기업간 주요 거래내용보고기간종료일 현재 지배기업과 농업회사법인 주식회사 전원간의 채권ㆍ채무 잔액은 채권으로 단기대여금 545백만원이 있으며, 당분기와 전분기 중에 내부거래는 발생하지 아니하였습니다.2. 재무제표 작성기준 및 중요한 회계정책\n(1) 재무제표 작성기준연결기업의 2022년 9월 30일로 종료하는 9개월 보고기간에 대한 분기연결재무제표는 기업회계기준서 제1034호 \'중간재무보고\'에 따라 작성되었습니다. 이 분기연결재무제표는 보고기간말인 2022년 9월 30일 현재 유효하거나 조기 도입한 한국채택국제회계기준에 따라 작성되었습니다.(2) 회사가 채택한 제.개정 기준서연결기업은 2022년 1월 1일로 개시하는 회계기간부터 다음의 제ㆍ개정 기준서 및 해석서를 신규로 적용하였습니다.\n1) 기업회계기준서 제1109호, 제1039호, 제1107호, 제1104호 및 제1116호 (개정) - 이자율지표 개혁 - 2단계개정사항은 은행 간 대출 금리(IBOR)가 대체 무위험 지표(RFR)로 대체될 때 재무보고에 미치는 영향을 다루기 위한 한시적 면제를 제공합니다.개정사항은 다음의 실무적 간편법을 포함합니다. \xa0 \xa0- 계약상 변경, 또는 개혁의 직접적인 영향을 받는 현금흐름의 변경은 시장이자율 \xa0 \xa0 \xa0 의 변동과 같이 변동이자율로 변경되는 것처럼 처리되도록 함. \xa0 \xa0- 이자율지표 개혁이 요구하는 변동은 위험회피관계의 중단없이 위험회피지정 및 \xa0 \xa0 \xa0 위험회피문서화가 가능하도록 허용함. \xa0 \xa0- 대체 무위험 지표(RFR)를 참조하는 금융상품이 위험회피요소로 지정되는 경우 \xa0 \xa0 \xa0 별도로 식별가능해야 한다는 요구사항을 충족하는 것으로 보는 한시적 면제이 개정사항은 당사의 중간재무제표에 미치는 영향은 없습니다. 당사는 실무적 간편법이 적용가능하게 되는 미래에 해당 실무적 간편법을 사용할 것입니다.2) 기업회계기준서 제 1116호 \'리스\' 개정 - 코로나19 (Covid-19) 관련 임차료 면제ㆍ할인ㆍ유예에 대한 실무적 간편법실무적 간편법으로, 리스이용자는 코로나19의 직접적인 결과로 발생한 임차료 할인등(rent concession)이 리스변경에 해당하는지 평가하지 않을 수 있습니다. 이러한 선택을 한 리스이용자는 임차료 할인 등으로 인한 리스료 변동을 그러한 변동이 리스변경이 아닐 경우에 이 기준서가 규정하는 방식과 일관되게 회계처리하여야 합니다. 해당 기준서의 개정이 재무제표에 미치는 중요한 영향은 없습니다. \n(3) 회계정책분기연결재무제표의 작성에 적용된 유의적 회계정책과 계산방법은 주석 2. (2) 에서 설명하는 제ㆍ개정 기준서의 적용으로 인한 변경 및 아래 문단에서 설명하는 사항을 제외하고는 전기 재무제표 작성에 적용된 회계정책이나 계산방법과 동일합니다.\n(4) 중요한 회계추정 및 판단중간연결재무제표를 작성함에 있어, 경영진은 회계정책 적용과 자산과 부채의 장부금액 및 수익과 비용에 영향을 미치는 판단, 추정 및 가정을 하여야 합니다. 추정과 관련 가정은 역사적 경험과 관련성이 있다고 간주되는 기타 요인들에 바탕을 두고 있으며,실제 결과는 이러한 추정치들과 다를 수도 있습니다. 중간연결재무제표 작성을 위해 연결기업 회계정책의 적용과 추정 불확실성의 주요 원천에 대해 경영진이 내린 중요한 판단은 2021년 12월 31일로 종료하는 회계연도에 대한 연차재무제표와 동일합니다.\n3. 현금및현금성자산(1) 보고기간종료일 현재 현금및현금성자산의 내역은 다음과 같습니다.\n(단위:천원)\n구분\n제 51(당) 분기\n제 50(전) 기\n보유현금\n22,498\n10,815\n원화보통예금\n3,478,220\n672,486\n외화보통예금\n966\n139\nRP 등\n571,092\n79,999\n현금및현금성자산 계\n4,072,776\n763,439\n(2) 보고기간 종료일 현재 사용이 제한된 예금 등의 내역은 다음과 같습니다.\n(단위:천원)\n계정과목\n거래처\n제 51(당) 분기\n제 50(전) 기\n제한내용\n단기금융상품\n신한은행\n50,000\n50,000\n질권설정\n장기금융상품\n중소기업은행\n3,000\n3,000\n당좌개설보증금\n\xa0합 계\n53,000\n53,000\n\u3000\n4. 당기손익금융자산 및 기타포괄금융자산(1) 보고기간종료일 현재 당기손익금융자산 및 기타포괄금융자산의 내역은 다음과 같습니다.\n(단위:천원)\n구분\n제 51(당) 분기\n제 50(전) 기\n\xa0기초\n47,960,295\n50,323,454\n\xa0취득 등\n11,373,288\n12,714,282\n\xa0대체\n-\n1,470,984\n\xa0당기손익반영평가손익\n(1,526,317)\n2,042,335\n\xa0자본으로 계상한 평가손익\n(5,625,489)\n1,248,765\n\xa0처분\n(18,946,319)\n(19,839,524)\n\xa0기말\n33,235,458\n47,960,296\n\xa0유동항목\n7,393,810\n12,556,415\n\xa0비유동항목\n25,841,648\n35,403,880\n\xa0합계\n33,235,458\n47,960,295\n(2) 보고기간종료일 현재 당기손익금융자산 및 기타포괄금융자산의 상세 내역은 다음과 같습니다.① 당기손익금융자산\n(단위:천원)\n종류\n구분\n제 51(당) 분기\n제 50(전) 기\n취득원가\n공정가치\n장부금액\n취득원가\n공정가치\n장부금액\n활성거래시장 있는 금융자산\n지분증권\n(주)오스코텍\n542,017\n351,500\n351,500\n365,884\n450,180\n450,180\n(주)이오테크닉스\n-\n-\n-\n872,462\n1,195,000\n1,195,000\n㈜동진쎄미켐\n-\n-\n-\n782,120\n1,055,700\n1,055,700\n이수페타시스\n-\n-\n-\n368,781\n511,700\n511,700\n컴투스홀딩스\n-\n-\n-\n563,797\n985,625\n985,625\n다날\n608,924\n212,750\n212,750\n608,924\n545,750\n545,750\n에이스토리\n349,910\n267,750\n267,750\n243,769\n366,610\n366,610\n서울옥션\n518,481\n819,000\n819,000\n-\n-\n-\n자화전자㈜\n-\n-\n-\n463,459\n425,850\n425,850\n(주)서울옥션\n-\n-\n-\n921,744\n2,736,000\n2,736,000\nOCI\n201,443\n139,230\n139,230\n-\n-\n-\n하림지주\n432,007\n293,580\n293,580\n-\n-\n-\n지분증권 소계\n2,652,782\n2,083,810\n2,083,810\n5,190,940\n8,272,415\n8,272,415\n활성거래시장 없는 금융자산\n수익증권(주1)\n스틱4차산업혁명 JUMP-UP\n5,310,000\n5,310,000\n5,310,000\n4,284,000\n4,284,000\n4,284,000\n전환사채(주2)\n농업회사법인㈜영글어농장\n400,000\n400,000\n400,000\n400,000\n400,000\n400,000\n당기손익금융자산 합계\n8,362,782\n7,793,810\n7,793,810\n9,874,940\n12,956,415\n12,956,415\n(주1) 활성거래시장이 없는 수익증권의 경우에는 펀드운용회사가 제시하는 수익증권의 매매기준가격을 공정가치로 사용하고 있습니다.(주2) 활성거래시장이 없는 채무증권은 그 공정가치를 신뢰성 있게 측정할 수 없어 원가로 측정하였습니다.\n② 기타포괄금융자산\n(단위:천원)\n종류\n구분\n제 51(당) 분기\n제 50(전) 기\n취득원가\n공정가치(주1)\n장부금액\n취득원가\n공정가치\n장부금액\n활성거래시장 있는 금융자산\n지분증권(주1)\n\xa0(주)신한금융지주회사\xa0\n1,209,400\n3,350,000\n3,350,000\n4,232,844\n12,880,000\n12,880,000\n\xa0삼성SDI(주)\xa0\n1,425,112\n5,460,000\n5,460,000\n1,425,112\n6,550,000\n6,550,000\n\xa0삼성전기(주)\xa0\n1,451,132\n1,120,000\n1,120,000\n1,451,132\n1,975,000\n1,975,000\n\xa0삼성전자(주) \xa0\n5,303,550\n7,380,900\n7,380,900\n4,426,952\n10,883,700\n10,883,700\n지분증권 소계\n9,389,194\n17,310,900\n17,310,900\n11,536,041\n32,288,700\n32,288,700\n활성거래시장이 없는 금융자산\n지분증권\n농업회사법인㈜영글어농장\n1,780,010\n1,780,011\n1,780,011\n1,780,010\n1,770,984\n1,770,984\n한국터치스크린(주)\n480,000\n154,982\n154,982\n480,000\n219,670\n219,670\n지분증권 소계\n2,260,010\n1,934,993\n1,934,993\n2,260,010\n1,990,654\n1,990,654\n출자금(주2)\n전기공사공제조합\n45,587\n101,203\n101,203\n45,587\n100,296\n100,296\n자본재공제조합\n92,248\n156,786\n156,786\n92,248\n156,158\n156,158\n정보통신공제조합\n18,043\n41,347\n41,347\n18,043\n40,788\n40,788\n한국전기공업협동조합\n365,900\n382,500\n382,500\n365,900\n374,400\n374,400\n한국자동제어공업협동조합\n5,000\n13,628\n13,628\n5,000\n13,627\n13,627\n한국전력기기사업협동조합\n14,000\n14,000\n14,000\n14,000\n14,000\n14,000\n소방산업공제조합\n25,500\n26,112\n26,112\n25,500\n25,807\n25,807\n한국 제1전력량계사업협동조합\n10,000\n53,440\n53,440\n10,000\n53,440\n53,440\n디에스피이알파사모투자합자회사\n5,000,000\n5,000,000\n5,000,000\n-\n-\n-\n엘엔에스아이씨티밸류업2호 세컨더리 벤처투자조합\n1,000,000\n1,000,000\n1,000,000\n-\n-\n-\n출자금 소계\n6,576,278\n6,789,015\n6,789,015\n576,278\n778,515\n778,515\n기타포괄금융자산 합계\n18,225,482\n26,034,909\n26,034,909\n14,372,329\n35,057,869\n35,057,869\n(주1) 연결기업은 기타포괄금융자산의 공정가치와 취득원가와의 차이에 대해 재무상태표상 기타포괄손익누계액의 과목으로 법인세효과를 반영하여 보고기간종료일 현재 기타포괄손익누계액에 5,585,694천원을 계상하였습니다.(주2) 활성거래시장이 없는 출자금에 대해서는 투자기업 순자산가액의 지분가치를 공정가치로 하고 있습니다.\n5. 매출채권 및 기타채권(1) 보고기간종료일 현재 매출채권 및 기타채권의 구성내역은 다음과 같습니다.\n(단위:천원)\n구 분\n제 51(당) 분기\n제 50(전) 기\n단기매출채권\n24,745,634\n35,581,885\n대손충당금\n(557,133)\n(924,975)\n단기미수금\n992,822\n430,425\n대손충당금\n(8,872)\n(17,354)\n단기미수수익\n114,317\n85,445\n창업자대여금\n3,684,568\n2,834,568\n장기대여금\n346,117\n346,117\n대손충당금\n(346,117)\n(346,117)\n프로젝트투자\n97,401\n97,401\n매출채권 및 기타채권 계\n29,068,737\n38,087,395\n연결기업의 매출채권및기타채권은 취득원가와 상각후원가의 차이가 중요하지 아니하므로 취득원가로 측정하였습니다.\n(2) 보고기간종료일 현재 매출채권 및 기타채권의 연령분석 내역은 다음과 같습니다.\n(단위:천원)\n구 분\n제 51(당) 분기\n제 50(전) 기\n3개월미만\n24,912,299\n31,406,446\n3개월이상 6개월미만\n70,406\n2,734,711\n6개월이상 9개월미만\n280,636\n248,355\n9개월이상 1년미만\n1,316,945\n2,144,651\n1년초과\n2,488,451\n1,553,232\n합 계\n29,068,737\n38,087,395\n연결기업은 개별적인 손상사건이 파악된 채권에 대해 개별 분석을 통한 회수가능금액을 산정하여 산정된 회수가능액과 장부금액과의 차이를 손상차손으로 인식하고 있습니다. 한편, 손상사건이 개별적으로 파악되지 않은 채권에 대해서는, 발생 후 6개월이하까지의 채권은 정상채권으로 간주하고 있으며, 발생 후 6개월을 초과하는 채권에대해서는 채권의 연체기간에 따른 유사한 신용위험특성(예: 자산의 형태, 산업, 지역적 위치, 담보유형, 연체상태와 기타 관련 요소를 고려하는 신용위험)을 고려하여 일정한 대손율을 적용, 손상차손을 인식하고 있습니다.\n한편, 매출채권 및 기타채권은 이자요소를 포함하고 있지 아니하며, 통상적인 회수기간은 60일에서 120일입니다.\n6. 재고자산보고기간종료일 현재 재고자산의 내역은 다음과 같습니다.\n(단위:천원)\n구분\n제 51(당) 분기\n제 50(전) 기\n취득원가\n평가손실충당금\n장부금액\n취득원가\n평가손실충당금\n장부금액\n제품\n2,313,993\n-\n2,313,993\n2,077,593\n(34,359)\n2,043,234\n재공품\n2,541,539\n-\n2,541,539\n1,548,886\n(116,610)\n1,432,276\n원재료\n5,654,681\n-\n5,654,681\n10,577,311\n(1,629,055)\n8,948,256\n부재료\n15,094\n-\n15,094\n96,489\n(1,343)\n95,146\n저장품\n-\n-\n-\n-\n-\n-\n미착품\n18,108\n-\n18,108\n5,182\n-\n5,182\n계\n10,543,415\n-\n10,543,415\n14,305,461\n(1,781,367)\n12,524,094\n7. 유형자산(1) 당분기와 전기 중 유형자산의 변동내역은 다음과 같습니다.① 당분기\n(단위:천원)\n과목\n기초잔액\n증가\n감소\n감가상각비\n대체\n기말잔액\n토지\n24,019,896\n2,492\n-\n-\n-\n24,022,388\n건물\n23,022,869\n-\n-\n(666,709)\n-\n22,356,160\n구축물\n1,883,916\n246,400\n-\n(145,300)\n(7,491)\n1,977,525\n기계장치\n1,057,097\n72,760\n-\n(212,542)\n(1,017)\n916,298\n시설장치\n1,036,969\n-\n-\n(97,201)\n-\n939,768\n차량운반구\n1,453,636\n105,845\n(372,097)\n(439,056)\n-\n748,328\n기타유형자산\n741,755\n173,472\n-\n(233,984)\n248,547\n929,790\n건설중인자산\n376,841\n169,061\n-\n-\n(200,328)\n345,574\n계\n53,592,979\n770,030\n(372,097)\n(1,794,792)\n39,711\n52,235,831\n② 전기\xa0\n(단위:천원)\n과목\n기초잔액\n증가\n감소\n감가상각비\n대체\n기말잔액\n토지\n23,885,395\n134,501\n-\xa0\n-\xa0\n-\n24,019,896\n건물\n23,870,445\n102,700\n(139,837)\n(894,042)\n83,602\n23,022,868\n구축물\n1,844,416\n207,000\n-\xa0\n(167,500)\n-\n1,883,916\n기계장치\n1,099,664\n279,499\n-\xa0\n(322,066)\n-\n1,057,097\n시설장치\n1,166,570\n-\n-\xa0\n(129,601)\n-\n1,036,969\n차량운반구\n994,742\n1,240,001\n(289,420)\n(491,688)\n-\n1,453,635\n기타유형자산\n635,181\n677,394\n-\xa0\n(293,941)\n(276,880)\n741,754\n건설중인자산\n81,970\n127,262\n-\xa0\n-\xa0\n167,609\n376,841\n계\n53,578,383\n2,768,357\n(429,257)\n(2,298,838)\n(25,669)\n53,592,976\n(2) 당분기말 현재 보험에 가입된 자산의 내용은 다음과 같습니다.\n(단위:천원)\n보험종류\n보험가입자산\n장부금액\n보험가입금액\n부보처\n질권설정금액\n질권설정자\n화재보험\n1공장(건물,기계장치, 재고자산 외)\n5,273,171\n7,796,700\n삼성화재\n2,760,800\xa0\n신한은행\n2공장(건물,구축물,기계장치, 재고자산 외)\n19,750,612\n18,104,000\n\u3000-\n\u3000-\n가스사고배상보험\n제1공장 LNG\n-\n380,000\n\u3000-\n\u3000-\n제2공장 LNG\n-\n380,000\n\xa0-\n\xa0-\n승강기사고배상보험\n제1공장\n-\n90,200\n\u3000-\n\u3000-\n제2공장\n-\n90,200\n\u3000-\n\u3000-\n제조물책임보험\n1,2공장\n-\n544,000\n현대화재해상보험\n\xa0-\n\xa0-\n합 \xa0 계\n25,023,783\n27,385,100\n\u3000\n2,760,800\xa0\n\u3000-\n8. 무형자산(1) 당분기와 전기 중 무형자산의 변동내역은 다음과 같습니다.① 당분기\n(단위:천원)\n과목\n기초잔액\n증가\n상각\n대체\n기말잔액\n개발비\n5,929,090\n(337,566)\n(401,605)\n1,973\n5,191,892\n시설이용권\n1,402,544\n-\n-\n-\n1,402,544\n특허권\n58,045\n51\n-\n(1,973)\n56,123\n소프트웨어\n1\n-\n-\n-\n1\n계\n7,389,680\n(337,515)\n(401,605)\n-\n6,650,560\n② 전기\n(단위:천원)\n과목\n기초잔액\n증가\n감소\n상각\n대체 등\n기말잔액\n개발비\n4,414,710\n332,646\n\u3000-\n(606,059)\n1,787,793\n5,929,090\n시설이용권\n1,103,814\n510,335\n(211,605)\n-\n\u3000-\n1,402,544\n특허권\n-\u3000\n\u3000-\n\u3000-\n\u3000-\n58,046\n58,046\n소프트웨어\n1\n-\n-\u3000\n-\n-\n1\n계\n5,518,525\n842,981\n(211,605)\n(606,059)\n1,845,839\n7,389,681\n(2) 당분기와 전분기에 비용으로 인식한 연구개발 관련 지출 총액은 다음과 같습니.\n(단위:천원)\n구분\n제 51(당) 분기\n제 50(전) 분기\n판매비와관리비(경상개발비)\n2,185,540\n\xa0 \xa0 \xa0 \xa0 \xa0 \xa0 \xa0 1,037,924\xa0\n판매비와관리비(연구비)\n552,979\n\xa0 \xa0 \xa0 \xa0 \xa0 \xa0 \xa0 \xa0 \xa0286,485\xa0\n매출원가(개발비상각액)\n752,453\n\xa0 \xa0 \xa0 \xa0 \xa0 \xa0 \xa0 \xa0 \xa0464,676\xa0\n합 \xa0 계\n3,490,971\n1,789,085\n9. 담보로 제공된 자산 등(1) 당분기말 현재 연결기업의 채무 등을 위하여 담보로 제공된 자산 내역은 다음과 같습니다.\n(단위:천원)\n담보권자\n내역\n장부금액\n채권최고액\n비고\n기업은행\n\xa0운전자금 8,358백만원\n15,409,114\n14,264,400\n토지 MTV\n18,134,759\n9,600,000\n건물 MTV\n305,333\n10,080,000\n기계장치 MTV\n신한은행\n\xa0운전자금 12,000백만원 기업구매카드 4,000백만원 산업단지매입대출 19,880백만원\n8,476,281\n12,000,000\n토지\n1,025,081\n건물\n15,409,114\n14,264,400\n토지 MTV\n18,134,759\n9,600,000\n건물 MTV\n-\n1,200,000\n지식재산권\n산업은행\n\xa0운전자금 5,594백만원\xa0\n8,810,000\n8,400,000\n기타포괄금융자산\n-\n2,400,000\n특허권\n우리은행\n\xa0운전자금 3,574백만원\xa0\n3,190,900\n2,400,000\n기타포괄금융자산\n전기공사공제조합\n공사계약 등 이행보증\n105,557\n105,557\n기타포괄금융자산\n합 계\u3000\n89,000,898\n84,314,357\n(2) 당분기말 현재 연결기업이 타인으로부터 제공받은 담보 및 보증의 내역은 다음과 같습니다.\n(단위:천원)\n보증 제공자\n내역\n보증한도액\n보증실행금액\n서울보증보험\n이행(계약/하자)보증 외\n23,090,131\n23,090,131\xa0\n자본재공제조합\n156,785\n156,785\n합 계\n23,246,916\n23,246,916\n또한, 당사는 대표이사로부터 차입금에 대한 보증(설정금액 10,602백만원)을 제공받고 있습니다.\n10. 매입채무 및 기타채무보고기간종료일 현재 연결기업의 매입채무 및 기타채무의 내역은 다음과 같습니다.\n(단위:천원)\n구 분\n제 51(당) 분기\n제 50(전) 기\n\xa0단기매입채무\n12,312,685\n15,531,206\n\xa0단기미지급금\n2,825,662\n4,743,602\n\xa0단기미지급비용\n951,934\n1,023,328\n합 계\n16,090,281\n21,298,136\n매입채무 및 미지급금은 무이자조건이며, 통상적인 지급기일은 60일에서 120일입니다. \n11. 차입금(1) 보고기간종료일 현재 차입금의 내역은 다음과 같습니다.\n(단위:천원)\n종 \xa0류\n차입처\n제 51(당) 분기\n제 50(전) 기\n연이자율\n\xa0금액\xa0\n\xa0연이자율\xa0\n\xa0금액\xa0\n\xa0유동성\n단기차입금\n운영자금\n기업은행\n3.81%\n983,130\n5.66%\n152,061\n기업은행\n3.52%\n1,000,000\n3.46%\n1,000,000\n기업은행\n3.98%\n500,000\n4.91%\n500,000\n기업은행\n4.10%\n500,000\n4.52%\n500,000\n기업은행\n4.83%\n500,000\n4.44%\n500,000\n기업은행\n3.79%\n500,000\n3.58%\n500,000\n기업은행\n3.16%\n2,000,000\n2.08%\n2,000,000\n기업은행\n3.82%\n2,000,000\n2.68%\n2,000,000\n산업은행\n5.74%\n893,778\n3.14%\n894,138\n산업은행\n3.08%\n1,000,000\n2.46%\n2,000,000\nKEB하나은행\n4.56%\n900,000\n3.94%\n900,000\n신한은행\n4.68%\n420,000\n\u3000-\n-\n신한은행\n5.32%\n1,000,000\n3.70%\n1,000,000\n신한은행\n5.82%\n4,000,000\n3.16%\n4,000,000\n신한은행\n6.06%\n1,000,000\n2.87%\n1,000,000\n전동준\n5.15%\n5,000,000\n\u3000-\n\u3000-\n기업은행\n\u3000-\n\u3000-\n3.51%\n100,000\n기업은행\n4.98%\n270,000\n4.98%\n270,000\n국민은행\n-\n-\n5.83%\n90,000\n기업은행\n-\n-\n1.50%\n100,000\n기업은행\n-\n-\n2.99%\n300,000\n기업은행\n-\n-\n3.11%\n250,000\n정보통신공제조합\n0.00%\n12,000\n1.98%\n12,000\n영글어농장\n4.30%\n1,158,009\n4.10%\n1,528,009\n유동성장기부채\n운영자금\n기업은행\n2.50%\n100,000\n2.50%\n100,000\n국민은행\n2.08%\n-\n2.08%\n2,000,000\n시흥녹색 환경지원센터\n-\n5,000\n-\n5,000\n신한은행\n3.45%\n6,000,000\n-\n-\n우리은행\n4.40%\n2,000,000\n-\n-\n산업은행\n2.86%\n3,700,000\n-\n-\n시설자금\n신한은행\n1.64%\n19,880,000\n-\n-\n소 \xa0계\n55,321,917\n\u3000\n21,701,208\n\xa0비유동성\n장기차입금\n시설자금\n신한은행\n-\n-\n1.64%\n19,880,000\n운영자금\n신한은행\n-\n-\n3.45%\n6,000,000\n기업은행\n4.54%\n100,000\n\u3000-\n\u3000-\n기업은행\n4.46%\n300,000\n\u3000-\n\u3000-\n기업은행\n4.78%\n250,000\n\u3000-\n\u3000-\n기업은행\n3.52%\n100,000\n\u3000-\n\u3000-\n국민은행\n5.83%\n90,000\n\u3000-\n\u3000-\n기업은행\n2.50%\n275,000\n2.50%\n350,000\n산업은행\n-\n-\n2.86%\n3,700,000\n우리은행\n-\n-\n2.27%\n2,000,000\n시흥녹색 환경지원센터\n-\n20,000\n-\n20,000\n소 \xa0계\n1,135,000\n\u3000\n31,950,000\n합 \xa0계\n56,456,917\n\u3000\n53,651,208\n상기 차입금과 관련하여 당사의 유형자산 등이 담보로 제공되어 있습니다(주석 9 참조).\n(2) 당분기말 현재 차입금의 연도별 상환계획은 다음과 같습니다.\n(단위:천원)\n구 분\n단기차입금\n장기차입금\n1년 이내\n23,636,917\n31,685,000\n1년 - 2년\n-\n920,000\n2년 - 5년\n-\n240,000\n합 계\n23,636,917\n32,845,000\n12. 사용권자산(1) 당분기와 전기 중 리스로 인한 사용권자산의 증감내역은 다음과 같습니다.① 당분기\n(단위:천원)\n구 분\n기 초\n증 가\n상각비\n감 소\n기 말\n건물\n326,761\n-\n-\n-\n326,761\n감가상각누계액\n(120,416)\n2,988\n(80,712)\n21,066\n(177,074)\n차량운반구\n426,914\n193,230\n-\n(274,751)\n345,393\n감가상각누계액\n(219,008)\n-\n(100,529)\n264,258\n(55,279)\n합 계\n414,251\n196,218\n(181,241)\n10,573\n439,801\n② 전기\n(단위:천원)\n구 분\n기 초\n증 가\n상각비\n감 소\n기 말\n건물\n284,929\n272,749\n-\n(230,917)\n326,761\n감가상각누계액\n(247,401)\n-\n(100,944)\n227,929\n(120,416)\n차량운반구\n758,391\n152,164\n-\n(483,641)\n426,914\n감가상각누계액\n(592,340)\n-\n(110,309)\n483,641\n(219,008)\n합 계\n203,579\n424,913\n(211,253)\n(2,988)\n414,251\n(2) 당분기와 전기 중 리스부채 관련 증감내역은 다음과 같습니다.\n(단위 천원)\n구 분\n제51(당)분기\n제50(전)기\n기초\n398,392\n193,697\n증가\n206,781\n338,385\n감소\n(215,037)\n(141,035)\n이자비용\n8,991\n7,345\n기말\n399,127\n398,392\n단기리스부채\n173,388\n189,814\n장기리스부채\n225,739\n208,578\n(3) 당분기 및 전기 중 리스부채에 대한 총현금유출 및 이자비용은 다음과 같습니다.\n(단위:천원)\n구 \xa0분\n제 51(당)분기\n제 50(전)기\n총현금유출\n172,782\n187,736\n이자비용\n8,991\n11,644\n(4) 당분기말 현재 리스부채의 만기분석은 다음과 같습니다.\n(단위:천원)\n구 \xa0분\n1년이내\n1년 초과\n합 계\n리스부채\n173,388\n225,739\n399,127\n(5) 연결기업은 단기리스 및 소액자산 리스에 대해 리스료를 리스기간에 걸쳐 정액 기준으로 비용 인식하기로 하였으며, 세부내역은 다음과 같습니다.\n(단위:천원)\n구 \xa0분\n제 51(당)분기\n제 50(전)기\n소액자산리스\n24,056\n16,110\n13. 확정급여부채연결기업은 종업원을 위하여 확정급여제도를 운영하고 있으며, 확정급여채무의 보험수리적평가는 예측단위적립방식을 사용하여 적격성 있고 독립적인 보험계리인에 의해서 수행되었습니다.\n(1) 당분기 및 전분기 중 퇴직급여제도와 관련하여 인식된 손익은 다음과 같습니다.\n(단위:천원)\n구 분\n제 51(당) 분기\n제 50(전) 분기\n당기근무원가\n684,463\n599,962\n순이자비용\n122,222\n91,938\n합 \xa0계\n806,685\n691,900\n(2) 당분기 및 전기 중 확정급여부채의 변동 내역은 다음과 같습니다.\n(단위:천원)\n구 분\n제 51(당) 분기\n제 50(전) 기\n확정급여부채의 변동 :\n\xa0 기초금액\n5,979,944\n5,392,062\n\xa0 당기손익으로 인식하는 총 비용\n806,684\n928,813\n\xa0 재측정요소\n-\n118,211\n\xa0 사외적립자산 납입액\n(14,030)\n(16,022)\n\xa0 퇴직급여 지급액\n(566,380)\n(443,120)\n\xa0 기말금액\n6,206,218\n5,979,944\n\xa0 재무상태표상 구성항목\n6,206,218\n5,979,944\n\xa0 \xa0 - 확정급여채무의 현재가치\n6,320,633\n6,108,797\n\xa0 \xa0 - 사외적립자산의 공정가치\n(114,415)\n(128,852)\n(3) 당분기 및 전기 중 확정급여채무의 현재가치 변동내역은 다음과 같습니다.\n(단위:천원)\n구 분\n제 51(당) 분기\n제 50(전) 기\n기초금액\n6,108,797\n5,533,701\n당기근무원가\n684,463\n808,693\n이자원가\n122,222\n120,120\n재측정요소\n\u3000-\n118,211\n퇴직급여 지급액\n(594,847)\n(471,928)\n기말금액\n6,320,633\n6,108,797\n(4) 당분기 및 전기 중 사외적립자산의 공정가치 변동은 다음과 같습니다.\n(단위:천원)\n구 분\n제 51(당) 분기\n제 50(전) 기\n기초금액\n128,853\n141,639\n이자수익\n1,322\n3,669\n재측정요소\n-\n-\n퇴직급여지급액\n(28,468)\n(28,808)\n사외적립자산 납입액\n12,708\n12,353\n기말금액\n114,415\n128,853\n(5) 보고기간종료일 현재 연결기업의 사외적립자산 구성 항목은 다음과 같습니다.\xa0\n(단위:천원)\n구 분\n제 51(당) 분기\n제 50(전) 기\n정기예금 등\n114,414\n128,853\n(6) 보고기간종료일 현재 보험수리적평가를 위하여 사용된 주된 가정은 다음과 같습니다.\n(단위:%)\n구 분\n제 51(당) 분기\n제 50(전) 기\n기대임금상승률\n4.33\n4.33\n할인율\n2.97\n2.97\n14. 기타장기충당부채연결기업은 제품의 판매로 인하여 발생하는 향후 무상수리 기간에 대한 비용의 추정금액을 기타장기충당부채로 설정하고 있으며, 기타장기충당부채의 내역은 다음과 같습니다.\n(단위:천원)\n구 분\n제 51(당) 분기\n제 50(전) 기\n기초\n406,348\n347,097\n충당금 전입액(환입액)\n(56,621)\n431,736\n충당금 사용액\n(36,645)\n(372,485)\n기말\n313,082\n406,348\n15. 약정사항(1) 당분기말 현재 연결기업의 금융기관과의 약정사항은 다음과 같습니다.\n구분\n약정한도금액\n거래은행\n운전자금 한도\n9,000백만원\xa0\n기업은행\n운전자금 한도\n12,000백만원\xa0\n신한은행\n구매카드 한도\n4,000백만원\xa0\n신한은행\n시설자금 한도\n19,880백만원\xa0\n신한은행\n운전자금 한도\n2,500백만원\xa0\n우리은행\n운전자금 한도\n7,000백만원\xa0\n산업은행\n운전자금 한도\n5,000백만원\xa0\nKEB하나은행\n외상매출채권담보대출 한도\n821백만원\xa0\nKEB하나은행\n(2) 당분기말 현재 연결기업은 일본국 소재 (주)TOSHIBA와 전력계통보호계전장치 기술제휴계약을 체결하고 있으며, 연결기업은 기술제휴기간 동안 기술도입사용료를 지급하고 있습니다. (3) 당분기말 현재 연결기업은 \'추평령 저수지\' 수상태양광발전소 프로젝트와 관련하여 수상태양광발전소 운영사인 (주)그린솔라에너지와 대주인 신한은행과 제3자간 ""자금보충약정""이 체결되어 있습니다. 해당 ""자금보충약정""에 따른 약정 총액은 3,840,000천원이며, 보고기간종료일 현재 346,117천원의 자금보충이 실행되어, 장기대여금으로 계상하고 있습니다. \n(4) 당분기말 현재 운용리스 약정 체결 현황입니다.\n\xa0 \xa0 \xa0 \xa0 \xa0 \xa0 \xa0 \xa0 \xa0 \xa0 \xa0 \xa0 \xa0 \xa0 \xa0 \xa0 \xa0 \xa0 \xa0 \xa0 \xa0 \xa0 \xa0 \xa0 \xa0 \xa0 \xa0 \xa0 \xa0 \xa0 \xa0 \xa0 \xa0 \xa0 \xa0 (단위:천원)\n금융기관\n잔여 약정기간\n잔여리스료\nSK네트웍스\n47개월\n107,756\n16. 자본금보고기간종료일 현재 연결기업의 자본금 내역은 다음과 같습니다.\n구 \xa0분\n제 51(당) 분기\n제 50(전) 기\n수권주식수\n50,000,000주\n50,000,000주\n1주당 금액\n500원\n500원\n발행주식수\n18,000,000주\n18,000,000주\n자본금\n9,000,000천원\n9,000,000천원\n17. 기타자본구성요소(1) 기타자본잉여금보고기간종료일 현재 연결기업의 자본잉여금 구성내역은 다음과 같습니다.\n(단위:천원)\n구 \xa0분\n제 51(당) 분기\n제 50(전) 기\n주식발행초과금\n13,376,954\n13,376,954\n재평가적립금\n58,065\n58,065\n기타자본잉여금\n1,256,692\n1,256,692\n합 계\n14,691,711\n14,691,711\n(2) 기타포괄손익누계액당분기 및 전기 중 연결기업의 기타포괄손익누계액 변동내역은 다음과 같습니다.① 당분기\n(단위:천원)\n구 \xa0분\n기초\n증가\n감소\n기말\n기타포괄손익-공정가치측정금융자산평가이익\n15,600,969\n\u3000-\n(9,187,084)\n6,413,885\n자산재평가차익\n5,923,036\n-\n-\n5,923,036\n합 계\n21,524,005\n-\n(9,187,084)\n12,336,921\n② 전기\n(단위: 천원)\n구 \xa0분\n기초\n증가\n감소\n기말\n기타포괄손익-공정가치측정금융자산평가이익\n17,894,022\n\u3000-\n(2,293,053)\n15,600,969\n자산재평가차익\n5,923,036\n-\n-\n5,923,036\n지분법자본변동\n337,500\n-\n(337,500)\n-\n합 계\n24,154,558\n-\n(2,630,553)\n21,524,005\n(3) 자기주식보고기간종료일 현재 연결기업의 자기주식 내역은 다음과 같습니다.\n(단위:천원)\n구 \xa0분\n제 51(당) 분기\n제 50(전) 기\n자기주식\n537,535\n537,535\n연결기업이 보유하고 있는 자기주식 130,981주에 대한 취득금액은 보고기간종료일 현재 기타자본구성요소로 계상하고 있으며, 향후 시장상황에 따라 처분할 예정입니다. 한편, 연결기업이 소유하고 있는 자기주식에 대해서는 의결권의 행사가 제한되어있습니다.\n18. 이익잉여금(1) \xa0보고기간종료일 현재 연결기업의 이익잉여금 내역은 다음과 같습니다.\n(단위:천원)\n구분\n제 51(당) 분기\n제 50(전) 기\n법정적립금 :\n\u3000\n\u3000\n\xa0 이익준비금\n2,800,000\n2,800,000\n임의적립금 :\n\u3000\n\u3000\n\xa0 기업합리화적립금\n2,000,000\n2,000,000\n\xa0 재무구조개선적립금\n7,000,000\n7,000,000\n\xa0 임의적립금\n6,500,000\n6,500,000\n소 계\n15,500,000\n15,500,000\n미처분이익잉여금\n6,259,858\n16,011,244\n합 계\n24,559,858\n34,311,244\n(2) 이익준비금 \xa0상법상 자본금의 50%에 달할 때까지 매결산기에 금전에 의한 이익배당액의 10% 이상을 이익준비금으로 적립하도록 규정되어 있으며, 동 이익준비금은 현금으로 배당할 수 없으며, 주주총회의 결의에 의하여 이월결손금의 보전과 자본전입에만 사용될 수 있습니다\n(3) 기타 세법상 준비금연결기업은 조세특례제한법의 규정에 따라 법인세 신고시 손금으로 신고조정하는 금액을 그 종류에 따라 기업합리화적립금 등으로 적립하고 있습니다. 동 적립금은 각각의 용도에 사용한 금액과 사용후 잔액을 임의적립금으로 이입하여 배당등에 사용할 수 있습니다.\n19. 중요한 건설형계약의 내용(1) 당분기 및 전기 중 건설형계약의 변동내역은 다음과 같습니다.① 당분기\n(단위:천원)\n구 \xa0 분\n기초잔액\n증감액\n공사수익인식\n기말잔액\n전기변환기기 부문\n9,088,740\n47,734,625\n43,849,122\n12,974,243\n태양광시스템 부문\n13,453,536\n450,000\n(1,478,149)\n15,381,685\n전기공사 부문\n2,236,700\n529,789\n134,753\n2,631,737\n합 \xa0 계\n24,778,976\n48,714,414\n42,505,726\n30,987,665\n② 전기\n(단위:천원)\n구 \xa0 분\n기초잔액\n증감액\n공사수익인식\n기말잔액\n전기변환기기 부문\n10,664,695\n67,043,594\n68,619,549\n9,088,740\n태양광시스템 부문\n16,111,266\n1,411,973\n4,069,703\n13,453,536\n전기공사 부문\n3,199,073\n1,496,664\n2,459,038\n2,236,700\n합 \xa0 계\n29,975,034\n69,952,231\n75,148,290\n24,778,976\n(2) 보고기간 종료일 현재 진행중인 건설형계약의 누적 손익내역은 다음과 같습니다.① 당분기\n(단위:천원)\n구 \xa0 분\n누적공사수익\n누적공사원가\n누적공사손익\n공사선수금\n전기변환기기 부문\n76,208,799\n80,024,291\n(3,815,492)\n190,592\n태양광시스템 부문\n9,178,625\n8,902,676\n275,949\n-\n전기공사 부문\n757,928\n705,569\n52,359\n-\n합 \xa0 계\n86,145,352\n89,632,536\n(3,487,184)\n190,592\n② 전기\n(단위:천원)\n구 \xa0 분\n누적공사수익\n누적공사원가\n누적공사손익\n공사선수금\n전기변환기기 부문\n81,414,514\n80,569,094\n845,420\n80,820\n태양광시스템 부문\n13,718,209\n11,973,635\n1,744,574\n-\n전기공사 부문\n2,574,955\n2,199,752\n375,203\n35,897\n합 \xa0 계\n97,707,678\n94,742,481\n2,965,197\n116,717\n(3) 보고기간종료일 현재 미청구공사 및 초과청구공사 내역은 다음과 같습니다.\n(단위:천원)\n구 \xa0 분\n제 51(당) 분기\n제 50(전) 기\n계약자산\n계약부채\n계약자산\n계약부채\n전기변환기기 부문\n17,654,194\n190,592\n21,823,623\n80,820\n태양광시스템 부문\n1,213,207\n-\n4,237,791\n-\n전기공사 부문\n506,328\n-\n796,399\n35,897\n합 \xa0 계\n19,373,729\n190,592\n26,857,813\n116,717\n(4) 전기말 현재 진행중이었던 투입법으로 진행기준을 적용하는 건설형계약과 관련한 \xa0회계추정변경에 따른 공사손익 변동금액 및 미청구공사의 변동금액은 다음과 같습니다.\n(단위:천원)\n구 \xa0 분\n총 계약수익의변동\n총 계약원가의변동\n공사손익 변동금액\n계약자산의변동\n당분기영향\n향후영향\n합계\n전기변환기기 부문\n475,727\n2,118,775\n(1,643,047)\n-\n(1,643,047)\n(1,643,047)\n태양광시스템 부문\n-\n1,269,600\n(1,269,600)\n-\n(1,269,600)\n(1,269,600)\n전기공사 부문\n-\n303,564\n(303,564)\n-\n(303,564)\n(303,564)\n합 \xa0 계\n475,727\n3,691,939\n(3,216,211)\n-\n(3,216,211)\n(3,216,211)\n(5) 당분기말 현재 투입법으로 진행기준을 적용하는 계약 중 총 계약수익 금액이 직전 회계연도 매출액의 5% 이상인 계약은 다음과 같습니다.\n(단위:천원)\n구 \xa0 분\n수주일자\n납기 및공사기한\n진행률(%)\n계약자산(계약부채)\n공사미수금\n총액\n손상차손누계액\n총액\n대손충당금\n전기변환기기 부문\n평택 P3-PJT 복합동(UT/CT) MCC 및 분전반\n2021-05-20\n2021-12-31\n100\n92,018\n92\n-\n-\n평택 P3-PJT(PH3) 복합동 MCC 및 분전반\n2022-03-14\n2022-12-31\n100\n5,647,989\n5,648\n-\n-\n평택 P3-PJT(PH3) FAB동 고압반\n2022-04-01\n2022-12-31\n100\n552,646\n553\n-\n-\n삼천포본부 5,6호기 환경설비 설치조건부 구매\n2019-03-14\n2020-02-28\n100\n1,060,755\n1,061\n-\n-\n삼척화력 1,2호기 LV&MCC (BOP)\n2020-09-18\n2021-12-31\n100\n2,392,617\n2,393\n-\n-\n노후 변전설비 교체공사용 정류기시스템 제조 구매\n2021-05-04\n2022-06-26\n92\n603,238\n603\n-\n-\n신고리 5,6호기 고압차단기반\xa0\n2016-10-20\n2021-01-31\n100\n1,093,977\n1,094\n-\n전기변환기기 부문 전체\n-\n-\n91\n18,867,401\n18,867\n-\n-\n20. 영업손익(1) 비용의 성격별 분류당분기와 전분기 중 발생한 매출원가 및 판매비와관리비를 성격별로 분류한 내역은 다음과 같습니다.\n(단위:천원)\n구 \xa0 분\n제 51(당) 분기\n제 50(전) 분기\n재고자산의 변동\n(163,288)\n(1,237,756)\n원재료 및 부재료 매입액\n30,838,118\n39,674,259\n감가상각 및 무형자산상각\n2,219,093\n2,260,888\n종업원급여\n6,926,811\n6,351,515\n지급수수료\n2,967,812\n652,066\n당기손익인식금융자산처분손실(주1)\n1,570,830\n1,669,046\n기타비용\n17,735,542\n20,006,877\n합 \xa0 계\n62,094,918\n69,376,895\n(주1) 종속기업인 에스디벤처캐피탈(주)는 중소기업 창업지원을 주 사업목적으로 하여 지분상품 등의 처분손익을 영업손익에 반영하고 있는 바, 당기손익인식금융자산처분손실을 기타매출원가로 계정분류하였습니다.(2) 종업원급여당분기와 전분기 중 종업원급여의 내역은 다음과 같습니다.\n(단위:천원)\n구 \xa0 분\n제 51(당) 분기\n제 50(전) 분기\n급여\n5,243,490\n4,590,988\n퇴직급여\n806,684\n691,900\n복리후생비\n876,637\n1,068,628\n합 \xa0 계\n6,926,810\n6,351,516\n(3) 감가상각비 및 무형자산상각비당분기와 전분기 중 감가상각비 및 무형자산상각비의 내역은 다음과 같습니다.\n(단위:천원)\n구 \xa0 분\n제 51(당) 분기\n제 50(전) 분기\n감가상각비\n1,198,936\n1,643,300\n무형자산상각비\n618,585\n464,676\n사용권자산상각비\n118,428\n152,913\n합 \xa0 계\n1,935,949\n2,260,889\n21. 법인세비용법인세비용은 당기법인세비용에서 과거기간 당기법인세에 대하여 당분기에 인식한 조정사항, 일시적차이의 발생과 소멸로 인한 이연법인세비용(수익) 및 당기손익 이외로 인식되는 항목과 관련된 법인세비용을 조정하여 산출하였습니다. 당분기는 법인세비용차감전순손실이 발생하여 유효세율을 산출하지 않습니다. \n22. 주당이익(1) 기본주당이익의 산출내역은 다음과 같습니다.\n내 역\n제 51(당) 분기\n제 50(전) 분기\n3개월\n누적\n3개월\n누적\n지배기업주주에게 귀속되는분기순이익(손실)\n(8,239,861,637)\n(16,775,981,073)\n\xa0(4,352,878,465)\n\xa0(6,330,395,164)\n가중평균유통보통주식수\n17,869,019주\n17,869,019주\n\xa017,869,019주\xa0\n\xa017,869,019주\xa0\n기본주당순이익(손실)\n(461)\n(939)\n(244)\n(354)\n(2) 당분기 가중평균유통보통주식수의 산정내역\n일자\n내역\n주식수\n일수\n적수\n2022.1.1 ~ 2022.09.30\n기초(주1)\n17,869,019\n273\n4,878,242,187\n(주1) 기초주식은 발행주식총수 18,000,000주에서 자기주식 130,981주를 차감하여 산정되었습니다(가중평균유통보통주식수=4,878,242,187÷273=17,869,019주).\n(3) 희석주당순이익보고기간종료일 현재 희석증권은 없으므로 기본주당순이익과 희석주당순이익은 동일합니다.\n23. 영업부문 정보(1) 연결기업의 보고부문은 다음과 같이 구분되며 주요 내용은 다음과 같습니다.연결기업의 영업보고부문은 전기부문, 운용투자, 농업경영,금융투자,무선통신의 5개사업부문으로, 제품매출, 공사매출 및 운용투자수익 등으로 매출이 구성되어 있습니다. 최고영업의사결정자는 영업보고부문에 대한 내부 보고자료를 최소한 월단위로 검토하고 있습니다.\n(2) 당분기와 전분기 중 부문분기손익은 다음과 같습니다.① 당분기\n(단위:천원)\n구 \xa0 분\n전기부문\n운용투자\n농업경영\n금융투자\n무선통신\n합 \xa0계\n총부문수익\n42,505,726\n463,312\n-\n63,643\n3,548,195\n46,580,876\n보고부문영업이익(손실)\n(12,292,933)\n(3,349,126)\n(26,502)\n63,334\n91,185\n(15,514,042)\n법인세비용차감전순이익(손실)\n(14,575,487)\n(3,378,658)\n(26,491)\n63,334\n58,395\n(17,858,907)\n분기순이익(손실)\n(13,997,165)\n(2,857,767)\n(26,491)\n63,334\n58,395\n(16,759,694)\n② 전분기\n(단위:천원)\n구 \xa0 분\n전기부문\n운용투자\n농업경영\n금융투자\n합 \xa0계\n총부문수익\n58,983,068\n2,268,441\n98,940\n6,837\n61,357,286\n보고부문영업이익(손실)\n(7,433,186)\n(551,773)\n(39,343)\n4,692\n(8,019,610)\n법인세비용차감전순이익(손실)\n(7,388,473)\n(565,577)\n(39,333)\n4,692\n(7,988,691)\n분기순이익(손실)\n(5,693,625)\n(610,597)\n(39,333)\n4,692\n(6,338,863)\n(3) 당분기와 전기의 부문 자산 및 부채는 다음과 같습니다.① 당분기\n(단위:천원)\n구 \xa0 분\n전기부문\n운용투자\n농업경영\n금융투자\n무선통신\n합 \xa0계\n보고부문자산\n128,374,938\n8,747,485\n784,386\n3,149,371\n2,457,794\n143,513,974\n비유동자산\n88,563,851\n6,040,494\n1,116,992\n(2,373,260)\n855,035\n94,203,111\n보고부문부채\n78,759,312\n(2,725,142)\n1,606,917\n1,960,113\n1,690,765\n81,291,966\n② 전기\n(단위:천원)\n구 \xa0 분\n전기부문\n운용투자\n농업경영\n금융투자\n무선통신\n합 \xa0계\n보고부문자산\n\xa0 \xa0132,999,728\n\xa0 24,698,125\n\xa0 1,725,208\n\xa0 5,127,373\n\xa0 3,397,421\n\xa0 \xa0167,947,855\n비유동자산\n\xa0 \xa0 84,847,486\n\xa0 15,989,682\n\xa0 1,494,137\n\xa0-\xa0\n\xa0-\xa0\n\xa0 \xa0102,331,305\n보고부문부채\n\xa0 \xa0 79,492,410\n\xa0 \xa0 2,035,305\n\xa0 2,127,217\n\xa0 1,311,401\n\xa0 1,825,205\n\xa0 \xa0 86,791,538\n(4) 연결기업 수익의 상세내역은 다음과 같습니다.\n(단위:천원)\n구 \xa0 분\n제 51(당) 분기\n제 50(전) 분기\n3개월\n누적\n3개월\n누적\n전기 부문\n15,079,829\n42,505,726\n17,262,211\n58,983,068\n운용투자수익 부문\n32,482\n463,312\n\xa0 \xa0 \xa0 \xa0 476,823\xa0\n2,268,441\n농업경영 부문\n-\n-\n\xa0 \xa0 \xa0 \xa0 \xa0 \xa0 \xa0 \xa0 \xa0 -\xa0\n98,940\n금융투자 부문\n63,600\n63,643\n\xa0 \xa0 \xa0 \xa0 \xa0 \xa0 \xa0 \xa0 \xa0 3\xa0\n6,837\n무선통신 부문\n1,282,784\n3,548,195\n\xa0 \xa0 \xa0 \xa0 \xa0 \xa0 \xa0 \xa0 \xa0 -\xa0\n-\n합 \xa0 계\n16,458,695\n46,580,876\n17,739,037\n61,357,286\n(5) 연결기업의 지역별 영업현황은 다음과 같습니다.\n(단위:천원)\n구 \xa0 분\n제 51(당) 분기\n제 50(전) 분기\n3개월\n누적\n3개월\n누적\n국 \xa0 내\n\xa0 \xa0 \xa0 \xa0 15,490,740\n\xa0 \xa0 46,580,876\xa0\n\xa0 \xa0 17,739,048\xa0\n\xa0 \xa0 60,222,264\xa0\n국 \xa0 외\n\u3000-\n-\n\xa0 \xa0 \xa0 \xa0 \xa0 \xa0 \xa0 \xa0 \xa0 -\xa0\n\xa0 \xa0 \xa0 1,135,022\xa0\n합 \xa0 계\n\xa0 \xa0 \xa0 \xa0 15,490,740\n\xa0 \xa0 46,580,876\xa0\n\xa0 \xa0 17,739,048\xa0\n\xa0 \xa0 61,357,286\xa0\n(6) 주요 고객에 대한 정보총부문수익에는 당분기 및 전분기에 당사 수익의 10% 이상을 차지하는 회사들의 매출액이 각각 \xa023,672백만원 및 27,785백만원이 포함되어 있습니다. 부문별로 당분기는 전기변환기기 부문에서 23,672백만원으로 구성되어 있으며, 전분기는 전기변환기기 부문에서 27,785백만원으로 구성되어 있습니다.\n24. 현금흐름표(1) 현금흐름표상의 현금및현금성자산은 재무상태표상의 현금및현금성자산이며, 현금의 유입 및 유출이 없는 중요한 거래의 내용은 다음과 같습니다.\n(단위:천원)\n구 분\n제 51(당) 분기\n제 50(전) 분기\n건설중인자산 대체\n247,013\n34,000\n선급금의 유형자산 대체\n252,710\n128,600\n장기차입금의 유동성 대체\n31,655,000\n\xa0 \xa0 \xa0 \xa0 \xa0 \xa02,075,000\xa0\n리스 유동성 대체\n144,059\n189,814\n기타포괄금융자산평가손익\n(9,187,084)\n(2,463,307)\n(2) 당분기 중 재무활동에서 생기는 부채의 변동내역은 다음과 같습니다.① 당분기\n(단위:천원)\n구 \xa0분\n기초\n현금흐름\n비현금 변동 및유동성 대체\n기말\n단기차입금\n19,596,207\n(959,291)\n-\n18,636,916\n유동성장기부채\n2,105,000\n(2,050,000)\n31,630,000\n31,685,000\n장기차입금\n31,950,000\n815,000\n(31,630,000)\n1,135,000\n단기리스부채\n176,457\n(147,127)\n144,059\n173,389\n장기리스부채\n182,586\n187,212\n(144,059)\n225,739\n② 전기\n(단위:천원)\n구 \xa0분\n기초\n현금흐름\n비현금 변동\n기말\n유동성대체\n단기차입금\n15,099,836\n4,496,371\n-\n19,596,207\n유동성장기부채\n55,000\n(25,000)\n2,075,000\n2,105,000\n장기차입금\n34,455,000\n(430,000)\n(2,075,000)\n31,950,000\n유동성금융리스부채\n115,976\n(114,273)\n174,754\n176,457\n비유동성금융리스부채\n77,721\n(25,992)\n130,857\n182,586\n25. 특수관계자와의 거래(1) 당분기말 현재 연결기업과 특수관계에 있는 회사의 내역은 다음과 같습니다.\n구 분\n회사명\n피투자기업\n농업회사법인(주)영글어농장\n기타특수관계자\n마진산업(주)\n(2) 당분기 및 전분기 중 특수관계자와의 거래내용은 다음과 같습니다.\n(단위:천원)\n특수관계자\n구 분\n제 51(당) 분기\n제 50(전) 분기\n대표이사\n차량매각\n-\n1,000\n마진산업㈜ 대표이사\n차량매각\n-\n22,500\n마진산업(주)\n임차료 등\n58,648\n35,213\n농업회사법인㈜영글어농장\n창업자대여금\n1,158,009\n1,868,732\n(3) 보고기간종료일 현재 특수관계자에 대한 채권채무 내역은 다음과 같습니다.\n(단위:천원)\n특수관계자\n구 분\n제 51(당) 분기\n제 50(전) 분기\n마진산업(주)\n임차보증금\n638,000\n638,000\n㈜주빅스\n채무증권\n\u3000-\n300,000\n매출채권\n\u3000-\n88,235\n매입채무\n-\n171,124\n농업회사법인 ㈜영글어농장\n전환사채\n400,000\n창업자대여금\n1,868,732\n(4) 당분기 및 전분기 중 주요 경영진에 대한 보상은 다음과 같습니다.\n(단위:천원)\n구 분\n제 51(당) 분기\n제 50(전) 분기\n단기급여\n1,062,167\n747,167\n26. 위험관리(1) 자본위험관리연결기업의 자본관리는 계속기업으로서의 존속능력을 유지하는 한편, 자본조달비용을 최소화하여 주주이익을 극대화하며 적정한 자본구조를 유지하는 것을 그 목표로 하고 있습니다. 연결기업은 부채비율을 기초로 자본을 관리하고 있으며, 이 비율은 재무상태표상 총부채를 자본으로 나누어 산출됩니다. 연결기업의 자본관리전략은 부채비율을 100%이하로 유지하는 것입니다. 보고기간종료일 현재 연결기업의 부채비율은 다음과 같습니다.\n(단위:천원)\n구 분\n제 51(당) 분기\n제 50(전) 기\n부채총계\n81,291,966\n86,791,538\n자본총계\n62,222,007\n81,156,318\n부채비율\n130.65%\n106.94%\n(2) 시장위험① 외환위험외환위험은 환율의 변동으로 인하여 금융상품의 공정가치나 미래현금흐름이 변동할 위험입니다. 연결기업은 제품 수출 및 원재료 수입 거래와 관련하여 USD등의 환율변동위험에 노출되어 있으며, 보고기간종료일 현재 외화로 표시된 화폐성자산 및 부채의 장부금액은 다음과 같습니다.\n(원화단위:천원)\n외화\n제 51(당) 분기\n제 50(전) 기\n외화자산\n외화부채\n외화자산 원화환산액\n외화부채 원화환산액\n외화자산\n외화부채\n외화자산 원화환산액\n외화부채 원화환산액\nUSD\n22,658\n-\n32,510\n-\n13,528.17\n-\n16,030\n-\n연결기업은 내부적으로 원화 환율 변동에 대한 환위험을 정기적으로 측정하고 있습니다. 보고기간종료일 현재 기능통화 이외에 외화로 표시된 화폐성자산ㆍ부채에 대한 기능통화의 환율 5% 변동시 법인세비용차감전순손익에 미치는 영향은 다음과 같습니다.\n(단위:천원)\n구 분\n5% 상승시\n5% 하락시\n법인세비용차감전순손익 증가(감소)\n1,626\n(1,626)\n② 이자율위험외환위험은 환율의 변동으로 인하여 금융상품의 공정가치나 미래현금흐름이 변동할 위험입니다. 연결기업은 제품 수출 및 원재료 수입 거래와 관련하여 USD등의 환율변동위험에 노출되어 있으며, 보고기간종료일 현재 외화로 표시된 화폐성자산 및 부채의 장부금액은 다음과 같습니다.이자율위험에 노출된 차입금 내용은 다음과 같습니다.\n(단위:천원)\n구 \xa0분\n제 51(당) 분기\n제 50(전) 기\n단기차입금\n18,636,916\n19,596,207\n유동성장기부채\n31,685,000\n2,105,000\n장기차입금\n1,135,000\n31,950,000\n합 \xa0 계\n51,456,916\n53,651,207\n이자율 1% 변동시 법인세비용차감전순손익에 미치는 영향은 다음과 같습니다.\n(단위:천원)\n구 \xa0분\n제 51(당) 분기\n제 50(전) 기\n1%상승\n1%하락\n1%상승\n1%하락\n법인세비용차감전순손익 증가(감소)\n(385,927)\n385,927\n(402,384)\n402,384\n③ 기타가격위험재무상태표 상 금융자산으로 분류되는 연결기업 보유 지분증권 및 수익증권은 가격위험에 노출되어 있으며, 보고기간말 현재 금융자산 가격이 5%변동시 포괄손익에 미치는영향은 다음과 같습니다.\n(단위:천원)\n구 분\n제 51(당) 분기\n제 50(전) 기\n5% 상승시\n5% 하락시\n5% 상승시\n5% 하락시\n법인세차감전포괄손익\n1,145,724\n(1,145,724)\n2,242,256\n(2,242,256)\n법인세효과\n(252,059)\n252,059\n(493,296)\n493,296\n법인세차감후포괄손익\n893,665\n(893,665)\n1,748,960\n(1,748,960)\n(3) 신용위험신용위험은 거래상대방이 의무를 이행하지 못하여 재무손실이 발생할 위험입니다. 연결기업은 영업활동과 재무활동에서 신용위험에 노출되어 있습니다.① 매출채권 및 기타채권연결기업은 신용거래를 희망하는 모든 거래상대방에 대하여 신용검증절차의 수행을 원칙으로 하여 신용상태가 건전한 거래상대방과의 거래만을 수행하고 있습니다. 다만, 대손위험에 대한 연결기업의 노출정도가 중요하지 않은 수준으로 유지될 수 있도록 지속적으로 신용도를 재평가하는 등 매출채권 및 기타채권 잔액에 대한 지속적인 관리업무를 수행하고 있습니다. 연결기업의 대손위험에 대한 최대 노출정도는 매출채권 및 기타채권의 보고기간말 잔액입니다. 연결기업은 상기 채권에 대해 매 보고기간말에 개별적 또는 집합적으로 손상여부를 검토하고 있습니다.② 기타의 자산현금성자산 및 장단기금융상품 등으로 구성되어 있는 연결기업의 기타의 자산으로부터 발생하는 신용위험은 거래상대방의 부도 등으로 발생합니다. 이러한 경우 연결기업의 신용위험 노출정도는 최대 해당 금융상품의 장부금액과 동일한 금액이 될 것입니다. 한편, 연결기업은 기업은행 등의 금융기관에 현금및현금성자산 및 장단기금융상품 등을 예치하고 있으며, 신용등급이 우수한 금융기관과 거래를 하므로, 금융기관으로부터의 신용위험은 제한적입니다.보고기간종료일 현재 신용 위험에 대한 최대 노출 정도는 다음과 같습니다.\n(단위:천원)\n구분\n제 51(당) 분기\n제 50(전) 기\n현금및현금성자산(보유현금 제외)\n4,050,278\n752,624\n단기금융상품\n231,747\n122,000\n장기금융상품\n3,000\n3,000\n매출채권\n24,188,500\n34,656,910\n기타채권\n4,880,236\n3,430,485\n당기손익금융자산\n300,000\n300,000\n보증금\n1,316,685\n1,310,159\n(4) 유동성위험유동성위험은 만기까지 모든 금융계약상의 약정사항들을 이행할 수 있도록 자금을 조달하지 못할 위험입니다.\n연결기업의 유동성 위험 관리는 충분한 현금 및 시장성 있는 유가증권의 유지, 적절하게 약정된 신용한도금액으로부터의 자금 여력 및 시장포지션을 결제할 수 있는 능력 등을 포함하고 있습니다. 다음은 보고기간종료일 현재 금융부채별 상환계획으로서 할인되지 아니한 계약상의 금액입니다.\n(단위:천원)\n구분\n매입채무 및기타채무\n리스부채\n차입금\n합계\n1년 이내\n16,090,281\n173,389\n55,839,804\n72,103,474\n1년 - 2년\n\u3000-\n225,739\n111,875\n337,614\n2년 - 5년\n-\n-\n201,829\n201,829\n합 계\n16,090,281\n399,128\n56,153,508\n72,642,917\n27. 금융상품 범주별 내역 및 공정가치(1) 보고기간종료일 현재 범주별 금융자산의 내역은 다음과 같습니다.\n(단위:천원)\n구 \xa0 분\n제 51(당) 분기\n제 50(전) 기\n상각후원가측정 금융자산\n기타포괄금융자산\n당기손익인식 금융상품\n합계\n상각후원가측정 금융자산\n기타포괄금융자산\n당기손익인식 금융상품\n합계\n\xa0현금및현금성자산\n4,072,775\n-\n-\n4,072,775\n763,439\n-\n-\n763,439\n\xa0단기금융상품\n231,747\n-\n-\n231,747\n122,000\n-\n-\n122,000\n\xa0당기손익금융자산\n-\n-\n7,793,810\n7,793,810\n-\n-\n12,956,415\n12,956,415\n\xa0장기금융상품\n3,000\n-\n-\n3,000\n3,000\n-\n-\n3,000\n\xa0기타포괄금융자산\n-\n26,034,908\n-\n26,034,908\n-\n35,003,880\n-\n35,003,880\n\xa0매출채권\n24,188,500\n-\n-\n24,188,500\n34,656,910\n-\n-\n34,656,910\n\xa0기타채권\n4,880,236\n-\n-\n4,880,236\n3,430,485\n-\n-\n3,430,485\n\xa0보증금\n1,316,685\n-\n-\n1,316,685\n1,310,159\n-\n-\n1,310,159\n합 \xa0 계\n34,692,943\n26,034,908\n7,793,810\n68,521,661\n40,285,993\n35,003,880\n12,956,415\n88,246,288\n(2) 보고기간종료일 현재 범주별 금융부채의 내역은 다음과 같습니다.\n(단위:천원)\n구 \xa0 분\n제 51(당) 분기\n제 50(전) 기\n상각후원가로 측정하는 금융부채\n\xa0매입채무\n12,312,685\n15,531,206\n\xa0기타채무\n3,777,596\n5,766,931\n\xa0리스부채\n399,128\n359,043\n\xa0차입금\n56,456,916\n53,746,998\n합 \xa0 계\n72,946,325\n75,404,178\n(3) 공정가치\n(단위:천원)\n구분\n제 51(당) 분기\n제 50(전) 기\n장부금액\n공정가치\n장부금액\n공정가치\n금융자산\n\xa0현금및현금성자산\n4,072,775\n4,072,775\n763,439\n763,439\n\xa0단기금융상품\n231,747\n231,747\n122,000\n122,000\n\xa0당기손익금융자산\n7,793,810\n7,793,810\n12,956,415\n12,956,415\n\xa0장기금융상품\n3,000\n3,000\n3,000\n3,000\n\xa0기타포괄금융자산\n26,034,908\n26,034,908\n35,003,880\n35,003,880\n\xa0매출채권\n24,188,500\n24,188,500\n34,656,910\n34,656,910\n\xa0기타채권\n4,880,236\n4,880,236\n3,430,485\n3,430,485\n\xa0보증금\n1,316,685\n1,316,685\n1,310,159\n1,310,159\n금융자산 합계\n68,521,661\n68,521,661\n88,246,288\n88,246,288\n금융부채\n\xa0매입채무\n12,312,685\n12,312,685\n15,531,206\n15,531,206\n\xa0기타채무\n3,777,596\n3,777,596\n5,766,931\n5,766,931\n\xa0리스부채\n399,128\n399,128\n359,043\n359,043\n\xa0차입금\n56,456,916\n56,456,916\n53,746,998\n53,746,998\n금융부채 합계\n72,946,325\n72,946,325\n75,404,178\n75,404,178\n(4) 공정가치 서열체계연결기업은 금융상품의 공정가치를 결정하고 공시하기 위하여 공정가치측정에 사용된 투입변수의 유의성을 반영하는 공정가치 서열체계를 이용하였습니다.\n구분\n투입변수의 유의성\n수준1\n동일한 자산이나 부채에 대한 활성시장의 (조정되지 않은) 공시가격\n수준2\n직접적으로 또는 간접적으로 관측가능한 자산이나 부채에 대한 투입변수\n수준3\n관측가능한 시장자료에 기초하지 않은 자산이나 부채에 대한 투입변수(관측가능하지 않은 투입변수)\n보고기간종료일 현재 금융상품의 수준별 공정가치 측정치는 다음과 같습니다.\n① 당분기\n(단위:천원)\n구분\n수준1\n수준2\n수준3\n합계\n금융자산\n당기손익금융자산\n2,083,810\n5,310,000\n400,000\n7,793,810\n기타포괄금융자산\n17,310,900\n-\n8,130,749\n25,441,649\n금융자산 합계\n19,394,710\n5,310,000\n8,530,749\n33,235,459\n② 전기\n(단위:천원)\n구분\n수준1\n수준2\n수준3\n합계\n금융자산\n당기손익금융자산\n8,272,415\n4,284,000\n400,000\n12,956,415\n기타포괄금융자산\n32,288,700\n-\n2,769,169\n35,057,869\n금융자산 합계\n40,561,115\n4,284,000\n3,169,169\n48,014,284\n(5) 당분기와 전분기의 금융상품 범주별 순손익내역은 다음과 같습니다. ① 당분기\n(단위:천원)\n사업구분\n금융상품손익\n상각후원가측정금융자산\n기타포괄금융자산\n당기손익인식금융상품\n상각후원가측정금융부채\n합 \xa0계\n전기변환기기류 부문\n수익 :\n\xa0평가이익(기타포괄손익)(주1)\n-\n(2,061,696)\n-\n-\n(2,061,696)\n\xa0이자수익\n48,908\n-\n-\n-\n48,908\n\xa0외환차익\n6,862\n-\n-\n-\n6,862\n\xa0외화환산이익\n3,664\n\u3000\n\u3000\n\u3000\n3,664\n\xa0배당금수익\n-\n859,713\n-\n-\n859,713\n소 \xa0 계\n59,434\n(1,201,983)\n-\n-\n(1,142,549)\n비용 :\n\xa0대손상각비\n(376,324)\n-\n-\n-\n(376,324)\n\xa0기타의대손상각비\n(1,689)\n-\n-\n-\n(1,689)\n\xa0이자비용\n-\n-\n-\n1,194,590\n1,194,590\n\xa0외환차손\n32\n-\n-\n-\n32\n\xa0매출채권처분손실\n4,514\n-\n-\n-\n4,514\n소 \xa0계\n(373,467)\n-\n-\n1,194,590\n821,123\n\xa0 \xa0 \xa0 \xa0 \xa0 \xa0 \xa0 \xa0 금융상품순손익\n432,901\n(1,201,983)\n-\n(1,194,590)\n(1,963,672)\n운용투자수익부문\n수익 :\n\xa0평가이익(기타포괄손익)(주1)\n-\n(1,846,798)\n-\n-\n(1,846,798)\n\xa0이자수익\n97\n-\n-\n-\n97\n\xa0배당금수익\n-\n-\n135,577\n-\n135,577\n\xa0처분이익(당기손익금융자산)\n-\n-\n327,638\n-\n327,638\n소 \xa0계\n97\n(1,846,798)\n463,215\n-\n(1,383,486)\n비용 :\n\xa0평가손실(당기손익금융자산)\n-\n-\n1,526,317\n-\n1,526,317\n\xa0이자비용\n-\n-\n-\n29,700\n29,700\n\xa0처분손실(당기손익금융자산)\n-\n-\n1,570,830\n-\n1,570,830\n소 \xa0계\n-\n-\n3,097,147\n29,700\n3,126,847\n금융상품순손익\n97\n(1,846,798)\n(2,633,932)\n(29,700)\n(4,510,333)\n금융투자 수익 부문\n수익 :\n\xa0이자수익\n43\n-\n-\n-\n43\n소 \xa0계\n43\n-\n-\n-\n43\n무선통신부문\n수익 :\n\u3000\n\u3000\n\u3000\n\u3000\n\u3000\n\xa0이자수익\n111\n-\n-\n-\n111\n소 \xa0 계\n111\n-\n-\n-\n111\n비용 :\n\u3000\n\u3000\n\u3000\n\u3000\n\u3000\n\xa0이자비용\n-\n-\n-\n37,930\n37,930\n소 \xa0계\n-\n-\n-\n37,930\n37,930\n금융상품순손익\n111\n-\n-\n(37,930)\n(37,819)\n(주1) 기타포괄손익-공정가치측정금융자산평가손익은 법인세효과 반영후 금액입니다.② 전분기\n(단위:천원)\n사업구분\n금융상품손익\n상각후원가측정금융자산\n기타포괄금융자산\n당기손익인식금융상품\n상각후원가측정금융부채\n합 \xa0계\n전기변환기기류 부문\n수익 :\xa0\n\xa0평가이익(기타포괄손익)(*)\n\u3000-\n(845,554)\n\u3000-\n\u3000-\n(845,554)\n\xa0이자수익\n24,779\n\u3000-\n\u3000-\n\u3000-\n24,779\n\xa0외환차익\n2,496\n\u3000-\n\u3000-\n\u3000-\n2,496\n외화환산이익\n1,311\n\u3000-\n\u3000-\n\u3000-\n1,311\n\xa0배당금수익\n\u3000-\n832,630\n\u3000-\n\u3000-\n832,630\n소 \xa0 계\n28,586\n(12,924)\n-\n-\n15,662\n비용 :\n\xa0대손상각비\n115,642\n\u3000-\n\u3000-\n\u3000-\n115,642\n\xa0기타의 대손상각비\n472,993\n\u3000-\n\u3000-\n\u3000-\n472,993\n\xa0이자비용\n\u3000-\n\u3000-\n\u3000-\n983,202\n983,202\n\xa0외환차손\n35\n\u3000-\n\u3000-\n\u3000-\n35\n\xa0매출채권처분손실\n283\n\u3000-\n\u3000-\n\u3000-\n283\n소 \xa0계\n588,953\n-\n-\n983,202\n1,572,155\n\xa0 \xa0 \xa0 \xa0 \xa0 \xa0 \xa0 \xa0 금융상품순손익\n(560,367)\n(12,924)\n-\n(983,202)\n(1,556,493)\n운용투자수익부문\n수익 :\n\xa0평가이익(기타포괄손익)\n\u3000-\n(604,662)\n\u3000-\n\u3000-\n(604,662)\n\xa0평가이익(당기손익금융자산)\n\u3000-\n\u3000-\n1,277,680\n\u3000-\n1,277,680\n\xa0이자수익\n9,469\n\u3000-\n\u3000-\n\u3000-\n9,469\n\xa0배당금수익\n\u3000-\n\u3000-\n265,460\n\u3000-\n265,460\n\xa0처분이익(당기손익금융자산)\n\u3000-\n\u3000-\n715,831\n\u3000-\n715,831\n소 \xa0계\n9,469\n(604,662)\n2,258,971\n-\n1,663,778\n비용 :\n\xa0평가손실(기타포괄손익)(*)\n\u3000-\n\u3000-\n358,600\n\u3000-\n358,600\n\xa0이자비용\n\u3000-\n\u3000-\n\u3000-\n13,947\n13,947\n\xa0처분손실(당기손익금융자산)\n\u3000-\n\u3000-\n1,669,046\n\u3000-\n1,669,046\n소 \xa0계\n-\n-\n2,027,646\n13,947\n2,041,593\n금융상품순손익\n9,469\n(604,662)\n231,325\n(13,947)\n(377,815)\n금융투자 수익 부문\n수익 :\n\u3000\n\u3000\n\u3000\n\u3000\n\u3000\n\xa0이자수익\n6,837\n-\n-\n-\n6,837\n소 \xa0계\n6,837\n-\n-\n-\n6,837\n금융상품순손익\n6,837\n-\n-\n-\n6,837\n(주1) 기타포괄손익-공정가치측정금융자산평가손익은 법인세효과 반영후 금액입니다.\n']"
