text
"['\n5. 재무제표 주석\n1. 당사의 개요롯데쇼핑주식회사(이하 ""당사"")는 1970년 7월 2일 백화점 경영을 목적으로 설립되었으며\xa0당분기말\xa0현재\xa0백화점 28개점, 아울렛 21개점, 할인점 123개점, 슈퍼마켓 364개점, H&B스토어 125개점을 보유하고 있습니다.\xa0당사는 2006년 2월 9일자로 주식을 한국거래소가 개설한 유가증권시장에 상장하였습니다.\xa0한편, 당분기말 현재 당사의 주요주주는 다음과 같습니다.\n주\xa0\xa0 주\n소유주식수(주)\n금\xa0 액(천원)\n지분율(%)\n롯데지주\n11,315,503\n56,577,515\n40.00\n신동빈\n2,783,700\n13,918,500\n9.84\n호텔롯데\n2,507,158\n12,535,790\n8.86\n신격호\n262,438\n1,312,190\n0.93\n부산롯데호텔\n220,326\n1,101,630\n0.78\n신영자\n210,174\n1,050,870\n0.74\n신동주\n133,953\n669,765\n0.47\n자기주식\n18,115\n90,575\n0.06\n기타주주\n10,837,388\n54,186,940\n38.32\n합\xa0 계\n28,288,755\n141,443,775\n100.00\n2. 중요한 회계정책\n2.1 재무제표 작성기준\n\xa0\n당사의 2020년 3월 31일로 종료하는 3개월 보고기간에 대한\xa0분기재무제표는 기업회계기준서 제1034호 \'중간재무보고\'에 따라 작성되었습니다. 이\xa0분기재무제표는 보고기간말인 2020년 3월 31일 현재 유효한 한국채택국제회계기준에 따라 작성되었습니다.당사의 재무제표는 기업회계기준서 제1027호 \'별도재무제표\'에 따른 별도재무제표로서 지배기업, 관계기업의 투자자 또는 공동지배기업의 참여자가 투자자산을 피투자자의 보고된 성과와 순자산에 근거하지 않고 직접적인 지분투자에 근거한 회계처리로 표시한 재무제표입니다.\n2.1.1 당사가 채택한 제ㆍ개정 기준서\n당사는 2020년 1월 1일로 개시하는 회계기간부터 다음의 제ㆍ개정 기준서 및 해석서를 신규로 적용하였습니다.\n(1) 기업회계기준서 제1001호 \'재무제표 표시\', 제1008호 \'회계정책, 회계추정의 변경 및 오류\' 개정 - 중요성의 정의\'중요성의 정의\'를 명확히 하고 기준서 제1001호와 제1008호를 명확해진 정의에 따라 개정하였습니다. 중요성 판단 시 중요한 정보의 누락이나 왜곡표시뿐만 아니라 중요하지 않은 정보로 인한 영향과 당사가 공시할 정보를 결정할 때 정보이용자의 특성을 고려하도록 하였습니다. 해당\xa0기준서의 개정이 재무제표에 미치는 중요한 영향은 없습니다.(2) 기업회계기준서 제1103호 \'사업결합\' 개정 - 사업의 정의개정된 사업의 정의에서는, 취득한 활동과 자산의 집합을 사업으로 판단하기 위해서는 산출물의 창출에 함께 유의적으로 기여할 수 있는 능력을 가진 투입물과 실질적인과정을 반드시 포함하도록 하였고 원가 감소에 따른 경제적 효익은 제외하였습니다. 이와 함께 취득한 총자산의 대부분의 공정가치가 식별가능한 단일 자산 또는 자산집합에 집중되어 있는 경우, 취득한 활동과 자산의 집합은 사업이 아닌, 자산 또는 자산의 집합으로 결정할 수 있는 선택적 집중테스트가 추가되었습니다.\xa0해당\xa0기준서의 개정이 재무제표에 미치는 중요한 영향은 없습니다.\n2.1.2 당사가 적용하지 않은 제ㆍ개정 기준서 및 해석서제정 또는 공표되었으나 시행일이 도래하지 않아 적용하지 아니한 제ㆍ개정 기준서 및 해석서는 없습니다.\n2.2\xa0회계정책\xa0\n분기재무제표의\xa0작성에\xa0적용된 유의적 회계정책과 계산방법은\xa0주석 2.1.1에서 설명하는 제·개정 기준서의 적용으로 인한 변경 및 아래 문단에서 설명하는 사항을 제외하고는 전기 재무제표 작성에 적용된 회계정책이나 계산방법과 동일합니다.\n2.3 법인세비용중간기간의 법인세비용은 전체 회계연도에 대해서 예상되는 최선의 가중평균연간법인세율, 즉 추정평균연간유효법인세율을 중간기간의 세전이익에 적용하여 계산합니다.\xa0\n3. 중요한 회계추정 및 가정\n당사는 미래에 대하여 추정 및 가정을 하고 있습니다.\xa0추정 및 가정은 지속적으로 평가되며, 과거 경험과 현재의 상황에서\xa0합리적으로 예측가능한 미래의 사건과 같은 다른 요소들을 고려하여 이루어집니다. 이러한 회계추정은 실제 결과와 다를 수도 있습니다. 다만, 세계적인 코로나바이러스감염증-19(COVID-19)의 확산으로 각국 정부는 이를 통제하기 위하여 공장폐쇄, 자가격리, 입국제한, 여행금지 등의 조치를 시행하고 있습니다. 코로나바이러스감염증-19(COVID-19)의 대유행이 당사의 영업에 미칠 궁극적인 영향은 아직 알 수 없고, 향후 전개되는 국면에 따라 달라질 것으로 보입니다.코로나바이러스감염증-19(COVID-19)의 지속기간과 심각성은 매우 불확실하고 예측 할 수 없으며,\xa0정부나 회사의 보호조치로\xa0인하여 영업\xa0규모가\xa0감소\xa0할 수 있습니다.\xa0이로 인한 재무 영향은 합리적으로 추정 할 수 없지만 경영진은 당사가 영위하는 사업이 어느정도 영향을 받을 수 있을 것으로 예상하고 있습니다. 코로나 바이러스 감염증-19(COVID-19)가 당사의 영업에 미치는 영향의 정도와 기간은 아직 결정할 수 없습니다.상기 내용을 제외하고는 분기재무제표\xa0작성시 사용된\xa0중요한 회계추정 및 가정은 법인세비용을 결정하는데 사용된 추정의 방법을\xa0제외하고는 전기 재무제표 작성에\xa0적용된 회계추정 및 가정과 동일합니다.\n4. 매출채권및기타채권(1) 당분기말 현재 매출채권및기타채권의 상세 내역은 다음과 같습니다.\n(단위:천원)\n구\xa0 분\n매출채권\n미수금\n리스채권\n합\xa0 계\n총장부금액\n267,889,604\n231,927,765\n33,024,392\n532,841,761\n차감: 대손충당금\n(1,294,746)\n(9,360,453)\n(5,084)\n(10,660,283)\n유동자산 계\n266,594,858\n222,567,312\n33,019,308\n522,181,478\n총장부금액\n-\n24,795,089\n213,483,666\n238,278,755\n차감: 대손충당금\n-\n(16,681)\n(21,803)\n(38,484)\n비유동자산 계\n-\n24,778,408\n213,461,863\n238,240,271\n(2) 전기말 현재 매출채권및기타채권의 상세 내역은 다음과 같습니다.\n(단위:천원)\n구\xa0 분\n매출채권\n미수금\n리스채권\n합\xa0 계\n총장부금액\n364,579,575\n248,273,399\n28,596,524\n641,449,498\n차감: 대손충당금\n(1,108,435)\n(8,497,160)\n(4,865)\n(9,610,460)\n유동자산 계\n363,471,140\n239,776,239\n28,591,659\n631,839,038\n총장부금액\n-\n25,438,048\n211,315,577\n236,753,625\n차감: 대손충당금\n-\n(71,581)\n(20,711)\n(92,292)\n비유동자산 계\n-\n25,366,467\n211,294,866\n236,661,333\n5. 금융상품의 구분 및 공정가치(1) 당분기말과 전기말 현재 금융자산의 장부금액과 공정가치는 다음과 같습니다.\n(단위:천원)\n금융자산 범주\n내 역\n제 51(당) 기 분기\xa0\n제 50(전) 기\n공정가치로 측정되는 금융자산(*1):\xa0\n당기손익-공정가치\n유동자산:\n\xa0단기금융상품\n113,000,000\n113,000,000\n비유동자산:\n\xa0비유동성채무상품\n\xa03,435,774\xa0\n3,435,774\n\xa0비유동성매매목적파생상품자산\n\xa018,661,532\xa0\n21,544,903\n소 계\n135,097,306\n137,980,677\n기타포괄손익-공정가치\n유동자산:\n\xa0채무상품\n389,990\n130,148\n비유동자산:\n\xa0지분상품(*2)\n268,059,006\n269,417,268\n\xa0채무상품\n10,122,218\n10,288,975\n소 계\n278,571,214\n279,836,391\n파생상품자산\n비유동성위험회피파생상품자산\n53,131,403\n21,898,979\n소 계\n53,131,403\n21,898,979\n공정가치로 측정되는 금융자산 합계\n466,799,923\n439,716,047\n공정가치로 측정되지 않는 금융자산:\xa0\n상각후원가 금융자산(*3)\n유동자산:\n\xa0현금및현금성자산\n167,571,685\n726,809,054\n\xa0매출채권및기타채권\n522,181,478\n631,839,038\n\xa0단기금융상품\n581,000,000\n782,649,823\n\xa0단기대여금\n6,164,556\n6,164,556\n\xa0미수수익\n4,847,720\n4,807,360\n\xa0유동성보증금\n152,655,323\n287,412,909\n비유동자산:\n\xa0당좌개설보증금\n14,500\n14,500\n\xa0장기대여금\n15,411,390\n18,493,668\n\xa0기타채권\n238,240,271\n236,661,333\n\xa0보증금\n950,075,628\n841,461,953\n소 계\n2,638,162,551\n3,536,314,194\n공정가치로 측정되지 않는 금융자산 합계\n2,638,162,551\n3,536,314,194\n금융자산 합계\n3,104,962,474\n3,976,030,241\n(*1) 시장성 있는 경우 보고기간 종료일 현재 활성거래시장에서 거래되는 시장가격으로 공정가치를 측정하였으며, 활성거래시장이 존재하지 않는 경우에 대하여 외부평가기관의 평가를 받은 공정가치를 장부금액으로 계상하였습니다.\xa0(*2) 매각예정자산으로 분류된 지분상품인 momo.com Inc.주식이\xa0당분기말\xa0113,170,749천원(전기말 81,678,872천원) 포함되어 있습니다. (*3) 상각후원가로 평가하는 금융자산의 장부금액과 공정가치의 차이가 유의적이지 않습니다.(2) 당분기말과 전기말 현재 기타금융자산의 내역은 다음과 같습니다.\n(단위:천원)\n구\xa0 분\n제 51(당) 기 분기\xa0\n제 50(전) 기\n단기금융상품\n694,000,000\n895,649,823\n단기대여금\n6,164,556\n6,164,556\n미수수익\n4,847,720\n4,807,360\n유동성보증금\n152,655,323\n287,412,909\n유동성채무상품\n389,990\n130,148\n유동자산 계\n858,057,589\n1,194,164,796\n당좌개설보증금\n14,500\n14,500\n장기대여금\n15,411,390\n18,493,668\n보증금\n950,075,628\n841,461,953\n비유동지분상품\n154,888,257\n187,738,396\n비유동채무상품\n13,557,992\n13,724,749\n비유동성위험회피파생상품자산\n53,131,403\n21,898,979\n비유동성매매목적파생상품자산\n18,661,532\n21,544,903\n비유동자산 계\n1,205,740,702\n1,104,877,148\n(3) 당분기말과 전기말\xa0현재 기타포괄손익-공정가치 상품내역은 다음과 같습니다.1) 지분상품\n(단위:천원)\n종\xa0 목\n제 51(당) 기 분기\n제 50(전) 기\n주식수(주)\n지분율\n취득원가\n장부금액\n장부금액\n[시장성 있는 지분상품]\nBNK금융지주\n8,543,826\n2.62%\n56,179,407\n37,891,868\n65,445,707\n신한금융지주\n311,118\n0.07%\n2,247,354\n8,897,975\n13,486,965\nmomo.com Inc.(*)\n7,319,420\n5.23%\n35,956,169\n113,170,749\n81,678,872\n기타\n\u3000\n\u3000\n2,734,806\n931,013\n1,638,323\n소\xa0 계\n\u3000\n\u3000\n97,117,736\n160,891,605\n162,249,867\n[시장성 없는 지분상품]\nLotte Properties(Shenyang) Limited\n47,858,756\n17.93%\n61,213,425\n101,504,357\n101,504,357\n기타\n\u3000\n\u3000\n6,269,172\n5,663,044\n5,663,044\n소\xa0 계\n\u3000\n\u3000\n67,482,597\n107,167,401\n107,167,401\n합\xa0 계\n\u3000\n\u3000\n164,600,333\n268,059,006\n269,417,268\n(*) 매각예정자산으로 분류되어있습니다.\n2) 채무상품\n(단위:천원)\n종 목\n제 51(당) 기 분기\n제 50(전) 기\n취득원가\n장부금액\n장부금액\n국민주택채권\n10,014,000\n10,512,154\n10,419,070\n도시철도채권\n50\n54\n53\n합 계\n10,014,050\n10,512,208\n10,419,123\n(4) 당분기말과 전기말 현재 금융부채의 장부금액은 다음과 같습니다.\n(단위:천원)\n금융부채 범주\n계정명\n제 51(당) 기 분기\n제 50(전) 기\n공정가치로 측정되는 금융부채:\n당기손익-공정가치\n유동성매매목적파생상품부채\n7,946,730\n16,572,384\n소 계\n7,946,730\n16,572,384\n파생상품부채\n유동성위험회피파생상품부채\n106,750\n5,953\n비유동성위험회피파생상품부채\n3,077,994\n8,663,360\n소 계\n3,184,744\n8,669,313\n공정가치로 측정되는 금융부채 합계\n11,131,474\n25,241,697\n공정가치로 측정되지 않는 금융부채:\n상각후원가로 평가하는금융부채(*)\n유동부채:\n매입채무및기타채무\n1,404,387,681\n1,926,253,938\n단기차입금\n350,000,000\n100,000,000\n유동성장기차입금\n149,906,500\xa0\n149,873,443\n유동성사채\n632,849,343\n1,030,579,191\n유동성리스부채\n566,081,243\n552,513,360\n미지급비용\n141,315,605\n129,260,091\n유동성예수보증금\n140,854,022\n195,323,352\n비유동부채:\n장기차입금\n452,083,000\n445,347,000\n사채\n3,524,026,033\n3,476,027,601\n예수보증금\n187,289,936\n139,792,646\n비유동성리스부채\n5,776,977,523\n5,888,227,475\n기타부채\n6,730,741\n7,402,842\n소 계\n13,332,501,627\n14,040,600,939\n기타금융부채\n금융보증부채\n274,582,797\n263,311,153\n공정가치로 측정되지 않는 금융부채 합계\n13,607,084,424\n14,303,912,092\n금융부채 합계\n13,618,215,898\n14,329,153,789\n(*) 상각후원가로 평가하는 금융부채는 장부금액과 공정가치의 차이가 유의적이지 않습니다.\n(5) 당분기말과 전기말 현재 기타금융부채의 내역은 다음과 같습니다.\n(단위:천원)\n구\xa0 분\n제 51(당) 기 분기\n제 50(전) 기\n유동성매매목적파생상품부채\n7,946,730\n16,572,384\n유동성위험회피파생상품부채\n106,750\n5,953\n금융보증부채\n274,582,797\n263,311,153\n미지급비용\n141,315,605\n129,260,091\n유동성예수보증금\n140,854,022\n195,323,352\n유동부채 계\n564,805,904\n604,472,933\n비유동성위험회피파생상품부채\n3,077,994\n8,663,360\n예수보증금\n187,289,936\n139,792,646\n기타부채\n6,730,741\n7,402,842\n비유동부채 계\n197,098,671\n155,858,848\n(6) 공정가치의 측정당사는 공정가치로 측정되는 금융상품에 대하여 공정가치 측정에 사용된 변수에 따라 다음과 같은 공정가치 서열체계로 분류하고 있습니다.- 수준 1: 측정일에 동일한 자산이나 부채에 대한 접근 가능한 활성시장의 조정되지 않은 공시가격- 수준 2: 수준 1의 공시가격 이외에 자산이나 부채에 대해 직접적으로 또는 간접적으로 관측가능한 투입변수- 수준 3: 자산이나 부채에 대한 관측가능하지 않은 투입변수\n당분기말과 전기말 현재 공정가치로 측정되는 금융상품의 각 종류별 공정가치 수준별 측정치는 다음과 같습니다.\n① 제 51(당) 기 분기\n(단위:천원)\n구\xa0 분\n수준1\n수준2\n수준3\n합\xa0 계\n당기손익-공정가치 금융자산\n-\n-\n135,097,306\n135,097,306\n기타포괄손익-공정가치 금융자산\n160,891,605\n10,512,208\n107,167,401\n278,571,214\n위험회피파생상품자산\n-\n53,131,403\n-\n53,131,403\n금융자산 계\n160,891,605\n63,643,611\n242,264,707\n466,799,923\n당기손익-공정가치 금융부채\n-\n-\n7,946,730\n7,946,730\n위험회피파생상품부채\n-\n3,184,744\n-\n\xa03,184,744\n금융부채 계\n-\n3,184,744\n7,946,730\n11,131,474\n②\xa0제 50(전) 기\n(단위:천원)\n구\xa0 분\n수준1\n수준2\n수준3\n합\xa0 계\n당기손익-공정가치 금융자산\n-\n-\n137,980,677\n137,980,677\n기타포괄손익-공정가치 금융자산\n162,249,867\n10,419,123\n107,167,401\n279,836,391\n위험회피파생상품자산\n-\n21,898,979\n-\n21,898,979\n금융자산 계\n162,249,867\n32,318,102\n245,148,078\n439,716,047\n당기손익-공정가치 금융부채\n-\n-\n16,572,384\n16,572,384\n위험회피파생상품부채\n-\n8,669,313\n-\n8,669,313\n금융부채 계\n-\n8,669,313\n16,572,384\n25,241,697\n수준2에 해당하는 금융상품의 공정가치를 결정하기 위하여 환율, 이자율과 같은 가격이나 지수 등을 바탕으로 산출하였습니다.\n(7) 수준3 공정가치당분기와 전기 중\xa0수준 3\xa0공정가치의 변동내역은 다음과 같습니다.\n(단위:천원)\n구\xa0 분\n제 51(당) 기 분기\n제 50(전) 기\n기초잔액\n228,575,694\n231,113,393\n당해 기간의 총손익\n9,299,817\n(853,394)\n\xa0 당기손익에 포함된 손익\n9,299,817\n(2,810,964)\n\xa0 기타포괄손익에 포함된 손익\n-\n1,957,570\n매입\n-\n8,729,226\n매도 등\n(3,557,534)\n(10,413,531)\n기말잔액\n234,317,977\n228,575,694\n(8) 민감도 분석수준3에 해당하는 금융상품의 공정가치에 대해 다른 투입변수가 일정하게 유지되는\xa0경우 유의적이지만 관측가능하지 않은 투입변수 중 하나가 보고일에 합리적으로 변동하는 경우의 영향은 다음과 같습니다.\xa0\n①\xa0정산계약\n(단위: 천원)\n구 분\n할인율\n5% 감소\n5% 증가\n정산계약\n13,598\n(13,407)\n6. 재고자산(1) 당분기말과 전기말 현재 재고자산 내역은 다음과 같습니다.\n(단위:천원)\n구\xa0 분\n제 51(당) 기 분기\n제 50(전) 기\n상품(*)\n458,028,993\n467,022,851\n\xa0 평가손실충당금\n(8,171,546)\n(10,759,084)\n제품\n8,219,647\n9,479,724\n\xa0 평가손실충당금\n(38)\n(14)\n반제품\n73,084\n254,453\n원재료\n10,312,669\n7,612,894\n부재료\n85,101\n103,391\n저장품\n216,059\n321,369\n미착품\n10,463,364\n9,840,037\n미완성건물\n4,351,871\n-\n용지\n24,582,320\n-\n포장재\n835,011\n778,200\n합 계\n508,996,535\n484,653,821\n(*) 당분기말 반품예상재고\xa0294,455천원(전기말 487,216천원)이 포함되어 있습니다.\n(2)\xa0당분기와 전분기 중 비용으로 인식한 재고자산의 금액과 재고자산과 관련하여 인식한 평가손실충당금의 증감은 다음과 같습니다.\n(단위:천원)\n구\xa0 분\n제 51(당) 기 분기\n제 50(전) 기 분기\n매출원가:\n비용으로 인식한 재고자산\n1,220,614,577\n1,241,328,648\n재고자산평가손실충당금의 증가(감소)\n(2,587,514)\n(1,539,657)\n7. 기타비금융자산당분기말과 전기말 현재 기타비금융자산의 내역은 다음과 같습니다.\n(단위:천원)\n구\xa0 분\n제 51(당) 기 분기\n제 50(전) 기\n선급금\n7,963,152\n11,940,504\n선급비용\n17,651,172\n20,208,128\n유동자산 계\n25,614,324\n32,148,632\n장기선급금\n6,497,294\n6,497,294\n장기선급비용\n1,951,366\n2,073,187\n비유동자산 계\n8,448,660\n8,570,481\n8. 매각예정자산당분기말과 전기말 현재 매각예정자산으로 분류된 내역은 다음과 같습니다.\xa0\n(단위:천원)\n구\xa0 분\n제 51(당) 기 분기\n제 50(전) 기\n지분상품 등(*)\n113,859,395\n82,367,518\n토지 등\n21,714,217\n32,087,278\n합계\n135,573,612\n114,454,796\n(*) 당사는 시장성 있는 지분상품인 momo.com Inc.과 공동기업투자인 Shenyang SL Cinema Investment Management Co., Ltd.을 매각예정자산으로 분류하였습니다.\n9. 관계기업투자당분기말 및 전기말 중 관계기업투자의 장부금액 변동은 다음과 같습니다.\n(단위:천원)\n구\xa0 분\n제 51(당) 기 분기\n제 50(전) 기\n기초\n494,952,511\n286,044,896\n취득(*)\n600,000\n351,379,370\n손상차손\n-\n(39,050,954)\n처분\n-\n(68,420,801)\n재분류\n-\n(35,000,000)\n기말\n495,552,511\n494,952,511\n(*) 당분기 중 롯데스타트업펀드1호 지분을 추가 취득하였습니다.\n10. 공동기업투자당분기말 및 전기말 중 공동기업투자의 장부금액 변동은 다음과 같습니다.\n(단위: 천원)\n구\xa0 분\n제 51(당) 기 분기\n제 50(전) 기\n기초\n14,625,747\n15,488,323\n처분\n-\n(173,930)\n재분류\n-\n(688,646)\n기말\n14,625,747\n14,625,747\n11. 종속기업투자\n(1) 당분기말 및 전기말 중 종속기업투자의 장부금액 변동은 다음과 같습니다.\n(단위:천원)\n구\xa0 분\n제 51(당) 기 분기\n제 50(전) 기\n기초\n3,940,964,260\n3,272,045,869\n취득(*)\n87,166,765\n848,422,704\n손상차손\n-\n(182,401,876)\n처분\n-\n(32,102,437)\n재분류\n-\n35,000,000\n기말\n4,028,131,025\n3,940,964,260\n(*) 당분기 중 롯데인천타운 지분을 추가 취득하였습니다.\n(2) 당분기말과 전기말 현재 종속기업투자 중 시장성 있는 지분에 대한 공정가치는 다음과 같습니다.\n(단위:천원)\n구\xa0 분\n제 51(당) 기 분기\n제 50(전) 기\n롯데하이마트\n241,061,238\n475,961,167\n롯데위탁관리부동산투자회사\n435,941,121\n529,664,163\n12.\xa0유형자산\n당분기 및 전기 중 유형자산의 변동내역은 다음과 같습니다.\n(단위:천원)\n구\xa0 분\n제 51(당) 기 분기\n제 50(전) 기\n기초\n11,110,901,481\n12,375,549,148\n취득\n65,606,406\n361,546,663\n처분\n(939,521)\n(789,096,356)\n매각예정\n(420,249)\n(32,246,055)\n상각\n(89,397,572)\n(424,934,688)\n손상차손\n-\n(59,988,104)\n기타증(감)(*)\n(201,571,068)\n(319,929,127)\n기말\n10,884,179,477\n11,110,901,481\n(*) 기타증(감)액은 계정간 대체 등으로 구성되어 있습니다.\n13. 투자부동산당분기 및 전기 중 투자부동산의 변동내역은 다음과 같습니다.\n(단위:천원)\n구\xa0 분\n제 51(당) 기 분기\n제 50(전) 기\n기초\n1,116,505,540\n991,787,629\n회계정책의 변경\n-\n129,685,409\n상각\n(10,790,652)\n(25,725,094)\n기타증(감)(*)\n221,724,838\n20,757,596\n기말\n1,327,439,726\n1,116,505,540\n(*) 기타증(감)액은 계정간 대체 등으로 구성되어 있습니다.\n14. 영업권 및 무형자산(1) 당분기 및 전기 중 영업권 및 무형자산의 변동내역은 다음과 같습니다.\n(단위:천원)\n구\xa0 분\n제 51(당) 기 분기\n제 50(전) 기\n기초\n279,524,667\n435,977,187\n회계정책의 변경\n-\n(158,738,219)\n취득\n230,650\n1,748,568\n처분\n(289,432)\n(213,734)\n상각\n(2,846,024)\n(8,947,127)\n손상차손\n-\n(12,028,263)\n기타증(감)(*)\n393,771\n21,726,255\n기말\n277,013,632\n279,524,667\n(*) 기타증(감)액은 계정간 대체 등으로 구성되어 있습니다.\n(2) 당분기말과 전기말 현재 영업부문별 각 현금창출단위에 배부된 영업권은 다음과 같습니다.\n(단위:천원)\n구\xa0 분\n제 51(당) 기 분기\n제 50(전) 기\n백화점\n192,828,162\n192,828,162\n슈퍼\n3,566,790\n3,566,790\n기타\n28,264,618\n28,264,618\n합 계\n224,659,570\n224,659,570\n15. 매입채무 및 기타채무당분기말과 전기말 현재 매입채무 및 기타채무의 상세 내역은 다음과 같습니다.\n(단위:천원)\n구\xa0 분\n제 51(당) 기 분기\n제 50(전) 기\n매입채무\n310,992,969\n332,740,613\n미지급금\n1,093,394,712\n1,593,513,325\n합 계\n1,404,387,681\n1,926,253,938\n16. 차입금 및 사채(1) 당분기말과 전기말 현재 차입금 및 사채의 내역은 다음과 같습니다.\n(단위:천원)\n구\xa0 분\n제 51(당) 기 분기\n제 50(전) 기\n단기차입금\n350,000,000\n100,000,000\n유동성장기차입금\n150,000,000\n150,000,000\n현재가치할인차금\xa0\n(93,500)\n(126,557)\n유동성사채\n653,600,000\n1,053,600,000\n유동성사채할인발행차금\n(1,992,559)\n(2,202,963)\n유동성사채상환할증금\n7,681,080\n7,681,080\n교환권조정\n(26,439,178)\n(28,498,926)\n유동부채 계\n1,132,755,843\n1,280,452,634\n장기차입금\xa0\n452,083,000\n445,347,000\n사채\xa0\n3,528,611,000\n3,480,983,000\n사채할인발행차금\xa0\n(4,584,967)\n(4,955,399)\n비유동부채 계\n3,976,109,033\n3,921,374,601\n(2) 당분기말과 전기말 현재 단기차입금의 내역은 다음과 같습니다.\n(단위:천원)\n차입처\n내 역\n연이자율(%)\n제 51(당) 기 분기\n제 50(전) 기\n신한은행\n어음차입금\n91일 CD금리 + 0.3~ 91일 CD금리 + 0.5\n300,000,000\n100,000,000\n국민은행\n한도대출\n91일 CD금리 + 1.58\n50,000,000\n-\n합 계\n350,000,000\n100,000,000\n(3) 당분기말과 전기말 현재 장기차입금의 내역은 다음과 같습니다.\n(단위:천원)\n차입처\n내 역\n연이자율(%)\n제 51(당) 기 분기\n제 50(전) 기\n주식회사 롯데(일본)\n외화장기차입금\n3M Tibor + 1.23\n113,083,000\n106,347,000\nDB금융투자\n원화장기차입금\n2.46\n150,000,000\n150,000,000\n미즈호코퍼레이트은행\n원화장기차입금\n2.35\n165,000,000\n165,000,000\n미즈호코퍼레이트은행\n원화장기차입금\n2.44\n174,000,000\n174,000,000\n소 계\n602,083,000\n595,347,000\n현재가치할인차금\n(93,500)\n(126,557)\n총 장부금액\n601,989,500\n595,220,443\n유동성장기차입금\n(149,906,500)\n(149,873,443)\n합 계\n452,083,000\n445,347,000\n(4) 당분기말과 전기말 현재 사채의 내역은 다음과 같습니다.\n(단위:천원)\n종 류\n만기일\n연이자율(%)\n제 51(당) 기 분기\n제 50(전) 기\n제65-1회 원화사채\n2020.03.03\n2.26\n-\n160,000,000\n제65-2회 원화사채\n2022.03.03\n2.45\n240,000,000\n240,000,000\n제66-1회 원화사채\n2020.06.23\n2.40\n130,000,000\n130,000,000\n제66-2회 원화사채\n2022.06.23\n2.64\n50,000,000\n50,000,000\n제66-3회 원화사채\n2025.06.23\n2.98\n140,000,000\n140,000,000\n제68회 원화사채\n2020.07.31\n2.40\n110,000,000\n110,000,000\n제70-2회 원화사채\n2021.04.04\n2.02\n170,000,000\n170,000,000\n제70-3회 원화사채\n2026.04.04\n2.48\n70,000,000\n70,000,000\n제72-1회 원화사채\n2020.01.23\n1.94\n-\n240,000,000\n제72-2회 원화사채\n2022.01.23\n2.36\n160,000,000\n160,000,000\n제73-1회 원화사채\n2020.06.15\n2.11\n110,000,000\n110,000,000\n제73-2회 원화사채\n2022.06.15\n2.50\n150,000,000\n150,000,000\n제73-3회 원화사채\n2024.06.15\n2.69\n100,000,000\n100,000,000\n제74회 원화사채\n2022.06.29\n2.48\n50,000,000\n50,000,000\n제75회 원화사채\n2024.08.07\n2.74\n150,000,000\n150,000,000\n제76-1회 외화사채\n2021.05.21\n3M USD Libor\n122,260,000\n115,780,000\n제76-2회 외화사채\n2021.05.21\n3M USD Libor+0.95\n213,955,000\n202,615,000\n제77-1회 원화사채\n2021.05.28\n2.64\n160,000,000\n160,000,000\n제77-2회 원화사채\n2023.05.30\n2.96\n310,000,000\n310,000,000\n제77-3회 원화사채\n2028.05.30\n3.47\n100,000,000\n100,000,000\n제78-1회 외화사채\n2021.08.17\n3M USD Libor\n195,616,000\n185,248,000\n제78-2회 외화사채\n2021.08.28\n3M USD Libor + 0.95\n122,260,000\n115,780,000\n제79회 원화사채\n2033.08.07\n3.55\n70,000,000\n70,000,000\n제80회 원화사채\n2038.08.29\n3.40\n30,000,000\n30,000,000\n제81회 외화사채\n2022.01.28\n3M USD Libor\n122,260,000\n115,780,000\n제82-1회 원화사채\n2022.01.28\n2.09\n110,000,000\n110,000,000\n제82-2회 원화사채\n2024.01.30\n2.29\n150,000,000\n150,000,000\n제82-3회 원화사채\n2029.01.30\n2.73\n140,000,000\n140,000,000\n제83-1회 원화사채\n2024.08.29\n1.59\n100,000,000\n100,000,000\n제83-2회 원화사채\n2026.08.28\n1.67\n70,000,000\n70,000,000\n제83-3회 원화사채\n2029.08.29\n1.80\n110,000,000\n110,000,000\n제84회 외화사채\n2022.11.29\n3M USD Libor\n122,260,000\n115,780,000\n교환사채(*1)\n2023.04.04\n-\n303,600,000\n303,600,000\n소 계\n4,182,211,000\n4,534,583,000\n사채할인발행차금\n(6,577,526)\n(7,158,362)\n사채상환할증금\n7,681,080\n7,681,080\n교환권조정\n(26,439,178)\n(28,498,926)\n총 장부금액\n4,156,875,376\n4,506,606,792\n유동성사채\n(632,849,343)\n(1,030,579,191)\n합 계\n3,524,026,033\n3,476,027,601\n(*1) 당사는 종속기업인 롯데하이마트의 주식을 기초자산으로 하는 교환사채를 발행하였으며 발행내역은 다음과 같습니다.\n구 분\n내 용\n1. 사채의 종류\n기명식무보증무담보 해외교환사채\n2. 사채의 권면총액(원)\n303,600,000,000\n3. 사채의 이율\n표면이자율\n0%\n만기이자율\n0.50%\n4. 만기일\n2023년 04월 04일\n5. 원금상환방법\n1. 만기상환: 만기까지 조기상환사유가 발생하지 아니하고 교환권을 행사하지 아니한 사채의 원리금에 대하여 만기일에 일시 상환\n2. 조기상환: 당사의 조기상환권(Call Option) 및 사채권자의 조기상환청구권(Put Option) 있음.\n6. 투자자의 조기상환권\n사채권자의 조기상환청구권(Put Option): 다음의 사유 발생시 조기상환청구권 행사 가능- 납입일로부터 3년 후(2021년 04월 04일)- 회사의 지배권 변동(Change of Control)이 발생하는 경우- 회사발행주식이 상장폐지되거나 30 연속 거래일 이상 거래정지되는 경우\n7. 발행자의 조기상환권\n다음의 사유 발생시 조기상환 가능- 납입일로부터 3년 후 (2021년 04월 04일)부터 사채 만기일 30영업일 전까지 30연속 거래일의 기간 동안 교환대상 주식 종가가 조기상환을 적용한 사채권면금액을 교환비율로 나눈 금액의 130%이상인 날이 20 거래일 이상일 경우- 미상환사채잔액이 총 발행총액의 10% 미만인 경우(Clean Up Call)- 관련 법령의 개정 등으로 인한 추가조세부담사유가 발생하는 경우\n8. 교환에 관한 사항\n교환비율 (%)\n100\n교환가액 (원/주)\n85,840\n교환대상\n롯데하이마트 주식회사 보통주식\n교환청구기간\n시작일\n2018년 05월 14일\n종료일\n2023년 03월 24일\n교환가액 조정에 관한 사항\n주식배당 등 사유발생시 사채인수계약서에서 정한 바에 따라 조정\n(5) 당분기말 현재 장기차입금 및 사채의 연도별 상환계획은 다음과 같습니다.\n(단위:천원)\n구\xa0\xa0 분\n장기차입금\n사채\n합\xa0\xa0 계\n2020.04.01 ~ 2021.03.31\n150,000,000\n653,600,000\n803,600,000\n2021.04.01 ~ 2022.03.31\n452,083,000\n1,616,351,000\n2,068,434,000\n2022.04.01 ~ 2023.03.31\n-\n372,260,000\n372,260,000\n2023.04.01 ~ 2024.03.31\n-\n460,000,000\n460,000,000\n2024.04.01 이후\n-\n1,080,000,000\n1,080,000,000\n합\xa0 계\n602,083,000\n4,182,211,000\n4,784,294,000\n17. 충당부채(1) 당분기 중 충당부채의 변동내역은 다음과 같습니다.\n(단위:천원)\n구\xa0 분\n기초장부금액\n증가\n감소\n기말장부금액\n상여충당부채\n-\n11,215,032\n(11,104,682)\n110,350\n반품충당부채\n1,352,275\n193,496\n(402,664)\n1,143,107\n복구충당부채\n2,885,183\n24,170\n(29,136)\n2,880,217\n소송충당부채\n2,336,374\n-\n-\n2,336,374\n기타충당부채\n194,896\n780,775\n(387,805)\n587,866\n유동부채 계\n6,768,728\n12,213,473\n(11,924,287)\n7,057,914\n복구충당부채\n148,585,646\n864,655\n(308,648)\n149,141,653\n비유동부채 계\n148,585,646\n864,655\n(308,648)\n149,141,653\n(2) 전기 중 충당부채의 변동내역은 다음과 같습니다.\n(단위:천원)\n구\xa0 분\n기초장부금액\n증가\n감소\n기말장부금액\n상여충당부채\n-\n37,735,597\n(37,735,597)\n-\n반품충당부채\n1,592,925\n199,242\n(439,892)\n1,352,275\n복구충당부채\n-\n2,885,183\n-\n2,885,183\n소송충당부채\n2,405,019\n-\n(68,645)\n2,336,374\n기타충당부채\n11,008,774\n4,772,043\n(15,585,921)\n194,896\n유동부채 계\n15,006,718\n45,592,065\n(53,830,055)\n6,768,728\n복구충당부채\n-\n148,585,646\n-\n148,585,646\n비유동부채 계\n-\n148,585,646\n-\n148,585,646\n18.\xa0기타비금융부채\n당분기말과 전기말 현재 기타비금융부채의 내역은 다음과 같습니다.\n(단위:천원)\n구\xa0 분\n제 51(당) 기 분기\n제 50(전) 기\n예수금\n15,031,337\n16,386,064\n부가세예수금\n46,191,348\n99,900,004\n선수금\n772,692,289\n779,166,867\n유동부채 계\n833,914,974\n895,452,935\n19. 종업원급여\n(1) 당분기말과 전기말 현재 확정급여자산의 내역은 다음과 같습니다.\n(단위:천원)\n구\xa0 분\n제 51(당) 기 분기\n제 50(전) 기\n사외적립자산의 공정가치\n709,925,360\n725,076,200\n확정급여채무의 현재가치\n(700,765,449)\n(689,972,359)\n확정급여제도의 자산\xa0인식액\n9,159,911\n35,103,841\n(2) 당분기말과 전기말 현재 기타장기급여채무의 내역은 다음과 같습니다.\n(단위:천원)\n구\xa0 분\n제 51(당) 기 분기\n제 50(전) 기\n기타장기급여채무의 현재가치\n66,894,678\n66,808,950\n(3) 당분기 및 전분기에 손익으로 인식된 비용은 다음과 같습니다.\n(단위:천원)\n구\xa0 분\n제 51(당) 기 분기\n제 50(전) 기 분기\n당기근무원가\n21,627,366\n20,071,870\n이자원가\n3,862,134\n3,762,655\n사외적립자산의 이자수익\n(4,430,675)\n(4,531,313)\n확정기여제도로 인식한 퇴직급여 등\n527,800\n192,613\n장기종업원급여\n4,524,773\n2,572,613\n합 계\n26,111,398\n22,068,438\n20. 기타포괄손익누계액당분기말과 전기말 기타포괄손익누계액은 다음과 같습니다.\n(단위:천원)\n구\xa0 분\n제 51(당) 기 분기\n제 50(전) 기\n기타포괄손익-공정가치 평가손익\n75,113,790\n76,032,908\n현금흐름위험회피\n(20,022,209)\n(12,111,730)\n합 계\n55,091,581\n63,921,178\n21. 주당이익(손실)(1) 기본주당이익 당분기와 전분기 중 주당이익(손실)의 산정내역은 다음과 같습니다.\n(단위:원)\n내\xa0 역\n제 51(당) 기 분기\n제 50(전) 기 분기\n분기순이익(손실)\n(3,740,181,148)\n73,893,734,626\n가중평균유통보통주식수(주)\n28,270,640\n28,270,640\n기본주당순이익(손실)\n(132)\n2,614\n(2) 희석주당이익당사는 잠재적보통주를 발행하지 않았으므로 기본주당이익과 희석주당이익은 동일합니다.\n22.\xa0매출(1) 당사는 매출과 관련해 포괄손익계산서에 다음 금액을 인식하였습니다.\n(단위:천원)\n구\xa0 분\n제 51(당) 기 분기\n제 50(전) 기 분기\n고객과의 계약에서생기는 수익\n총 매출액\n3,378,499,352\n3,895,790,211\n\xa0상품매출액\n3,162,929,065\n3,702,080,850\n\xa0제품매출액\n147,007,361\n120,015,061\n\xa0기타매출액\n68,562,926\n73,694,300\n매출차감\n1,370,926,175\n1,755,361,710\n\xa0매출에누리와 환입\n202,644,432\n225,459,723\n\xa0반품충당부채 및 이연매출\n32,377,034\n44,642,434\n\xa0특정상품매출원가\n1,135,904,709\n1,485,259,553\n기타 원천으로부터의 수익: 임대수익\n256,363,973\n328,987,429\n합 계\n2,263,937,150\n2,469,415,930\n(2)\xa0당사가\xa0고객과의 계약에서 생기는 수익과 관련하여\xa0인식하고 있는 계약자산 및 계약부채는 아래와 같습니다.\n(단위:천원)\n구\xa0 분\n제 51(당) 기 분기\n제 50(전) 기\n계약자산 - 반품예상재고\n294,455\n487,216\n계약자산 계\n294,455\n487,216\n계약부채 - 고객충성제도\n87,215,242\n89,700,242\n계약부채 - 상품권\n797,201,971\n778,085,306\n계약부채 - 기타\n15,612,154\n43,292,936\n계약부채 계\n900,029,367\n911,078,484\n(3) 상품권 관련 이행되지 않은 수행의무의 시기별 예상회수액은 다음과 같습니다.\n(단위:천원)\n장부금액\n1년\n1 ~ 5년\n5년초과\n\xa0 \xa0 \xa0 \xa0 \xa0\xa0 797,201,971\xa0\n\xa0 \xa0 \xa0 \xa0 \xa0\xa0 519,537,112\xa0\n\xa0 \xa0 \xa0 \xa0 \xa0\xa0 274,640,683\xa0\n\xa0 \xa0 \xa0 \xa0 \xa0 \xa0 \xa0 3,024,176\xa0\n23. 판매비와관리비 및 대손상각비당분기와 전분기 중 발생한 판매비와관리비 및 대손상각비의 내역은 다음과 같습니다.\n(단위:천원)\n계정과목\n제 51(당) 기 분기\n제 50(전) 기 분기\n급여및상여\n229,353,832\n234,701,381\n퇴직급여\n21,369,855\n19,314,398\n장기종업원급여\n4,449,219\n2,544,999\n복리후생비\n42,055,204\n41,880,382\n교육훈련비\n932,126\n1,835,471\n여비교통비\n2,813,770\n3,840,097\n차량유지비\n362,342\n365,528\n보험료\n2,342,336\n2,544,392\n세금과공과\n14,585,965\n10,799,368\n접대비\n683,199\n400,789\n소모품비\n7,792,119\n8,635,570\n도서인쇄비\n185,306\n149,682\n통신비\n2,624,090\n2,819,619\n수도광열비\n55,983,684\n61,000,925\n수선유지비\n6,407,996\n5,550,574\n지급임차료\n24,822,635\n26,957,332\n감가상각비\n234,756,709\n254,659,982\n무형자산상각비\n2,841,223\n5,315,824\n지급수수료\n112,536,926\n132,163,458\n용역비\n183,137,074\n193,706,600\n광고선전비\n18,351,824\n22,607,089\n견본비\n28,950\n54,204\n판매수수료\n23,163,708\n28,864,755\n판매촉진비\n19,350,182\n20,296,399\n장식비\n974,985\n1,938,390\n대손상각비\n219,777\n22,656\n운반보관료\n7,133,488\n5,973,326\n연구개발비\n60,069\n40,254\n보상비\n2,031,033\n3,048,433\n충당부채환입\n(12,838)\n-\n잡비\n290,784\n496,543\n합 계\n1,021,627,572\n1,092,528,420\n24. 기타수익 및 비용당분기와 전분기 중 발생한 기타수익 및 기타비용의 내역은 다음과 같습니다.\n(단위:천원)\n계정과목\n제 51(당) 기 분기\n제 50(전) 기 분기\n기타수익:\n외환차익\n209,517\n128,848\n외화환산이익\n219,094\n179,211\n유형자산처분이익\n274,449\n190,051\n무형자산처분이익\n-\n3,137\n리스종료이익\n2,874,840\n32,743\n사용권자산처분이익\n4,964,651\n152,678\n매각예정자산처분이익\xa0 \xa0 \xa0\n1,113,228\n32,107\n잡이익\n7,132,654\n4,399,324\n합 계\n16,788,433\n5,118,099\n기타비용:\n외환차손\n445,739\n176,193\n외화환산손실\n55,616\n59,409\n유형자산처분손실\n306,470\n424,478\n무형자산처분손실\n273,599\n-\n무형자산손상차손\n-\n280,565\n리스종료손실\xa0 \xa0 \xa0 \xa0 \xa0\xa0\n65,832\n102,633\n매각예정자산처분손실\n295,428\n-\n매각예정자산손상차손\n-\n30,499,877\n기부금\n1,628,200\n2,820,799\n사용권자산처분손실\n3,272,806\n-\n기타의대손상각비\n811,147\n68,264\n잡손실\n2,028,459\n8,541,566\n합 계\n9,183,296\n42,973,784\n25. 금융수익과 금융비용당분기와 전분기 중 발생한 금융수익 및 금융비용의 내역은 다음과 같습니다.\xa0\n(단위:천원)\n구\xa0 분\n제 51(당) 기 분기\n제 50(전) 기 분기\n금융수익:\n유효이자율법에 따른 이자수익\n14,934,064\n16,926,348\n배당금수익\n56,423,111\n52,612,944\n외환차익\n2,566,600\n120,000\n외화환산이익\n3,978,200\n1,979,000\n위험회피파생상품평가이익\n47,628,000\n13,489,500\n매매목적파생상품평가이익\n8,820,997\n989,705\n위험회피파생상품거래이익\n-\n700,000\n매매목적파생상품거래이익\n712,808\n221,014\n종속기업,관계기업및공동기업투자처분이익\n-\n760,312\n금융보증부채환입\n-\n45,968,732\n합 계\n135,063,780\n133,767,555\n금융비용:\n유효이자율법에 따른 이자비용\n75,775,157\n78,017,944\n외환차손\n-\n709,000\n외화환산손실\n54,364,000\n14,995,500\n매매목적파생상품평가손실\n201,110\n67,251\n위험회피파생상품거래손실\n-\n120,000\n매매목적파생상품거래손실\n32,877\n86,074\n금융보증비용\n9,933,833\n-\n종속기업,관계기업및공동기업투자손상차손\n-\n41,950,400\n합 계\n140,306,977\n135,946,169\n26. 법인세비용법인세비용은 당기법인세비용에서 과거기간 당기법인세에 대하여 당분기에 인식한 조정사항, 일시적차이의 발생과 소멸로 인한 이연법인세비용(수익) 및 당기손익 이외로인식되는 항목과 관련된 법인세비용(수익)을 조정하여 산출하였습니다.27. 현금흐름표(1) 당분기말과 전기말 현재 현금및현금성자산의 내역은 다음과 같습니다.\n(단위:천원)\n구\xa0 분\n제 51(당) 기 분기\n제 50(전) 기\n현금\n8,871,627\n11,537,297\n예금\n27,323,646\n29,984,890\n기타현금성자산\n131,376,412\n685,286,867\n합\xa0 계\n167,571,685\n726,809,054\n(2) 당분기 및\xa0전분기 중\xa0영업활동현금흐름의 조정내역 및 영업활동으로 인한 자산부채의 변동은 다음과 같습니다.1) 조정\n(단위:천원)\n구\xa0 분\n제 51(당) 기 분기\n제 50(전) 기 분기\n법인세비용\n17,648,879\n11,058,014\n퇴직급여\n21,058,825\n19,303,212\n장기종업원급여\n4,524,773\n2,572,613\n감가상각비\n237,107,151\n257,002,738\n무형자산상각비\n2,846,024\n5,320,626\n무형자산손상차손\n-\n280,565\n매각예정자산손상차손\n-\n30,499,877\n외화환산손실\n54,419,616\n15,054,909\n외환차손\n-\n709,000\n유형자산처분손실\n306,470\n424,478\n무형자산처분손실\n273,599\n-\n사용권자산처분손실\n3,272,806\n-\n매각예정자산처분손실\n295,428\n-\n대손상각비\n219,777\n22,656\n기타의대손상각비\n811,147\n68,264\n파생상품평가손실\n201,110\n67,251\n파생상품거래손실\n32,877\n206,074\n지급임차료(현재가치할인차금 상각 등)\n19,992\n930,086\n리스종료손실\n65,832\n102,633\n종속기업,관계기업및공동기업투자손상차손\n-\n41,950,399\n이자비용\n75,775,157\n78,017,944\n잡손실\n1,240\n3,693\n기타현금의유출이없는비용 등\n463,970\n1,768,448\n외화환산이익\n(4,197,294)\n(2,158,211)\n외환차익\n(2,566,600)\n(120,000)\n유형자산처분이익\n(274,449)\n(190,051)\n파생상품평가이익\n(56,448,996)\n(14,479,205)\n파생상품거래이익\n(712,808)\n(921,014)\n리스종료이익\n(2,874,840)\n(32,743)\n사용권자산처분이익\n(4,964,651)\n(152,678)\n종속기업,관계기업및공동기업투자처분이익\n-\n(760,312)\n금융보증비용(환입)\n9,933,833\n(45,968,732)\n무형자산처분이익\n-\n(3,137)\n매각예정자산처분이익\n(1,113,228)\n(32,107)\n임대수익\n(1,490,927)\n(1,207,109)\n이자수익\n(14,934,064)\n(16,926,348)\n배당금수익\n(56,423,111)\n(52,612,944)\n잡이익\n(4,596,374)\n-\n합 계\n278,681,164\n329,798,889\n2) 영업활동으로 인한 자산부채의 변동\n(단위:천원)\n구\xa0 분\n제 51(당) 기 분기\n제 50(전) 기 분기\n매출채권의감소\n96,656,504\n55,091,932\n기타채권의감소\n65,247,353\n26,674,255\n기타금융자산의감소\n13,572,427\n12,320,196\n재고자산의감소(증가)\n4,591,477\n(20,016,348)\n기타비금융자산의감소(증가)\n(2,201,319)\n6,236,707\n매입채무의증가(감소)\n(21,764,426)\n14,313,618\n기타채무의감소\n(589,065,170)\n(167,107,697)\n기타금융부채의증가(감소)\n8,405,367\n(20,431,113)\n기타비금융부채의증가(감소)\n(61,576,850)\n10,610,663\n선수수익의감소\n(2,081,950)\n(1,941,356)\n충당부채의감소\n(198,955)\n(7,980,266)\n기타장기급여채무의지급\n(4,462,481)\n(1,942,216)\n확정급여채무및기타장기급여채무의지급\n(21,969,063)\n(13,855,786)\n사외적립자산의감소\n19,079,920\n9,829,419\n합 계\n(495,767,166)\n(98,197,992)\n(3) 당분기와\xa0전분기\xa0중 현금의 유입과 유출이 없는 주요 거래는 다음과 같습니다.\n(단위:천원)\n구\xa0 분\n제 51(당) 기 분기\n제 50(전) 기 분기\n유형자산취득 미지급금\n(18,465,845)\n(31,883,529)\n사용권자산의 취득\n42,026,307\n46,080,434\n28. 우발부채와 약정사항\n(1) 당분기 현재 당사와 금융기관과 주요 약정내용은 다음과 같습니다.\n(원화단위:천원, 외화단위 :USD)\n구\xa0 분\n한\xa0 도\n사용액\n일반대출\n439,000,000\n389,000,000\n어음할인\n450,000,000\n450,000,000\n구매카드\n240,000,000\n-\n당좌차월\n45,000,000\n-\n수입신용장 개설\nUSD 23,000,000\nUSD 9,061,037\n(2) 당사는 롯데인천개발, 롯데역사 및 씨에스유통과 맺은 경영관리계약에 따라 백화점 및 슈퍼의 운영을 맡고 있으며, 이에 대한 대가로 영업이익(감가상각비 차감전)의 100분의 10에 해당하는 금액을 경영관리수수료로 받고 있으며, 이를 매출액 중 기타매출액으로 계상하고 있습니다.\n(3) 당분기말 현재 당사의 계류 중인 소송사건은 당사가 원고인 27건(소송가액 48,789,941천원)과 당사가 피고인 25건(소송가액 51,657,691천원)이 있으나, 당사의 경영진은 동 소송의 최종결과가 당사의 재무상태에 중요한 영향을 주지 않을 것으로 예상하고 있습니다.한편, 상기 당사가 피고인 소송 건 중에는 가습기세정제 피해와 관련하여 당분기말 현재 8건(소송가액 23,487,273천원)의 소송이 포함되어 있으며, 이와 관련한 예상손실액을 합리적으로 추정하여 2,336,374천원을 충당부채로 계상하고 있습니다. (4) 당분기말 현재 기업은행 등과 체결하고 있는 외상매출채권담보대출 약정 한도금액은 402,000,000천원입니다.(5) 당분기말 현재 당사는 영업과 관련된 이행보증 등과 관련하여 서울보증보험 등으로부터 59,701,768천원(157건)의 이행보증 등을 제공받고 있습니다.\n(6) 브랜드 사용 계약 등당분기말 현재 당사는 롯데지주 주식회사와 브랜드 사용계약, 경영자문 및 경영지원 용역계약을 체결하고 있습니다. 브랜드 사용 대가는 매출액에서 광고선전비를 차감한 금액의 0.15%, 경영자문 및 경영지원 용역대가는 롯데지주 주식회사가 대상업무를 수행하는 과정에서 발생한 비용 등을 객관적이고 합리적인 배부기준에 따라 배분할 금액에 5%를 곱한 금액을 가산한 금액으로 지급하고 있습니다.\n(7) 당분기말 현재 당사는 코람코전문투자형사모부동산투자신탁제57호 신규 담보대출(508억원, 2022년 3월 25일 만기)과 관련하여 발행사인 롯데캐피탈주식회사, 주식회사 하나은행에 대하여 당사 또는 당사 지정 제 3자가 대출채권 전액을 매입하는 조건인 신용공여약정을 체결하고 있습니다.(8) 당사는 할인점 사업부 판촉비용과 관련하여 공정거래위원회로부터 부과 받은 과징금에 대해 행정소송을 진행 중이며, 현재로서는 소송 결과에 대해 신뢰성 있게 예측할 수 없습니다. 부과 받은 과징금 전액에 대해서는 전기에 비용으로 계상하였습니다.(9) 당사는 구조화기업에 토지와 건물을 매각한 후 임차하여 사용하고 있으며 그 내역은 다음과 같습니다. ① 2008년 KTB칸피던스사모부동산투자신탁 제29호에 롯데마트 제주점을 포함한 3개점의 토지와 건물을 2,200억원에 매각한 후 임차하여 사용하고 있으며, 임대차기간 종료 시 해당 점포의 토지와 건물을 공정가치로 우선 매수할 수 있는 권리가 있습니다.② 2010년과 2011년 롯데리테일사모부동산투자신탁 제1~4호에 롯데백화점 분당점을 포함한 6개점의 토지와 건물을 5,949억원에 매각한 후 임차하여 사용하고 있으며, 임대차기간 종료 시 해당 점포의 토지와 건물을 공정가치로 우선 매수할 수 있는 권리가 있습니다.\n③ 2013년 KB스타리테일사모부동산투자신탁 제1호로부터 롯데아울렛 이시아폴리스점의 건물을 임차하여 사용하고 있으며 동 건물에 대한 우선매수협상권을 보유하고 있습니다.\n④ 2014년 KB롯데마스터리스사모부동산투자신탁 제1호에 롯데백화점 일산점을 포함한 2개점과 롯데마트 부평점을 포함한 5개점의 토지와 건물을 6,017억원에 매각한후 임차하여 사용하고 있고, 캡스톤사모부동산투자신탁11호에 롯데백화점 동래점을 포함한 2개점과 롯데마트 성정점을 포함한 3개점의 토지와 건물을 5,001억원에 매각한 후 임차하여 사용하고 있으며 각 점포의 임대차기간 종료 시 해당 점포의 토지와 건물에 대한 우선매수협상권을 보유하고 있습니다.\n⑤ 2015년 KTB칸피던스사모부동산투자신탁 제55호에 롯데아울렛 광명점의 건물을 1,469억원에 매각한 후 임차하여 사용하고 있고, KTB칸피던스사모부동산투자신탁 제81호에 롯데마트 양덕점의 토지와 건물을 551억원에 매각한 후 임차하여 사용하고 있으며 각 점포의 임대차기간 종료 시 해당 점포의 토지와 건물에 대한 우선매수협상권을 보유하고 있습니다.\n⑥ 2019년 롯데위탁관리부동산투자회사에 롯데백화점 강남점의 토지와 건물을\xa02,697억원에\xa0현물출자한 후 임차하여 사용하고 있고, 롯데백화점 창원점을 포함한 5개점, 롯데마트 의왕점을 포함한 4개점을 10,623억원에 매각 후 임차하여 사용하고 있습니다. 각 점포의 임대차기간 종료 시 해당 점포의 토지와 건물에 대한 우선매수협상권을 보유하고 있습니다.\r\n⑦ 2018년 코람코전문투자형사모부동산투자신탁 제82호에 롯데마트 금천점의 토지와 건물을 642억원에 매각한 후 임차하여 사용하고 있으며 임대차기간 종료 시 해당 점포의 토지와 건물에 대한 우선매수협상권을 보유하고 있습니다.(10) 당사는 2019년 롯데위탁관리부동산투자회사에게 롯데백화점 본점을 포함한 17개점, 롯데마트 강변점을 포함한 67개점에 대해서 우선매수 협상권을 부여하였습니다.\n29. 특수관계자와의 거래\n(1) 당분기말 현재 당사의 주요주주 및 종속관계에 있는 기업의 내역은 다음과 같습니다.\n주요주주명\n지분율(%)\n롯데지주(*)\n40.00\n호텔롯데\n8.86\n부산롯데호텔\n0.78\n(*) 당사에 유의적인 영향력을 행사하는 기업입니다.\n종속기업명\n지분율(%)\n당사\n종속기업\n합계\n우리홈쇼핑\n53.03\n-\n53.03\nLotte DatViet Homeshopping Co., Ltd.\n-\n91.77\n91.77\n롯데지에프알\n99.93\n-\n99.93\n롯데김해개발\n100.00\n-\n100.00\n롯데수원역쇼핑타운\n100.00\n-\n100.00\n롯데송도쇼핑타운\n100.00\n-\n100.00\n씨에스유통\n99.95\n-\n99.95\n롯데하이마트\n65.25\n-\n65.25\n롯데울산개발\n96.83\n-\n96.83\n롯데컬처웍스\n86.37\n-\n86.37\nLotte Cinema Hong Kong Co., Limited\n-\n100.00\n100.00\nLOTTE CINEMA VIETNAM CO., LTD.\n-\n90.00\n90.00\nPT. LOTTE CINEMA INDONESIA\n-\n100.00\n100.00\n롯데사내벤처펀드 1호\n18.78\n79.81\n98.59\n롯데디엠씨개발\n95.00\n-\n95.00\n롯데위탁관리부동산투자회사\n50.00\n-\n50.00\n롯데인천개발\n100.00\n-\n100.00\n롯데인천타운\n100.00\n-\n100.00\n롯데타운동탄\n100.00\n-\n100.00\nLotte (China) Management Co., Ltd.\n70.00\n-\n70.00\nLOTTE SHOPPING RUS Ltd.\n100.00\n-\n100.00\nLotte Shopping Holdings (Hong Kong) Co., Limited\n100.00\n-\n100.00\nLiaoning LOTTE Mart Co., Ltd.\n-\n100.00\n100.00\nJilin LOTTE Mart Co., Ltd.\n-\n100.00\n100.00\nLotte Business Management (Tianjin) Co., Ltd.\n-\n100.00\n100.00\nLotte Department Store (Shenyang) Co., Ltd.\n-\n100.00\n100.00\nLOTTE DEPARTMENT STORE (TIANJIN) CO., LTD.\n-\n100.00\n100.00\nLotte Department Store (Chengdu) Co., Ltd.\n-\n100.00\n100.00\nLotte Shopping Business Management (Hong Kong) Limited\n-\n100.00\n100.00\nLOTTE PROPERTIES (CHENGDU) HK LIMITED\n73.46\n-\n73.46\nLotte Properties (Chengdu) Limited\n-\n100.00\n100.00\nLOTTE SHOPPING HOLDINGS (SINGAPORE) PTE. LTD.\n100.00\n-\n100.00\nLOTTE VIETNAM SHOPPING JOINT STOCK COMPANY\n-\n99.99\n99.99\nPT. LOTTE SHOPPING INDONESIA\n-\n80.00\n80.00\nPT. LOTTE MART INDONESIA\n-\n100.00\n100.00\nPT. LOTTE Shopping Avenue Indonesia\n-\n100.00\n100.00\nLotte Shopping India Private Limited\n-\n100.00\n100.00\nLOTTEMART C&C INDIA PRIVATE LIMITED\n-\n100.00\n100.00\nLotte Shopping Plaza Vietnam Co., Ltd.\n-\n100.00\n100.00\nLOTTE HOTEL & RETAIL VIETNAM PTE. LTD.\n20.00\n40.00\n60.00\nLotte Holdings Hong Kong Ltd.\n-\n100.00\n100.00\nHAI THAHN - LOTTE COMPANY LIMITED\n-\n70.00\n70.00\nLOTTE E-COMMERCE VIETNAM CO., LTD\n-\n100.00\n100.00\nLOTTE PROPERTIES (HANOI) SINGAPORE PTE. LTD.\n80.00\n-\n80.00\nLOTTE PROPERTIES HANOI CO., LTD.\n-\n100.00\n100.00\n(2) 당분기와 전분기 중 특수관계자와의 거래내역은 다음과 같습니다.① 제 51(당) 기\xa0분기\n(단위:천원)\n특수관계 구분\n특수관계자명\n매출\n매입\n유무형자산취득\n기타수익(*1,4)\n기타비용(*4)\n주요주주\n롯데지주\n731,237\n-\n-\n-\n5,733,811\n호텔롯데\n19,976,597\n-\n41,788\n17,814\n10,043,479\n부산롯데호텔\n1,396,340\n-\n188,711\n-\n2,171,973\n소\xa0 계\n22,104,174\n-\n230,499\n17,814\n17,949,263\n종속기업\n우리홈쇼핑\n3,330,112\n-\n-\n-\n7,086,320\n롯데하이마트(*2)\n17,548,222\n-\n-\n184,866\n4,946\n롯데컬처웍스\n10,292,959\n-\n-\n318,023\n170,820\n롯데수원역쇼핑타운\n1,974,203\n-\n-\n-\n4,506,053\n씨에스유통\n28,434,558\n-\n-\n-\n73,937\n롯데인천개발\n8,680,967\n5,371\n-\n-\n57,297\n롯데위탁관리부동산투자회사\n-\n-\n-\n-\n4,020,941\n기타\n5,714,696\n-\n-\n1,121,785\n1,751,806\n소\xa0 계\n75,975,717\n5,371\n-\n1,624,674\n17,672,120\n관계기업\n에프알엘코리아\n8,479,133\n-\n-\n-\n4,582\n자라리테일코리아\n2,015,408\n-\n-\n-\n-\n롯데카드\n765,007\n-\n-\n132,085\n26,148,066\n소\xa0 계\n11,259,548\n-\n-\n132,085\n26,152,648\n그 밖의 특수관계자(*3)\n롯데제과\n2,097,296\n18,268,136\n-\n-\n1,552,414\n롯데칠성음료\n2,569,955\n11,861,523\n-\n10,365\n48,325\n롯데정보통신\n267,659\n11,083\n4,904,314\n-\n25,002,946\n코리아세븐\n672,298\n32,546\n-\n69,594\n141,018\n롯데지알에스\n2,818,628\n-\n-\n5,759\n661,998\n롯데자산개발\n6,168,358\n-\n369,000\n1,027,121\n3,031,968\n롯데물산\n5,855,041\n-\n-\n4,068\n8,792,234\n롯데역사\n4,990,490\n-\n-\n-\n72,671\n롯데상사\n65,759\n32,024,951\n-\n8,800\n64\n롯데건설\n125,729\n-\n22,867,692\n-\n446,999\n롯데푸드\n773,079\n25,766,978\n-\n-\n1,944,197\n롯데알미늄\n477\n1,226,266\n153,276\n-\n1,499,075\n롯데글로벌로지스\n616,517\n293,149\n-\n80,146\n60,140,296\n기타\n2,438,707\n1,289,782\n258,555\n21,797\n10,626,046\n소\xa0 계\n29,459,993\n90,774,414\n28,552,837\n1,227,650\n113,960,251\n합 계\n138,799,432\n90,779,785\n28,783,336\n3,002,223\n175,734,282\n(*1) 기타수익에는 유형자산 매각이 포함되어 있습니다.(*2) 당사는 상기 거래 외 당분기 중 롯데하이마트에 80,000천원의 상품권을 판매하였습니다.(*3)\xa0기업회계기준서 제1024호 특수관계자 범위에 따른 기타 특수관계자 및 범위에는 포함되지 않으나 독점규제 및 공정거래법에 따른 동일한 대규모기업집단 소속회사와 해외소재 계열회사가\xa0포함되어 있습니다.(*4)\xa0당사는 특수관계자와 리스계약을 체결하였으며, 이에 따라 기타수익 및 기타비용에 당분기 중 리스채권 상각에 따라 수취한 이자수익과 리스부채 상각에 따라 지급한 이자비용을 포함하고 있습니다.\n② 제 50(전) 기 분기\n(단위:천원)\n특수관계 구분\n특수관계자명\n매출\n매입\n유무형자산취득\n기타수익(*1,4)\n기타비용(*4)\n주요주주\n롯데지주\n486,306\n-\n-\n87,488\n6,069,711\n호텔롯데\n22,526,648\n-\n-\n19,228\n9,621,893\n부산롯데호텔\n1,639,961\n-\n-\n546,677\n4,481,934\n소계\n24,652,915\n-\n-\n653,393\n20,173,538\n종속기업\n우리홈쇼핑\n2,967,797\n-\n-\n-\n7,060,629\n롯데하이마트(*2)\n14,246,692\n-\n24,795\n8,427\n3,411\n롯데컬처웍스\n11,531,548\n-\n-\n9,831\n41,166\n기타\n6,789,788\n1,756,191\n-\n1,253,207\n6,991,028\n소\xa0 계\n35,535,825\n1,756,191\n24,795\n1,271,465\n14,096,234\n관계기업\n에프알엘코리아\n9,870,514\n-\n-\n-\n4,430\n자라리테일코리아\n2,958,338\n-\n-\n-\n-\n기타\n34,290\n-\n-\n-\n331,870\n소\xa0 계\n12,863,142\n-\n-\n-\n336,300\n그 밖의 특수관계자(*3)\n롯데제과\n1,636,782\n19,530,827\n17,310\n512\n1,286,577\n롯데칠성음료\n1,354,468\n12,664,047\n-\n29,079\n56,979\n롯데정보통신\n256,371\n-\n5,985,651\n-\n20,299,430\n롯데카드\n832,156\n-\n-\n160,273\n33,792,225\n코리아세븐\n886,369\n-\n-\n66\n37,837\n롯데지알에스\n3,299,369\n-\n-\n3,427\n320,013\n롯데자산개발\n6,201,991\n-\n492,000\n16,921\n3,155,379\n롯데물산\n5,873,317\n-\n-\n11,493\n8,598,153\n롯데역사\n2,193,630\n-\n-\n286,367\n77,987\n롯데상사\n103,870\n34,232,042\n-\n65,305\n1,811\n롯데건설\n179,647\n-\n28,922,911\n-\n10,517\n롯데푸드\n954,599\n24,552,872\n-\n-\n2,267,368\n롯데알미늄\n39,639\n1,667,893\n1,013,740\n-\n2,753,597\n기타\n9,639,404\n2,351,515\n1,690,664\n324,653\n71,035,698\n소\xa0 계\n33,451,612\n94,999,196\n38,122,276\n898,096\n143,693,571\n합 계\n106,503,494\n96,755,387\n38,147,071\n2,822,954\n178,299,643\n(*1) 기타수익에는 유형자산 매각이 포함되어 있습니다.(*2) 당사는 상기 거래 외 전분기 중 롯데하이마트에 7,931,000천원의 상품권을 판매하였습니다.(*3)\xa0기업회계기준서 제1024호 특수관계자 범위에 따른 기타 특수관계자 및 범위에는 포함되지 않으나 독점규제 및 공정거래법에 따른 동일한 대규모기업집단 소속회사와 해외소재 계열회사가\xa0포함되어 있습니다.(*4)\xa0당사는 특수관계자와 리스계약을 체결하였으며, 이에 따라 기타수익 및 기타비용에 전분기 중 리스채권 상각에 따라 수취한 이자수익과 리스부채 상각에 따라 지급한 이자비용을 포함하고 있습니다.\n(3) 당분기와 전분기 중 특수관계자와의 자금거래 내역은 다음과 같습니다.\xa0\n(단위:천원)\n특수관계 구분\n특수관계자명\n제 51(당) 기 분기\n제 50(전) 기 분기\n현금출자\n현금출자\n주식매각\n종속기업\n롯데위탁관리부동산투자회사\n-\n5,000,000\n-\nLotte Shopping Holdings(Singapore)\n-\n22,441,168\n-\nLotte Shopping Holdings (Hong Kong)Co., Limited\n-\n35,141,709\n-\n롯데컬처웍스\n-\n-\n44,603,490\n소\xa0 계\n-\n62,582,877\n44,603,490\n관계기업\n롯데스타트업펀드 1호\n600,000\n600,000\n-\n소\xa0 계\n600,000\n600,000\n-\n합 계\n600,000\n63,182,877\n44,603,490\n(4) 당분기말과 전기말 현재 특수관계자에 대한 채권ㆍ채무 내역은 다음과 같습니다.① 제 51(당) 기 분기\n(단위:천원)\n특수관계 구분\n특수관계자명\n채\xa0 권\n채\xa0 무\n매출채권\n기타채권\n리스채권\n매입채무\n기타채무\n리스부채\n주요주주\n롯데지주\n-\n266,387\n-\n-\n44,895,152\n34,667,244\n호텔롯데\n1,124,329\n45,253,770\n-\n564\n8,561,745\n255,928,979\n부산롯데호텔\n-\n19,949,118\n-\n-\n2,275,919\n25,076,572\n소\xa0 계\n1,124,329\n65,469,275\n-\n564\n55,732,816\n315,672,795\n종속기업\n우리홈쇼핑\n23,534,711\n156,216\n-\n1,211\n3,584,242\n-\n롯데하이마트\n3,744,493\n745,104\n17,455,856\n-\n15,774,140\n128,830\n롯데컬처웍스\n1,256,548\n456,622\n51,103,049\n-\n123,859,209\n995,604\n롯데수원역쇼핑타운\n-\n786,732\n-\n-\n822,370\n290,550,460\n씨에스유통\n10,102,637\n3,687,067\n-\n-\n1,036,204\n-\n롯데인천개발\n6,257,621\n2,064,750\n-\n-\n2,417,253\n17,454\n롯데위탁관리부동산투자회사\n-\n74,400,300\n-\n-\n5,012,124\n733,544,961\n기타\n1,184\n14,626,495\n-\n-\n1,964,316\n84,606,158\n소\xa0 계\n44,897,194\n96,923,286\n68,558,905\n1,211\n154,469,858\n1,109,843,467\n관계기업\n에프알엘코리아\n449,566\n397,716\n-\n-\n1,763,646\n-\n자라리테일\n-\n-\n-\n-\n2,438,220\n-\n롯데카드(*2)\n61,835,849\n369,390\n-\n-\n6,960,396\n-\n소\xa0 계\n62,285,415\n767,106\n-\n-\n11,162,262\n-\n그 밖의 특수관계자(*1)\n롯데제과\n-\n441,005\n-\n6,428,790\n1,747,780\n-\n롯데칠성음료\n1,612,731\n3,815,361\n-\n4,029,949\n8,702,111\n672,904\n롯데정보통신\n-\n16,791,397\n-\n53,730\n9,770,430\n4,061,505\n코리아세븐\n11,016\n166,133\n236,298\n30,863\n2,645,335\n6,500,070\n롯데지알에스\n126,173\n332,100\n1,038,031\n-\n6,098,060\n-\n롯데자산개발\n12,151\n4,610,787\n140,071,255\n-\n16,877,861\n2,650,329\n롯데물산\n-\n2,271,681\n-\n-\n5,305,292\n509,647,109\n롯데역사\n576,367\n10,620,476\n-\n-\n5,081,566\n9,824,984\n롯데상사\n-\n500,011\n-\n5,626,205\n290,989\n-\n롯데건설\n-\n4,003,479\n-\n-\n44,836,384\n1,107,965\n롯데푸드\n-\n1,211,829\n-\n7,601,864\n12,325,734\n979,643\n롯데알미늄\n524\n44,917\n-\n344,471\n626,351\n-\n롯데글로벌로지스\n-\n349,472\n-\n172,552\n21,977,555\n1,536,133\n기타(*3)\n46,326\n5,872,667\n633,862\n557,186\n121,460,256\n1,936,297\n소\xa0 계\n2,385,288\n51,031,315\n141,979,446\n24,845,610\n257,745,704\n538,916,939\n합 계\n110,692,226\n214,190,982\n210,538,351\n24,847,385\n479,110,640\n1,964,433,201\n(*1)\xa0기업회계기준서 제1024호 특수관계자 범위에 따른 기타 특수관계자 및 범위에는 포함되지 않으나 독점규제 및 공정거래법에 따른 동일한 대규모기업집단 소속회사와 해외소재\xa0계열회사가\xa0포함되어 있습니다.(*2) 매출채권 중 소비자매출에 대한 채권금액이 포함되어 있습니다.(*3) 기타채무 중 일본롯데에서 차입한 외화장기차입금 113,083,000천원이 포함되어 있습니다.\n② 제 50(전) 기\n(단위:천원)\n특수관계 구분\n특수관계자명\n채\xa0 권\n채\xa0 무\n매출채권\n기타채권\n금융리스채권\n매입채무\n기타채무\n리스부채\n주요주주\n롯데지주\n40,000\n220,788\n-\n-\n243,161\n29,088,373\n호텔롯데\n1,023,162\n49,006,547\n-\n-\n35,420,066\n272,997,132\n부산롯데호텔\n-\n20,090,216\n-\n-\n4,627,126\n28,427,388\n소\xa0 계\n1,063,162\n69,317,551\n-\n-\n40,290,353\n330,512,893\n종속기업\n우리홈쇼핑\n28,884,171\n183,683\n-\n-\n4,127,331\n-\n롯데하이마트\n2,210,811\n10,032,070\n18,130,628\n-\n11,225,002\n132,225\n롯데컬처웍스\n1,323,115\n476,795\n49,826,305\n83,700\n123,858,841\n1,030,901\n롯데수원역쇼핑타운\n-\n830,403\n-\n-\n1,025,660\n293,617,921\n롯데위탁관리부동산투자회사\n-\n74,400,300\n-\n-\n6,819,111\n747,130,664\n기타\n11,001,050\n20,761,067\n-\n1,946,270\n9,567,736\n85,656,407\n소\xa0 계\n43,419,147\n106,684,318\n67,956,933\n2,029,970\n156,623,681\n1,127,568,118\n관계기업\n에프알엘코리아\n647,970\n1,344,817\n-\n-\n15,125,146\n-\n자라리테일코리아\n-\n-\n-\n-\n6,657,219\n-\n롯데카드(*2)\n122,143,128\n438,385\n-\n-\n9,178,190\n-\n기타\n4,349\n6,759\n-\n-\n282,290\n6,427,422\n소\xa0 계\n122,795,447\n1,789,961\n-\n-\n31,242,845\n6,427,422\n그 밖의 특수관계자(*1)\n롯데제과\n41,294\n14,502\n-\n6,004,579\n1,889,700\n-\n롯데칠성음료\n998,287\n3,815,082\n-\n4,357,791\n8,691,646\n737,822\n롯데정보통신\n-\n88,449,960\n-\n71,633\n30,797,643\n4,941,571\n코리아세븐\n5,982\n92,897\n251,319\n-\n2,439,563\n-\n롯데지알에스\n366,951\n329,235\n1,074,272\n-\n8,051,188\n-\n롯데자산개발\n-\n6,841,345\n142,583,362\n-\n16,274,382\n2,730,202\n롯데물산\n1,958\n2,273,732\n-\n-\n5,642,811\n515,477,464\n롯데역사\n3,077,175\n8,935,894\n-\n-\n6,526,483\n10,038,338\n롯데상사\n-\n528,442\n-\n5,011,934\n45,608\n-\n롯데건설\n7,338\n4,027,491\n-\n-\n31,508,521\n1,192,871\n롯데푸드\n-\n1,348,855\n-\n6,474,081\n11,465,695\n1,042,292\n롯데알미늄\n106,728\n14,198\n-\n421,577\n1,599,938\n-\n기타(*3)\n50,681\n9,051,674\n657,230\n567,427\n144,777,445\n3,059,483\n소\xa0 계\n4,656,394\n125,723,307\n144,566,183\n22,909,022\n269,710,623\n539,220,043\n합\xa0 계\n171,934,150\n303,515,137\n212,523,116\n24,938,992\n497,867,502\n2,003,728,476\n(*1)\xa0기업회계기준서 제1024호 특수관계자 범위에 따른 기타 특수관계자 및 범위에는 포함되지 않으나 독점규제 및 공정거래법에 따른 동일한 대규모기업집단 소속회사와 해외소재\xa0계열회사가\xa0포함되어 있습니다.(*2) 매출채권 중 소비자매출에 대한 채권금액이 포함되어 있습니다.(*3) 기타채무 중 일본롯데에서 차입한 외화장기차입금 106,347,000천원이 포함되어 있습니다.\n(5) 당분기와 전분기중 특수관계자와의\xa0 리스채권의 회수, 리스부채의 지급금액은 다음과 같습니다.① 제 51(당) 기\xa0분기\n(단위:천원)\n특수관계 구분\n특수관계자명\n리스채권의 회수(*2)\n리스부채의 지급(*3)\n주요주주\n롯데지주\n-\n539,070\n호텔롯데\n-\n30,572,887\n부산롯데호텔\n-\n3,516,690\n소\xa0 계\n-\n34,628,647\n종속기업\n롯데컬처웍스\n1,469,130\n42,000\n롯데하이마트\n846,163\n4,290\n롯데수원역쇼핑타운\n-\n5,973,341\n롯데송도쇼핑타운\n-\n1,673,907\n롯데위탁관리부동산투자회사\n-\n18,597,575\n기타\n-\n6,228\n소\xa0 계\n2,315,293\n26,297,341\n그 밖의 특수관계자(*1)\n롯데자산개발\n3,539,228\n96,682\n롯데정보통신\n-\n1,064,421\n롯데물산\n-\n9,655,390\n롯데역사\n-\n394,537\n롯데렌탈\n3,777\n414,073\n기타\n82,278\n995,235\n소\xa0 계\n3,625,283\n12,620,338\n합\xa0 계\n5,940,576\n73,546,326\n(*1)\xa0기업회계기준서 제1024호 특수관계자 범위에 따른 기타 특수관계자 및 범위에는 포함되지 않으나 독점규제 및 공정거래법에 따른 동일한 대규모기업집단 소속회사와 해외소재\xa0계열회사가\xa0포함되어 있습니다.(*2) 금융리스채권 이자수익 수취금액이 포함되어 있습니다.(*3) 리스부채 이자비용 지급금액이 포함되어 있습니다.\n② 제 50(전) 기\xa0분기\n(단위:천원)\n특수관계 구분\n특수관계자명\n리스채권의 회수\n리스부채의 지급\n주요주주\n롯데지주\n-\n535,500\n호텔롯데\n-\n30,043,453\n부산롯데호텔\n-\n3,566,316\n소계\n-\n34,145,269\n종속기업\n롯데하이마트\n669,993\n4,290\n롯데컬처웍스\n1,036,094\n42,000\n롯데수원역쇼핑타운\n-\n5,806,813\n롯데송도쇼핑타운\n-\n1,641,813\n소\xa0 계\n1,706,087\n7,494,916\n관계기업\n롯데피에스넷\n-\n468,877\n그 밖의 특수관계자(*1)\n롯데물산\n-\n9,655,390\n롯데역사\n-\n427,301\n코리아세븐\n16,500\n-\n한국후지필름\n28,347\n-\n롯데건설\n-\n103,804\n롯데카드\n144,924\n-\n롯데정보통신\n-\n1,069,172\n롯데자산개발\n3,539,228\n73,773\n기타\n17,259\n1,756,782\n소\xa0 계\n3,746,258\n13,086,222\n합 계\n5,452,345\n55,195,284\n(*1)\xa0기업회계기준서 제1024호 특수관계자 범위에 따른 기타 특수관계자 및 범위에는 포함되지 않으나 독점규제 및 공정거래법에 따른 동일한 대규모기업집단 소속회사와 해외소재\xa0계열회사가\xa0포함되어 있습니다.\n(6) 당분기와 전분기 중 주요 경영진에 대한 보상의 내용은 다음과 같습니다.\n(단위:천원)\n구\xa0 분\n제 51(당) 기 분기\n제 50(전) 기 분기\n단기급여\n6,352,091\n8,040,325\n퇴직급여\n1,153,961\n1,042,130\n기타장기급여\n24,771\n102,538\n합 계\n7,530,823\n9,184,993\n(7) 당분기말 현재 당사가 특수관계자를 위해 제공하고 있는 담보 및 지급보증의 내역은 다음과 같으며, 특수관계자로부터 제공받고 있는 담보 및 지급보증은 없습니다.\n(외화단위:CNY,IDR,USD)\n특수관계구분\n회사명\n지급보증처\n지급보증금액\n보증기간\n비고\n종속기업\nLotte Department Store (Chengdu) Co., Ltd.\nKEB하나은행\nCNY 20,000,000\n2019년 05월 31일 ~ 2020년 05월 30일\n자금조달을 위한 지급보증\nKEB하나은행\nCNY 28,000,000\n2020년 02월 28일 ~ 2020년 05월 28일\nPT. Lotte Mart Indonesia\nBNP Paribas\nIDR 400,000,000,000\n2019년 04월 14일 ~ 2020년 04월 14일\nSC은행\nIDR 300,000,000,000\n2019년 04월 13일 ~ 2020년 04월 13일\nHSBC\nIDR 250,000,000,000\n2019년 04월 14일 ~ 2020년 04월 14일\nJP Morgan\nUSD 30,000,000\n2019년 05월 23일 ~ 2020년 05월 23일\nLotte Cinema Vietnam Co., Ltd.\nSC은행\nUSD 10,000,000\n2018년 04월 13일 ~ 2021년 04월 13일\nLotte Shopping Business Management (Hong Kong) Limited\n한국수출입은행\nUSD 300,000,000\n2017년 09월 05일 ~ 2020년 09월 05일\nLOTTE PROPERTIES (CHENGDU) HK LIMITED\nKB 국민은행\nUSD 165,000,000\n2020년 03월 13일 ~ 2021년 03월 12일\nNH 농협은행\nUSD 60,000,000\n2020년 03월 13일 ~ 2021년 03월 12일\n공동기업\nInternational Business Center Company Limited\n한국수출입은행\nUSD 12,000,000\n2019년 04월 05일 ~ 2020년 04월 03일\n(8) 당분기말 현재 당사는 롯데수원역쇼핑타운 자산담보부 기업어음증권(액면금액 220,000,000천원, 2021년 5월 28일 만기), 롯데인천타운 자산담보부 기업어음증권(액면금액 200,000,000천원, 2021년 2월 26일 만기), 자산담보부 단기사채(액면금액 100,000,000천원, 2021년 2월 26일 만기), 롯데울산개발 자산담보부 기업어음증권(액면금액 60,000,000천원, 2020년 4월 23일 만기), 롯데타운동탄 자산담보부대출(액면금액 620,000,000천원, 2021년 10월 28일 만기), 롯데인천개발 자산담보부 기업어음증권(액면금액 130,000,000천원, 2020년 6월 26일 만기), 롯데송도쇼핑타운 자산담보부 기업어음증권(액면금액 200,000,000천원, 2020년 6월 1일 만기)와 관련하여 발행사인 수원랜드마크제삼차, 엘아이티제일차, 케이에스제일차, 마스엘디제일차. 엘인천제삼차, 엘에스티제일차가 원리금 상환이 불가능한 경우 자금을 보충하는 약정을 체결하고 있습니다. 롯데타운동탄에 대한 자금보충약정에 따라서 당사의 신용등급유지조항을 충족하지 못하는 경우 기한의 이익을 상실할 수 있습니다.\n(9) 당사는 2014년부터 롯데수원역쇼핑타운 토지 임대차기간(20년) 동안 임대인에게 지급하여야 하는 임차료에 대하여 지급보증을 제공하고 있습니다.\n(10) 당분기 중 당사가 특수관계자로부터\xa0인식한\xa0배당수익은 다음과 같습니다.\n(단위:천원)\n특수관계 구분\n특수관계자명\n배당금\n종속기업\n우리홈쇼핑\n23,335,378\n롯데하이마트\n15,403,274\n롯데위탁관리부동산투자회사\n8,293,935\n소\xa0 계\n47,032,587\n관계기업\n롯데카드\n5,710,140\n소\xa0 계\n5,710,140\n합\xa0 계\n52,742,727\n(11) 당사와 롯데카드간 구매카드 거래내역은 다음과 같습니다.\n(단위:천원)\n구\xa0 분\n약정금액\n사용금액\n상환금액\n미결제금액\n구매카드 이용자\n240,000,000\n644,848,851\n644,848,851\n-\n30. 리스\n(1)\xa0재무상태표에 인식된 금액\n리스와 관련해 재무상태표에 인식된 주요 항목은 다음과 같습니다.\n(단위:천원)\n구 분\n제 51(당) 기 분기\n제 50(전) 기\n사용권자산\n\xa0토지\n427,145,926\n436,650,593\n\xa0건물\n4,903,396,716\n4,988,632,952\n\xa0차량운반구\n1,755,506\n1,175,317\n\xa0기타\n9,728,250\n11,050,324\n합 계\n5,342,026,398\n5,437,509,186\n투자부동산\n163,128,386\n117,201,046\n금융리스채권\n\xa0유동\n33,019,308\n28,591,659\n\xa0비유동\n213,461,863\n211,294,866\n합 계\n246,481,171\n239,886,525\n리스부채\n\xa0유동\n566,081,243\n552,513,360\n\xa0비유동\n5,776,977,523\n5,888,227,476\n합 계\n6,343,058,766\n6,440,740,836\n(2) 포괄손익계산서에 인식된 금액리스와 관련해서 포괄손익계산서에 인식된 주요 항목은 다음과 같습니다.\n(단위:천원)\n구 분\n제 51(당) 기 분기\n제 50(전) 기 분기\n사용권자산의 감가상각비\xa0\n\xa0토지 및 건물\n134,817,050\n142,720,941\n\xa0차량운반구\n395,989\n418,372\n\xa0기타\n1,705,887\n1,795,931\n합 계\n136,918,926\n144,935,244\n리스부채에 대한 이자비용\n43,887,749\n41,417,729\n단기ㆍ소액 리스료 등\n12,708,956\n15,508,175\n31. 보고기간후 사건(1) 당사 이사회는 2020년 4월 9일 영플라자 청주점에 대한 영업종료를 결의하였습니다.\n(2) 당사 이사회는 2020년 5월 14일 양주점, 천안아산점 등 마트 6개점에 대한 폐점을 결의하였습니다.\n']"
